filename,label
aaapwqhxli.mp4,0.24761460721492767
aabqcugcpc.mp4,0.11865692585706711
aabyjxwqyo.mp4,0.9833551645278931
aacehwwzol.mp4,0.8396045565605164
aacmrrcpmr.mp4,0.9805746078491211
aacweweyzz.mp4,0.8190258741378784
aadvqhdtxl.mp4,0.9843082427978516
aaeflzzhvy.mp4,0.9892464280128479
aaeucwtkdx.mp4,0.9849753379821777
aaferzprat.mp4,0.4463753402233124
aafuphyhpt.mp4,0.9839878678321838
aaghqpewzx.mp4,0.9839805960655212
aagsmskgyw.mp4,0.9269822239875793
aagundkpoh.mp4,0.9752918481826782
aahkgsltxw.mp4,0.960195779800415
aahzjreawd.mp4,0.9899889230728149
aaiqsitvnd.mp4,0.9892977476119995
aaivbtdyjn.mp4,0.17037850618362427
aaixesxaoj.mp4,0.9674308896064758
aajnpdqnlz.mp4,0.3855791985988617
aakjdfqwnu.mp4,0.9582877159118652
aakjukgjme.mp4,0.820192277431488
aakkhbgnjp.mp4,0.8239502906799316
aakzzdrumy.mp4,0.8913896679878235
aalhdlexwx.mp4,0.7221575975418091
aalkxecnzm.mp4,0.7406390309333801
aamjfukxwp.mp4,0.32349711656570435
aamvplpjbw.mp4,0.9897735118865967
aaonlmxhne.mp4,0.9897491931915283
aarrrzwibf.mp4,0.9604008197784424
aarsgjbafv.mp4,0.8714807033538818
aaszqdbdtk.mp4,0.6722322106361389
aatgqvvrta.mp4,0.9850285649299622
aatstfrpio.mp4,0.9847376346588135
aattrykxcr.mp4,0.9484890103340149
aavnkpdeaw.mp4,0.8803431987762451
aavuzodiub.mp4,0.8385109901428223
aavvshwqnn.mp4,0.9699207544326782
aawddjkkoz.mp4,0.26903435587882996
aawkmrlilr.mp4,0.9302302598953247
aawvkuxypy.mp4,0.9376606941223145
aaxrduwhbi.mp4,0.9591630101203918
aayuqaacef.mp4,0.9546709656715393
aayyqrkmow.mp4,0.8713515996932983
aazbmyxkzg.mp4,0.9668266177177429
aazkzzkbns.mp4,0.9844771027565002
aazsugjvjk.mp4,0.9888401031494141
abacmovtxb.mp4,0.9798398613929749
abbhzhtjru.mp4,0.9309837222099304
abbniyapop.mp4,0.9683470129966736
abcrqrbwih.mp4,0.37581706047058105
abcwetphux.mp4,0.8734939694404602
abdgairkrk.mp4,0.8748692274093628
abdqmdklio.mp4,0.9699304699897766
abepvlivgr.mp4,0.15179282426834106
abevkjwulb.mp4,0.9818816184997559
abfnyenqdw.mp4,0.754500150680542
abfwqxqcim.mp4,0.960259735584259
abganitbvj.mp4,0.8119980692863464
abgmiyhtth.mp4,0.9834994673728943
abgrdkbhch.mp4,0.9862685799598694
abgzebtpyw.mp4,0.9900000691413879
abhdaoikio.mp4,0.9889469146728516
abhlupreiy.mp4,0.9896372556686401
abhssqzhxu.mp4,0.5869088768959045
abhzleejiv.mp4,0.4597877860069275
abiihwztdo.mp4,0.16185003519058228
abiyemtwhw.mp4,0.9707390069961548
abjeigrfib.mp4,0.9771692752838135
abjhsmfczh.mp4,0.988394021987915
abjkxgezpu.mp4,0.9688612222671509
abjqjcvhwe.mp4,0.2605510354042053
abjsiiiydj.mp4,0.9592480659484863
abkclntljz.mp4,0.18990853428840637
abkepzubca.mp4,0.9686667323112488
abkjuustxy.mp4,0.9328761100769043
abkxlatant.mp4,0.9854586124420166
abkyekgdzs.mp4,0.7489699721336365
abmcjolywn.mp4,0.28248903155326843
abmdetdeok.mp4,0.9885790944099426
abnxwtqpya.mp4,0.8424482941627502
abpanedvow.mp4,0.15738044679164886
abqqjjoabz.mp4,0.9224365949630737
abrfkdizen.mp4,0.27808329463005066
abrzoxzceh.mp4,0.948763906955719
absbzgzmsf.mp4,0.9892647862434387
abshlmrtvt.mp4,0.32988235354423523
absujvyrdm.mp4,0.08358026295900345
abteztchqz.mp4,0.9628462195396423
abtrcaikve.mp4,0.32642748951911926
abtwfjsdra.mp4,0.9640935659408569
abvbbhojqz.mp4,0.9372485280036926
abvpqidzxi.mp4,0.2590916156768799
abwadcxlmj.mp4,0.8388324975967407
abwijcvcbe.mp4,0.9895524382591248
abwlafapkf.mp4,0.9511876702308655
abwvxlfyvh.mp4,0.8591732978820801
abxqxkuktx.mp4,0.9351176619529724
abxxxaobry.mp4,0.9768277406692505
abydcbpvfl.mp4,0.9453971982002258
abyewytpxo.mp4,0.9869242310523987
abzdscofnz.mp4,0.9503811001777649
abzkaeazro.mp4,0.9525234699249268
abzkauwmbl.mp4,0.09030105173587799
acanmekatk.mp4,0.9818468689918518
acbkbblbaj.mp4,0.3538913130760193
acbnunfplf.mp4,0.975593626499176
acboheogok.mp4,0.9408606290817261
acbztojjhi.mp4,0.8439105749130249
accfrqkrni.mp4,0.9900000095367432
acckjqyxad.mp4,0.920544445514679
accnrseufh.mp4,0.08558448404073715
acdichcibo.mp4,0.11247749626636505
acdinqwqvn.mp4,0.5897173285484314
acdsdxwpcv.mp4,0.18199165165424347
acdzvbtfpo.mp4,0.6372735500335693
acekdubprv.mp4,0.9566519856452942
acekgkqgdg.mp4,0.9389433264732361
acekqocukw.mp4,0.9884979724884033
acerazhyvo.mp4,0.9795988202095032
acesusftoa.mp4,0.8832530975341797
acfaxepklq.mp4,0.443060964345932
acfontkfbh.mp4,0.13759095966815948
acfwxwjowu.mp4,0.9900000095367432
acgdmcpqoe.mp4,0.29638591408729553
acgnyiipuz.mp4,0.9837549328804016
acgwaylwzk.mp4,0.31316232681274414
acgyspwyqr.mp4,0.9898926019668579
achejkrwas.mp4,0.9899999499320984
achekamhkd.mp4,0.5174218416213989
acirmhvmqj.mp4,0.6595792174339294
aciukwyoli.mp4,0.6415358185768127
aciymzujzb.mp4,0.9856081008911133
acjwdlpzob.mp4,0.5739754438400269
acjwolqjgw.mp4,0.967674732208252
acjxjweexj.mp4,0.9900000691413879
acldlsznmw.mp4,0.284359335899353
acledardkp.mp4,0.8674049973487854
aclrropsvm.mp4,0.7308656573295593
acmclypsqv.mp4,0.5
acnneviedl.mp4,0.11621683090925217
acnxphmsks.mp4,0.8432632088661194
acojangjjl.mp4,0.9647516012191772
acokjaojew.mp4,0.10161015391349792
acolsfrwgj.mp4,0.16535305976867676
acovzzymlu.mp4,0.9900000691413879
acpdtcpguj.mp4,0.9862532019615173
acqawykwfs.mp4,0.9683986306190491
acqpwmuogz.mp4,0.9847367405891418
acquouyxco.mp4,0.9309979677200317
acrlghmrkp.mp4,0.15374284982681274
acsgqmpdez.mp4,0.9900000095367432
actjhhywdl.mp4,0.7627855539321899
acubjjdopy.mp4,0.13573865592479706
acvfwpmvrw.mp4,0.9829846620559692
acvmhbulie.mp4,0.5825089812278748
acvsdjaqqq.mp4,0.909982442855835
acwbuvznwf.mp4,0.9781372547149658
acwctvmnlq.mp4,0.09127917885780334
acwegmlcgs.mp4,0.8254233598709106
acwgeumyoy.mp4,0.6110389232635498
acwrjqrixb.mp4,0.9875003099441528
acwyzobqer.mp4,0.9852591156959534
acxullwnzh.mp4,0.39525744318962097
acyjzyuamp.mp4,0.14378508925437927
acyvqflqkv.mp4,0.08805738389492035
acyybfjpmd.mp4,0.97614985704422
aczlzylqpq.mp4,0.8999584913253784
adalaxvwfv.mp4,0.9841465950012207
adamtvkcrt.mp4,0.8899251222610474
adaodkocvq.mp4,0.16499866545200348
adblmfjbta.mp4,0.7547501921653748
adbseuwqjt.mp4,0.9673557877540588
adcejihrnp.mp4,0.3986595869064331
adcomakgmc.mp4,0.5062884092330933
adcxgttehe.mp4,0.2927156388759613
addewzbsic.mp4,0.6174331903457642
addmkzupjn.mp4,0.9776696562767029
addsdoqtzo.mp4,0.9556002616882324
adetbwujux.mp4,0.9899998903274536
adfufsvmcl.mp4,0.9881958365440369
adfzvplbky.mp4,0.9899999499320984
adgpcfwhtf.mp4,0.9884949326515198
adgybhytzs.mp4,0.9346156120300293
adhmuoxxhp.mp4,0.9781032800674438
adjeohbzmp.mp4,0.9883794188499451
adjwiqxrfp.mp4,0.8671802282333374
adkbiscuoo.mp4,0.14993351697921753
adkmserist.mp4,0.30781039595603943
adkvpprwcz.mp4,0.8683900833129883
adlbyccevz.mp4,0.9453555941581726
adlrcdmybm.mp4,0.29220566153526306
adltvboxxd.mp4,0.9242908358573914
adnlomirjs.mp4,0.8930321335792542
adovxmilsk.mp4,0.9419974088668823
adplentlpv.mp4,0.9826021194458008
adprkekziz.mp4,0.9420188665390015
adqgbsyomi.mp4,0.11559735238552094
adqirczghu.mp4,0.9899999499320984
adrcjenxlz.mp4,0.32094794511795044
adrkthanlb.mp4,0.8904044032096863
adrqlckutl.mp4,0.9900000691413879
adrxofhuxi.mp4,0.7739577293395996
adsxwxeibr.mp4,0.9883161783218384
adtavmdgvg.mp4,0.20657619833946228
adtftvevja.mp4,0.9899927377700806
advhlnfwag.mp4,0.9891785979270935
advyjmiozx.mp4,0.9466444253921509
adwujlygpp.mp4,0.2796795070171356
adxeuzvvzb.mp4,0.12420162558555603
adxkyxkepg.mp4,0.8656818866729736
adyhhmmvxb.mp4,0.978387176990509
adyiotxxxu.mp4,0.9110579490661621
adylsrnsan.mp4,0.743370532989502
adzpdfkzaj.mp4,0.5832447409629822
aebhowazav.mp4,0.940229594707489
aebkhtsigw.mp4,0.16124829649925232
aebrgxdalw.mp4,0.9900000095367432
aebybbzzdp.mp4,0.8868544101715088
aectxtnhws.mp4,0.4402144253253937
aecunwnmcw.mp4,0.07815789431333542
aedcdpbyhq.mp4,0.851893424987793
aednqykqfh.mp4,0.9900000095367432
aeeesixhlh.mp4,0.9824196696281433
aeejycxkwb.mp4,0.9900000095367432
aeepmwyhkk.mp4,0.9896823167800903
aefjjvlmfe.mp4,0.9634559750556946
aefpqqxvbe.mp4,0.9304969906806946
aefxispfct.mp4,0.9718934297561646
aegeiboeus.mp4,0.5890017151832581
aegmpmgpje.mp4,0.9871675968170166
aeiagzdnun.mp4,0.8937578797340393
aeicdssqro.mp4,0.9548007845878601
aejqcnyktk.mp4,0.9748706817626953
aejtmxrtxs.mp4,0.9103707075119019
aekosfipob.mp4,0.9879516363143921
aekrohihxa.mp4,0.6998633146286011
aelegvxesy.mp4,0.9898311495780945
aemfpfwron.mp4,0.980873703956604
aenbgyszpv.mp4,0.3306836485862732
aendggysgf.mp4,0.9856574535369873
aenfqtmksu.mp4,0.9565392136573792
aenrudespm.mp4,0.9640578627586365
aeolxtsnfc.mp4,0.3410998582839966
aeoxlkxmyj.mp4,0.13097725808620453
aepixllcqi.mp4,0.8570568561553955
aeplbqxnge.mp4,0.918390154838562
aeqslfyyih.mp4,0.9500783085823059
aerabkktdg.mp4,0.9816105365753174
aerpisvqwx.mp4,0.9806843996047974
aetpnobkcv.mp4,0.9880039095878601
aeujbvkafe.mp4,0.981966495513916
aevbmlbayq.mp4,0.22087395191192627
aeviyhvand.mp4,0.9597644209861755
aevpdbbxoh.mp4,0.7938304543495178
aevqxxxhno.mp4,0.9824998378753662
aevxvajusj.mp4,0.8756818175315857
aewaxxdbjk.mp4,0.8850966095924377
aewkzkqmqj.mp4,0.6952366828918457
aexkdsocpo.mp4,0.7373213768005371
aexrhjvlfa.mp4,0.7885287404060364
aeydtyokjq.mp4,0.9878615736961365
aeyvvhevxe.mp4,0.36493155360221863
aeziwslgvt.mp4,0.9603947997093201
aezndieatk.mp4,0.5443180799484253
aezujunliw.mp4,0.9848401546478271
aezyoffjsd.mp4,0.9641697406768799
aezyquwuci.mp4,0.9876071214675903
afadqgujvi.mp4,0.9642773270606995
afaduxukbd.mp4,0.15368911623954773
afakjxsove.mp4,0.9155037999153137
afatmolcby.mp4,0.9856579899787903
afaxsgqksm.mp4,0.9248404502868652
afbscszraw.mp4,0.9786521792411804
afbxszoeml.mp4,0.7416711449623108
afchfngwuj.mp4,0.1194579228758812
afcldghkid.mp4,0.7985758185386658
afcwvndury.mp4,0.3407975435256958
afemctlakq.mp4,0.989364743232727
afeqcmrcww.mp4,0.9784670472145081
afetvyxndy.mp4,0.9278848171234131
affymoposl.mp4,0.7934457659721375
afgmszwvvg.mp4,0.9700230956077576
afhbouinds.mp4,0.9777814149856567
aficsrypiz.mp4,0.9900001287460327
afigzzlags.mp4,0.9435009956359863
afixxjdxef.mp4,0.913098931312561
afjiqyggtd.mp4,0.883283793926239
afkufwvefm.mp4,0.9899999499320984
aflonsoyfh.mp4,0.9836630821228027
aflspexpuy.mp4,0.9899469017982483
afmopoanwn.mp4,0.9850277304649353
afnkxiexxj.mp4,0.9696018099784851
afnzlmwxjr.mp4,0.9826061129570007
afolgdwiix.mp4,0.5112756490707397
afoqnvmfza.mp4,0.9879499673843384
afpjojmsxq.mp4,0.9875342845916748
afplylzzji.mp4,0.9897903800010681
afpqokzmev.mp4,0.5396199226379395
afqatecrhd.mp4,0.8512541055679321
afqaubpglg.mp4,0.9605263471603394
afrdmyapxj.mp4,0.9822951555252075
afrwahmczi.mp4,0.9872210621833801
afslhsyvcg.mp4,0.9750614762306213
afttgbsiqt.mp4,0.9761551022529602
afuskeckyt.mp4,0.13138628005981445
afuvfbnutt.mp4,0.9557425379753113
afvbadakux.mp4,0.9897151589393616
afvbnsjcyu.mp4,0.8450300693511963
afvlrevses.mp4,0.9829001426696777
afwakzqdin.mp4,0.9560160040855408
afwnbrjjpz.mp4,0.44116854667663574
afwxvdwyuc.mp4,0.901485025882721
afxuuxmywr.mp4,0.978026270866394
afynesbqqg.mp4,0.9628539681434631
afyywbpmoh.mp4,0.868668794631958
afzahsqjgi.mp4,0.9867337942123413
afztrudtkd.mp4,0.9878891110420227
agapxbbgnu.mp4,0.9699673056602478
agaqxbgman.mp4,0.2564575672149658
agayctninz.mp4,0.9514325857162476
agbcymftvq.mp4,0.9636340141296387
agblhurdrh.mp4,0.9899411201477051
agbpetxkrk.mp4,0.9597970843315125
agcdaizeff.mp4,0.9685976505279541
agcmwyvauk.mp4,0.18034379184246063
agcoyyzeju.mp4,0.1151798740029335
agdevdgwsm.mp4,0.6197502017021179
agdgtimgdl.mp4,0.9538343548774719
ageronljbq.mp4,0.9894571304321289
agfivzlsgp.mp4,0.8875452280044556
agfwadzxld.mp4,0.9813628196716309
agfyfocump.mp4,0.749864399433136
agfzapmdwv.mp4,0.48492512106895447
aggbmxhrgs.mp4,0.056514278054237366
aggiycwmvz.mp4,0.5979424715042114
aggpkjygfy.mp4,0.9847404956817627
aghcwdjoye.mp4,0.9809815883636475
aghjtpfofw.mp4,0.9877853393554688
aghqistaok.mp4,0.9740890860557556
agigxglzjk.mp4,0.9286893010139465
agiwssahrz.mp4,0.9403143525123596
agklhwhjog.mp4,0.8626176714897156
agkpbfcpiv.mp4,0.9894793629646301
agktbbxwla.mp4,0.9858782291412354
agkvcuntqw.mp4,0.7740792036056519
aglqdsqmim.mp4,0.8370632529258728
agmnmsiywb.mp4,0.9501519799232483
agnvcwmsli.mp4,0.0696803629398346
agomxvsluh.mp4,0.6767155528068542
agplobkyci.mp4,0.14133666455745697
agpvkgrgyj.mp4,0.853542685508728
agraudgvee.mp4,0.739704966545105
agrdrmjtrq.mp4,0.4977322518825531
agscxjuzvp.mp4,0.9889313578605652
agsjaljtfp.mp4,0.9473775625228882
agsotutjdj.mp4,0.8840631246566772
agsvesfhlc.mp4,0.9651859402656555
agswjtuhss.mp4,0.2599767744541168
agswocdgzj.mp4,0.9671452641487122
agtxxhgqyw.mp4,0.609795868396759
aguwbmeuzu.mp4,0.2354281097650528
aguxpzvexp.mp4,0.9893428087234497
agvggvwpgw.mp4,0.9200739860534668
agvncgirex.mp4,0.6901935338973999
agvqqmsyvo.mp4,0.9791962504386902
agwbtwcwwq.mp4,0.9837313294410706
agwonnvtov.mp4,0.9771380424499512
agwrmbdcom.mp4,0.34584513306617737
agyawnxlmv.mp4,0.8038290739059448
agycsxhdjp.mp4,0.7689483761787415
agyozdhdga.mp4,0.06267989426851273
agyrefuzye.mp4,0.9830702543258667
agzkdngoop.mp4,0.9899999499320984
agzpasxmwv.mp4,0.9757422208786011
ahalqtfixi.mp4,0.9498942494392395
ahanoygyei.mp4,0.07735997438430786
ahbdzvywry.mp4,0.743192732334137
ahbfnhuner.mp4,0.8033053278923035
ahbrmguujk.mp4,0.9452111721038818
ahccdihrje.mp4,0.8910210728645325
ahcptgydid.mp4,0.9195976257324219
ahdegpidyf.mp4,0.26049163937568665
ahencqpiin.mp4,0.864309549331665
ahepenxrrd.mp4,0.9782930016517639
ahfndeqsed.mp4,0.9697598218917847
ahfpwhmsok.mp4,0.988403856754303
ahfqnhrmbd.mp4,0.9881324172019958
ahfvmgltlg.mp4,0.9837749004364014
ahhjoedhbf.mp4,0.8306724429130554
ahhvwmilvv.mp4,0.8380141258239746
ahihejgaoi.mp4,0.9897400736808777
ahjankljtz.mp4,0.9577584266662598
ahjeixrwwo.mp4,0.9645064473152161
ahjgsdsldx.mp4,0.8872698545455933
ahkbgzabfg.mp4,0.9261492490768433
ahkcchuwqq.mp4,0.9893966317176819
ahlkrjkpvd.mp4,0.9892686605453491
ahnbazrjlj.mp4,0.9689615368843079
ahnhwpxegb.mp4,0.8621159791946411
ahnsqjtrce.mp4,0.9841766357421875
ahoqopgaey.mp4,0.9900000095367432
ahorlqgstq.mp4,0.15885025262832642
ahoyonpatk.mp4,0.9899410009384155
ahpaydsovz.mp4,0.9884529709815979
ahpnrwwibe.mp4,0.08404218405485153
ahpomwuuqc.mp4,0.9194064736366272
ahqausishe.mp4,0.9860559701919556
ahqoyfwmbj.mp4,0.9899469614028931
ahqwgdsqjn.mp4,0.09930811077356339
ahrroblasu.mp4,0.9312357306480408
ahtaeeesuo.mp4,0.2150644212961197
ahtkuwkjvc.mp4,0.9860467910766602
ahtrvxiaky.mp4,0.9425249695777893
ahujkugdci.mp4,0.9127089977264404
ahvatznenl.mp4,0.8993719816207886
ahvnjazgls.mp4,0.9540719389915466
ahvroxnbbr.mp4,0.9761115908622742
ahwyeumiuv.mp4,0.8901270627975464
ahxmhugdvi.mp4,0.9763928055763245
ahycbdxsmi.mp4,0.16608689725399017
ahyopyzjnc.mp4,0.9495820999145508
ahzfqirfkx.mp4,0.09781797975301743
ahzuhugjto.mp4,0.11964423209428787
aiaplmnzaz.mp4,0.7038500308990479
aiaxrvlchq.mp4,0.8778376579284668
aiaxyavqce.mp4,0.9559187293052673
aibcynuhkv.mp4,0.8455292582511902
aibxtmpppt.mp4,0.9530353546142578
aibyxmwvfw.mp4,0.977411687374115
aifkdzbaoh.mp4,0.8171462416648865
aifuqnayux.mp4,0.18744924664497375
aigfuneurk.mp4,0.400582492351532
aigncbayvh.mp4,0.987821102142334
aigufxcoyu.mp4,0.9732303023338318
aigvwkmsmp.mp4,0.8394238352775574
aihnytdica.mp4,0.34712672233581543
aiibawuqtp.mp4,0.5617786645889282
aiihfyykkb.mp4,0.7374159097671509
aiiqqfaihm.mp4,0.989693820476532
aijdqpqexk.mp4,0.9900000095367432
aijegkeygj.mp4,0.9675644040107727
aijmlfesyw.mp4,0.430914044380188
aijxucsclo.mp4,0.39544469118118286
aikcsvtwxj.mp4,0.07771369814872742
aildcyhkso.mp4,0.8995193243026733
ailhqhhqtl.mp4,0.9898239374160767
aimsrnwtvo.mp4,0.2887064218521118
aimvdfybka.mp4,0.9892648458480835
ainwxnaqlo.mp4,0.8916378617286682
aiovfueakc.mp4,0.30274152755737305
aipyyuyypd.mp4,0.8775971531867981
aiqilfmklp.mp4,0.9711254835128784
aiqjrdcrzi.mp4,0.6469787359237671
airktntzqp.mp4,0.9516124725341797
airnsbszvn.mp4,0.9735948443412781
aisjmesfqi.mp4,0.9731571078300476
aithjjsyax.mp4,0.8593044877052307
aitoysnomk.mp4,0.1851428598165512
aiucrzbces.mp4,0.963268518447876
aiuydkbjok.mp4,0.9881015419960022
aivslmwqcd.mp4,0.9510247707366943
aiyicetcoo.mp4,0.7959878444671631
aizcowqwmg.mp4,0.9899999499320984
aizdhhesnq.mp4,0.9304665327072144
aizythrjcu.mp4,0.9486815929412842
ajajvcjnlm.mp4,0.9469849467277527
ajbfsfwphp.mp4,0.9597433805465698
ajbmmkwnzf.mp4,0.36590248346328735
ajbtpylnqr.mp4,0.9894260168075562
ajbxbxcrdo.mp4,0.6955400109291077
ajcxyezjol.mp4,0.9899999499320984
ajflstmejh.mp4,0.9604873657226562
ajgilbyczx.mp4,0.9177237749099731
ajhezglysr.mp4,0.9680407643318176
ajhmvnssbb.mp4,0.1551140546798706
ajicammobe.mp4,0.8778246641159058
ajiljtvzao.mp4,0.4631340205669403
ajintjubct.mp4,0.9895171523094177
ajjnueuzlr.mp4,0.9899119734764099
ajkdcjnonp.mp4,0.20465685427188873
ajkfvjrqkh.mp4,0.98978590965271
ajkrquvpzn.mp4,0.986304521560669
ajmmfbufil.mp4,0.7532020211219788
ajmrksuirh.mp4,0.9625295996665955
ajmvszeaho.mp4,0.972283661365509
ajmzpbtjqg.mp4,0.8688614368438721
ajnbiohajd.mp4,0.9819546341896057
ajnchhutru.mp4,0.9864864349365234
ajnzuiktuo.mp4,0.9867709875106812
ajoqxfuxhi.mp4,0.5931856036186218
ajplbzrmld.mp4,0.3149871528148651
ajpzditips.mp4,0.9895303845405579
ajtbogddxv.mp4,0.9628208875656128
ajtgkeqmiz.mp4,0.8696988821029663
ajtuiopeww.mp4,0.9867351055145264
ajuczobjuj.mp4,0.9711986780166626
ajuqldphwa.mp4,0.1946708858013153
ajwbewcmwi.mp4,0.9222357869148254
ajwegzsjwr.mp4,0.9491062164306641
ajwfztlkxy.mp4,0.9494569301605225
ajwiijfltt.mp4,0.9881105422973633
ajwqejboet.mp4,0.9900001287460327
ajwydwvzvb.mp4,0.9460456967353821
ajxfwvzifj.mp4,0.9880707859992981
ajxkpwjgsy.mp4,0.9839470386505127
ajxkvlpgov.mp4,0.9762610793113708
ajxmlhcsqa.mp4,0.9732363820075989
ajxmoyqvmj.mp4,0.8970701694488525
ajxuotftix.mp4,0.8180125951766968
ajxzupgmgo.mp4,0.8734385967254639
ajyexgaimz.mp4,0.9707504510879517
ajygfujjfi.mp4,0.9899998307228088
ajzzikvfrj.mp4,0.9863842725753784
akaaoybeeq.mp4,0.9750506281852722
akaqyxcfep.mp4,0.9282278418540955
akaxdmtnod.mp4,0.9798268675804138
akbkrvrvbs.mp4,0.9768484234809875
akbqkjuopj.mp4,0.43725067377090454
akcebajhgd.mp4,0.921044111251831
akcjgnmrfr.mp4,0.9894827604293823
akcnpwdjjk.mp4,0.9893856048583984
akddowubef.mp4,0.32105907797813416
akdqrdkelr.mp4,0.9899999499320984
akdvkdoyoh.mp4,0.28310155868530273
akfostnsgl.mp4,0.6179963946342468
akfzfrevcc.mp4,0.9852393269538879
akgyyniqoz.mp4,0.9668157696723938
akhfhjgnnv.mp4,0.4048249423503876
akhpyauffl.mp4,0.9888505935668945
akhzndtglc.mp4,0.9795300364494324
akjimeoiox.mp4,0.9677360653877258
akjumsnpsh.mp4,0.9896589517593384
akknskjakh.mp4,0.9899999499320984
aklaysonru.mp4,0.9848520755767822
akmcyevhhf.mp4,0.9029445052146912
akmkcxguii.mp4,0.11286935210227966
akmteetttx.mp4,0.8987704515457153
aknblktwhg.mp4,0.9899998307228088
aknrpivxgd.mp4,0.9643561244010925
aknynjmtzb.mp4,0.9896368384361267
akpbyalynb.mp4,0.9213093519210815
akphckavlg.mp4,0.9643672704696655
akrabxcbds.mp4,0.6371557712554932
aksipjcmaq.mp4,0.929561197757721
aktakhpugu.mp4,0.9181661009788513
aktdcwdclx.mp4,0.22949111461639404
aktgcyeqeo.mp4,0.10721014440059662
akulaikjcg.mp4,0.9872345328330994
akulddirwt.mp4,0.952373743057251
akupygwxyv.mp4,0.9867903590202332
akvcrttvvo.mp4,0.11025761067867279
akvcvafqwk.mp4,0.47544270753860474
akverwmrdo.mp4,0.9737403392791748
akviyudhhp.mp4,0.7680121660232544
akvmwrdseh.mp4,0.2811598479747772
akwjimvvzy.mp4,0.9813177585601807
akxtsuinpj.mp4,0.15386930108070374
akxztlfsks.mp4,0.9621197581291199
akyhfvfflu.mp4,0.9512086510658264
akyjotmrcu.mp4,0.6601886749267578
akyuzdjjvj.mp4,0.9900000691413879
akzctljlag.mp4,0.9817424416542053
alaqopxmhw.mp4,0.8852778077125549
alaxwpwdyb.mp4,0.8197479844093323
albmkgvkhm.mp4,0.9871916770935059
alceyaduzi.mp4,0.9881002306938171
alclpnubdd.mp4,0.9592324495315552
alddoocxqo.mp4,0.8222856521606445
aldnupmnka.mp4,0.8960033655166626
aldxnorbdp.mp4,0.7362610101699829
aledotxnmz.mp4,0.9492580890655518
aleiiisdzv.mp4,0.7945542931556702
alevzwjovd.mp4,0.9854974746704102
aleynhequh.mp4,0.8629170060157776
alezaywuxv.mp4,0.8818280696868896
alfoimlaul.mp4,0.9271461963653564
algcxuxkge.mp4,0.850058376789093
algkqmxdkj.mp4,0.9883041381835938
alidbnaydf.mp4,0.9549835324287415
aljukgvthe.mp4,0.9837793707847595
aljyahbmje.mp4,0.9302807450294495
alkeuibdtl.mp4,0.10651609301567078
alkhjykzhv.mp4,0.9896436929702759
allbpxjonx.mp4,0.2962622344493866
allzkplefm.mp4,0.9599037766456604
alpjodptvs.mp4,0.8226927518844604
alpmztosny.mp4,0.8235452175140381
alqbgeothz.mp4,0.9893505573272705
alqqvruble.mp4,0.9618967771530151
alrhucxcnv.mp4,0.0998469665646553
alrjjpkdwb.mp4,0.18144285678863525
alrtipudhw.mp4,0.9775881171226501
alrygoogve.mp4,0.9862837791442871
alseiqnfnc.mp4,0.9900000095367432
altfvrpmxe.mp4,0.9898247122764587
altqelkpqj.mp4,0.9206946492195129
altsldzvrj.mp4,0.9767100811004639
altttvjaxx.mp4,0.9772185683250427
alunlwxvze.mp4,0.9793962836265564
alvbydoswv.mp4,0.9606624245643616
alveuecehk.mp4,0.7371986508369446
alvqhgaeeu.mp4,0.9108262062072754
alvtzfofgl.mp4,0.6811110377311707
alvymawvku.mp4,0.9733324646949768
alwawapjwq.mp4,0.9693610668182373
alxhjctmkg.mp4,0.9897363185882568
alxiptcihe.mp4,0.8276447653770447
alxzfebwcx.mp4,0.9850878119468689
alybjlhtmt.mp4,0.983070433139801
alygipvchi.mp4,0.971127986907959
alypwytrnl.mp4,0.28644832968711853
alyxfsgfab.mp4,0.9900000691413879
alzajhomle.mp4,0.9646040797233582
alzbizkswy.mp4,0.6764910221099854
alzoglbicl.mp4,0.9158974289894104
alzrreiirg.mp4,0.9576050639152527
alzsiirjyn.mp4,0.17786477506160736
ambmklrhtt.mp4,0.9446555972099304
amckcjeoee.mp4,0.9805750846862793
amdflcvyaf.mp4,0.9751613736152649
amdkokqlfq.mp4,0.8920130133628845
amdlrymezn.mp4,0.6990137100219727
amdoecgegz.mp4,0.9155364036560059
amdomkmlov.mp4,0.8227899074554443
amdrqfyqgr.mp4,0.9345002770423889
amdsocyvfq.mp4,0.9852621555328369
amecqqixzs.mp4,0.9259963035583496
amgffqquxp.mp4,0.6055497527122498
amgvrxpnsj.mp4,0.9274328947067261
amhaovcmkc.mp4,0.09214872866868973
amiqkliwtf.mp4,0.7623876929283142
amivrvwesd.mp4,0.743891716003418
amkhfybfxf.mp4,0.9894566535949707
amkvbktnmb.mp4,0.22841420769691467
amlkmjcbsg.mp4,0.9765564799308777
amlxclbtvg.mp4,0.865521252155304
amlxxdddxe.mp4,0.9900001287460327
ammcdfkxfl.mp4,0.9880587458610535
ammsbhroun.mp4,0.9554116129875183
amnlztdajc.mp4,0.22573477029800415
amnzjdtmtg.mp4,0.3065500855445862
amocgevapl.mp4,0.9827394485473633
amooumaljz.mp4,0.8864221572875977
amoyritjif.mp4,0.985698938369751
ampejireoy.mp4,0.18531166017055511
amptorfnua.mp4,0.9899998903274536
ampwuteugc.mp4,0.9111396670341492
amsrzsvcij.mp4,0.8189980387687683
amujoiikax.mp4,0.9900000691413879
amukqwhssg.mp4,0.9278751611709595
amumyipktv.mp4,0.9359897375106812
amvskovhei.mp4,0.8875597715377808
amwmnvuftj.mp4,0.9607398509979248
amwqklteuh.mp4,0.9350098371505737
amxeybwksq.mp4,0.8739208579063416
amxtgpskys.mp4,0.6680530309677124
amxuvbrmfj.mp4,0.910636305809021
amzkbxslyy.mp4,0.9836412668228149
amzlsaeqee.mp4,0.9851987957954407
amzrqwbvqq.mp4,0.9091421961784363
anaagxljms.mp4,0.9801875948905945
anaykjgpmk.mp4,0.9332538843154907
anbkhkungt.mp4,0.9541153311729431
anbteaeopm.mp4,0.9332308769226074
andnipfbgy.mp4,0.19297614693641663
andzbwhpem.mp4,0.9900000095367432
aneiwfhzlo.mp4,0.9754548072814941
anfupdhmyr.mp4,0.6367587447166443
angajnjmxi.mp4,0.8000988364219666
angqjpzdts.mp4,0.9831583499908447
angygvuwwn.mp4,0.9782207608222961
anitiqaike.mp4,0.7821058630943298
anjajlmrio.mp4,0.9893084764480591
anjlxbnxpo.mp4,0.9248666167259216
anjzjprypc.mp4,0.9834298491477966
anjzzdyhno.mp4,0.16711653769016266
ankeipmksk.mp4,0.9892613291740417
ankjkezbvp.mp4,0.8929877281188965
ankmhqwytc.mp4,0.9640506505966187
ankndwoptl.mp4,0.9613282680511475
ankyspxepw.mp4,0.9674578309059143
anldmbjxxt.mp4,0.31735655665397644
anmonywvkk.mp4,0.7865283489227295
anmqqumghf.mp4,0.8790030479431152
annrepersn.mp4,0.5878048539161682
annsmfhdgk.mp4,0.08925735950469971
annxqhdget.mp4,0.9881994724273682
anokulqnvk.mp4,0.9626116156578064
anpptpyvxe.mp4,0.8688360452651978
anrerutgdg.mp4,0.6047791242599487
anrlivgkfq.mp4,0.969728410243988
ansoiwvrqm.mp4,0.7254340648651123
antlihmfhm.mp4,0.9900000095367432
antpydooxs.mp4,0.9871323704719543
antzbewqab.mp4,0.6740618348121643
anuwikwvow.mp4,0.9899817109107971
anvjqfsmcr.mp4,0.9632715582847595
anvlfhrwpv.mp4,0.9897049069404602
anvoqxldcw.mp4,0.9897068738937378
anvzovvyug.mp4,0.9767020344734192
anwgwhqtif.mp4,0.08839410543441772
anwjjhmbqt.mp4,0.24524840712547302
anwrkkclze.mp4,0.9867247343063354
anwtfblvbr.mp4,0.9842049479484558
anwxwllvfg.mp4,0.878219723701477
anxeqgmacn.mp4,0.9514021873474121
anycsvryvs.mp4,0.12097103893756866
anyeaafmht.mp4,0.985262393951416
anyhkuudjx.mp4,0.3830028772354126
anytvmbxsa.mp4,0.9894055724143982
anzenqcwqo.mp4,0.6490470170974731
anznjoyqhx.mp4,0.9214359521865845
anzukkbyvj.mp4,0.9780935049057007
anzwccijbl.mp4,0.8465180397033691
aoahphnoed.mp4,0.9896036982536316
aoaigusywb.mp4,0.9817221164703369
aoamhavbyb.mp4,0.8380143642425537
aoaqpznmgn.mp4,0.9852787852287292
aodheokfzn.mp4,0.9334174990653992
aodijlfnur.mp4,0.989848256111145
aodjxpwsng.mp4,0.9721257090568542
aodpwamaqd.mp4,0.9653417468070984
aodqhsxdgk.mp4,0.9451308846473694
aodrcrvodk.mp4,0.9577615857124329
aodscsqoyc.mp4,0.45477667450904846
aoeuvrhatp.mp4,0.6752922534942627
aoevmbkult.mp4,0.1618996262550354
aofijxylul.mp4,0.9834033250808716
aofjdfbvsf.mp4,0.8812330365180969
aofqqeiisz.mp4,0.9699439406394958
aogedidtxq.mp4,0.9282132983207703
aogeoiljkt.mp4,0.9773693084716797
aogsgxgjij.mp4,0.9809199571609497
aogwcxcdcv.mp4,0.8813381195068359
aohxiyjceo.mp4,0.9709857106208801
aoiejhrhmt.mp4,0.9584242701530457
aoigsecafe.mp4,0.27150505781173706
aojabqhgsp.mp4,0.1697017401456833
aojlfcewvk.mp4,0.9712602496147156
aokalwxzig.mp4,0.8798711895942688
aokgqgryat.mp4,0.409595787525177
aolbdipqql.mp4,0.9898747801780701
aolhuwcdwv.mp4,0.9458463191986084
aomdezxgzc.mp4,0.8486834168434143
aomhbqppxn.mp4,0.9737467765808105
aomowspatw.mp4,0.9369648694992065
aomsunroqu.mp4,0.9631917476654053
aonfdzjsem.mp4,0.984481692314148
aonprngsys.mp4,0.9900001883506775
aopirydans.mp4,0.8329837918281555
aopvrfrydo.mp4,0.9897809028625488
aoqbcjoqjh.mp4,0.8726233243942261
aoqzxlwvmi.mp4,0.2598373591899872
aosmlwbjrc.mp4,0.9883643388748169
aouzlroqzt.mp4,0.9895143508911133
aovdrmcokm.mp4,0.9862056374549866
aovrlwlzpr.mp4,0.14406773447990417
aovruftlxk.mp4,0.10321103781461716
aovskzsqqy.mp4,0.9709112048149109
aoxcttbsju.mp4,0.7323386669158936
aoxjbzqjey.mp4,0.9805901050567627
aoxjeneofv.mp4,0.8068004846572876
aoxltdxgll.mp4,0.9889253973960876
aoybdbmisp.mp4,0.8050883412361145
aoydavjcbz.mp4,0.6504242420196533
aoyoopetdx.mp4,0.2640760838985443
aoyvghuegg.mp4,0.9463128447532654
aozliqzela.mp4,0.9843758344650269
apansjedym.mp4,0.2651577591896057
apasrbjbwu.mp4,0.9845451712608337
apaubiovvf.mp4,0.9761049151420593
apaxorirnn.mp4,0.9745389223098755
apbjpqiswq.mp4,0.9387668371200562
apcjdaqzwa.mp4,0.7913316488265991
apcqyakznt.mp4,0.8601605892181396
apddumqkmt.mp4,0.924923837184906
apdmamltet.mp4,0.9900000691413879
apdowqkvix.mp4,0.8973288536071777
apeeelwdlp.mp4,0.9440991878509521
apfcpcyonw.mp4,0.9875184297561646
apfdcxttpz.mp4,0.33415666222572327
apfgnkqiks.mp4,0.9850519895553589
apfribzdle.mp4,0.6854789853096008
apfwbpnetp.mp4,0.9070121645927429
apgbfczjzd.mp4,0.8102805018424988
apgbzciuhr.mp4,0.9290102124214172
apgqqohtno.mp4,0.978400707244873
apgwlpvvwt.mp4,0.9725387692451477
aphwcjltag.mp4,0.9900000691413879
apifhdspiu.mp4,0.9875488877296448
apjovfzzft.mp4,0.7535697221755981
aplfgrenfv.mp4,0.9832274913787842
aplurzejra.mp4,0.9846495985984802
apmowtywei.mp4,0.8280319571495056
apmoyovxid.mp4,0.5363730788230896
apmytvgnaj.mp4,0.9814566373825073
apnbrekjfa.mp4,0.8280428647994995
apnluiftyn.mp4,0.983009934425354
apofytyhxk.mp4,0.9900000691413879
apojgziubj.mp4,0.967284083366394
apowswlyzi.mp4,0.819302499294281
appvffejyy.mp4,0.19399316608905792
aprtfacuwr.mp4,0.9881608486175537
aprylcdijv.mp4,0.987903892993927
apscwnwndu.mp4,0.9047567248344421
apsjgjohkd.mp4,0.9771547913551331
apswbbedxn.mp4,0.9802864193916321
aptjgrmarh.mp4,0.9120765328407288
aputskujlt.mp4,0.989893913269043
apvhgeulvy.mp4,0.9805671572685242
apvktqqhcq.mp4,0.9875472784042358
apxcatgxts.mp4,0.9850887656211853
apxrqexuvg.mp4,0.7487149238586426
apycffuwrg.mp4,0.5984694361686707
apyzikguhs.mp4,0.9160290360450745
apzltxnnfe.mp4,0.8848170638084412
apztusvlxo.mp4,0.9053255915641785
aqakglyrht.mp4,0.7720146775245667
aqaqgzihfa.mp4,0.46877241134643555
aqbcsxrsjx.mp4,0.8417468070983887
aqcajigjfm.mp4,0.8480722904205322
aqdgarsevm.mp4,0.21100729703903198
aqdnmfsdaw.mp4,0.9849912524223328
aqeecyhmzd.mp4,0.974556565284729
aqegtqxxdj.mp4,0.9888951778411865
aqeukjoshi.mp4,0.7308787107467651
aqfeqkckjs.mp4,0.9744853377342224
aqfimhexfc.mp4,0.9897430539131165
aqfknwdsjr.mp4,0.9895979166030884
aqfnbkwyct.mp4,0.9900000095367432
aqfnfsbqft.mp4,0.16630972921848297
aqgjounhqv.mp4,0.17730271816253662
aqhaqkqbsn.mp4,0.9285296201705933
aqhbszcpal.mp4,0.9114752411842346
aqhlpyacll.mp4,0.23367939889431
aqipkezofh.mp4,0.9899999499320984
aqixnwknzx.mp4,0.8392465114593506
aqjjfkydvf.mp4,0.5831985473632812
aqjpwskcci.mp4,0.9900000095367432
aqjzqcfosw.mp4,0.9439675807952881
aqkvqvmxta.mp4,0.7774089574813843
aqlfwgrjbg.mp4,0.8631733655929565
aqmdamzkzw.mp4,0.6781971454620361
aqmdrnrunl.mp4,0.9214962720870972
aqmzquqqzi.mp4,0.12616129219532013
aqoaolvbwr.mp4,0.453413188457489
aqoiohqcbj.mp4,0.8797610402107239
aqooxilfzc.mp4,0.9254974126815796
aqozyybzlr.mp4,0.23389913141727448
aqpcbawfuc.mp4,0.9246346354484558
aqpfnbapix.mp4,0.8412389755249023
aqpgiwkfuc.mp4,0.5146243572235107
aqpjdjnvky.mp4,0.23220017552375793
aqqkokuaar.mp4,0.9597939848899841
aqquulzxpp.mp4,0.854546308517456
aqrzuafttg.mp4,0.954748272895813
aqsgzoxyok.mp4,0.2714303433895111
aqsjhodxqh.mp4,0.12362511456012726
aqsnonrndh.mp4,0.5932407379150391
aqsoyqygky.mp4,0.09709617495536804
aqsrbioktt.mp4,0.9570754170417786
aqtavzvdbv.mp4,0.9305202960968018
aqtwaoeacu.mp4,0.9361146688461304
aqujbitkrd.mp4,0.9402129650115967
aquooykzmc.mp4,0.3673545718193054
aqvaysmpzk.mp4,0.27725666761398315
aqviuapbyq.mp4,0.7043423056602478
aqvjwcnmgn.mp4,0.9330113530158997
aqvywunszy.mp4,0.9826990962028503
aqwfpoewqb.mp4,0.7836073040962219
aqwfxoqtqu.mp4,0.9828432202339172
aqwziiggkr.mp4,0.18764273822307587
aqxqtiahts.mp4,0.8606828451156616
aqybwsiyfy.mp4,0.9895220994949341
aqyemwessu.mp4,0.8512880206108093
aqymrqseqg.mp4,0.47254928946495056
aqyqaqjvkr.mp4,0.8937861323356628
aqzbjebvhu.mp4,0.2950660288333893
aqzkiwfvlv.mp4,0.24355965852737427
aqzwjwqwuq.mp4,0.8911837935447693
arawwqrgxr.mp4,0.9759016036987305
arbeiwacbk.mp4,0.9310988187789917
arcigchzav.mp4,0.9112963676452637
ardfibzljb.mp4,0.21793414652347565
ardkbqszob.mp4,0.9864010810852051
arebkvnjtb.mp4,0.9889758229255676
aretvijthh.mp4,0.22491267323493958
arfdnjtlop.mp4,0.979758620262146
arflgfcnkg.mp4,0.947535514831543
argfibbhsp.mp4,0.9831743240356445
argpgzyddc.mp4,0.7399018406867981
argxbsvrps.mp4,0.7069711685180664
arhbstyqkw.mp4,0.9899864196777344
arhxaejjgk.mp4,0.8541876077651978
arixtqglae.mp4,0.9662072658538818
arjdbfrxvu.mp4,0.9799808859825134
arjhugbkjr.mp4,0.976050615310669
arjihnnsxp.mp4,0.9844209551811218
arkvqylmce.mp4,0.9666091203689575
armthxafvt.mp4,0.9616023302078247
arnoeknrix.mp4,0.9507548809051514
arnshkdhmt.mp4,0.9203177094459534
arnxqwlhhy.mp4,0.9847308993339539
arnynohkiq.mp4,0.8356260657310486
arovnvjxul.mp4,0.9899859428405762
arovusxbcb.mp4,0.12283853441476822
arowpzepzu.mp4,0.7121793627738953
arpkmdcyta.mp4,0.9756758213043213
arqadmwicu.mp4,0.0971163809299469
arqbrqbjtt.mp4,0.9847984910011292
arqhhrzzfe.mp4,0.9807990789413452
arqigrccnb.mp4,0.7981845140457153
arqkfspbhv.mp4,0.9115533232688904
arrflbwjau.mp4,0.9894344210624695
arruqttjtu.mp4,0.7001557350158691
arruxldloh.mp4,0.9880315065383911
arskgfjbig.mp4,0.983452558517456
arstrttqeg.mp4,0.9876125454902649
arsyutncba.mp4,0.7669162750244141
artyhhqalj.mp4,0.9726593494415283
aruvraefdk.mp4,0.28310421109199524
aruyyclubn.mp4,0.959178626537323
arvezfgabn.mp4,0.9826152324676514
arwefyghir.mp4,0.5240299105644226
arwiyweadv.mp4,0.12055850028991699
arxtdzaufb.mp4,0.9897692203521729
aryesdeggf.mp4,0.9513954520225525
aryxrnnlsr.mp4,0.9300419688224792
aryycfonig.mp4,0.9569737911224365
arzibochtu.mp4,0.977830171585083
arzmfjryua.mp4,0.9899998903274536
asaatlgelc.mp4,0.9897095561027527
asabhwhxbh.mp4,0.9548726677894592
asahxwzgiu.mp4,0.9784237742424011
asanbqerkb.mp4,0.9782587289810181
asarlqgmqi.mp4,0.9802408814430237
asbrrnbkbn.mp4,0.774485170841217
ascrpmppub.mp4,0.5000020265579224
asddammewq.mp4,0.35626181960105896
asdfeigenc.mp4,0.9900000095367432
asdinxfscu.mp4,0.9852684140205383
asdobemvhs.mp4,0.7944835424423218
asebjkxyih.mp4,0.9380027055740356
asetdhavnb.mp4,0.520916759967804
asewdghwiy.mp4,0.5525587797164917
asewluvyef.mp4,0.6803496479988098
asezorxmhf.mp4,0.18794368207454681
asfdlwrfhj.mp4,0.9754179120063782
asfhofohez.mp4,0.9870159029960632
asgsjbpgdn.mp4,0.989241361618042
asgzesadhh.mp4,0.5287681221961975
ashqrawqub.mp4,0.897098958492279
ashuwsyjoy.mp4,0.8070685863494873
asiuftijhs.mp4,0.9886589050292969
asiwswrgnh.mp4,0.9355031847953796
asiwzzmvey.mp4,0.9900000095367432
asjekccfmc.mp4,0.9350668787956238
asjwojmbtw.mp4,0.8984911441802979
askalizlde.mp4,0.9880359768867493
askbwhvcty.mp4,0.9895665645599365
askydwekiz.mp4,0.7814037203788757
aslagfljgq.mp4,0.5452610850334167
aslokfrsbj.mp4,0.8568037748336792
aslxmgtptv.mp4,0.9592078924179077
asmturwvvg.mp4,0.3967379629611969
asnhojocyk.mp4,0.9880737066268921
asokwizksz.mp4,0.9164742827415466
asopsoelan.mp4,0.14615805447101593
asownnwcfl.mp4,0.4323076903820038
aspqeufuad.mp4,0.9858722686767578
aspxqtipuv.mp4,0.9459996223449707
asquqxqfgt.mp4,0.9875253438949585
asrdxfgoax.mp4,0.11566850543022156
asrqbwjtvi.mp4,0.8768045902252197
asrqdjylvs.mp4,0.5818871259689331
assetebyvu.mp4,0.8984512686729431
asswuixayc.mp4,0.9871597290039062
astmemhkkb.mp4,0.9828806519508362
astngczbtb.mp4,0.9443908929824829
astsglvnfu.mp4,0.9877128005027771
astycpcvjv.mp4,0.961823046207428
asunvzmjhu.mp4,0.9805033802986145
asusdwxyxp.mp4,0.8487792015075684
asvuutypvz.mp4,0.9760254621505737
asvzmbozcs.mp4,0.9714281558990479
aswennsiif.mp4,0.9061270952224731
aswtwwuiva.mp4,0.8800298571586609
asyjnjjldz.mp4,0.9717162251472473
asyngyvjas.mp4,0.9780125021934509
asytpbwdda.mp4,0.9293913245201111
aszpchzkyg.mp4,0.7690642476081848
aszpjdkvys.mp4,0.9149717688560486
aszsocbkpa.mp4,0.9782454371452332
atabwvdlhh.mp4,0.7087995409965515
atafcwjaia.mp4,0.9644100069999695
atahzrvlsa.mp4,0.9628421068191528
ataynkhdcf.mp4,0.8763015270233154
atcvvcoejg.mp4,0.07143483310937881
atdhxneulh.mp4,0.9900000095367432
atdtoujvdc.mp4,0.6524132490158081
atdwnhxgoe.mp4,0.9671651124954224
atedpzfvyf.mp4,0.12552312016487122
ateeagebpq.mp4,0.9881168007850647
ateioktfar.mp4,0.931337833404541
atfajwqeit.mp4,0.982898473739624
atfocoqgmu.mp4,0.9843922853469849
atfsetbxac.mp4,0.988920271396637
atfuphvjft.mp4,0.8548294901847839
atgawbaspu.mp4,0.9689459800720215
atgfhmgkjo.mp4,0.9836916923522949
atglxemkyw.mp4,0.9769759178161621
athaasdqvu.mp4,0.9465233683586121
athhvgvtxe.mp4,0.9875260591506958
athlwavnyb.mp4,0.9676653742790222
athwwvrhcv.mp4,0.909569263458252
atigpbfytt.mp4,0.9830660223960876
atixaudngu.mp4,0.1601579487323761
atjrilmghp.mp4,0.974759578704834
atksribkip.mp4,0.9871687889099121
atkvnzjywz.mp4,0.7790958285331726
atlgptyibs.mp4,0.0962788313627243
atlinzpgiq.mp4,0.9900000095367432
atmalptsdf.mp4,0.9428238868713379
atmjyaldyf.mp4,0.9747447371482849
atmqdcgwaj.mp4,0.5695410370826721
atndkfaexa.mp4,0.5736305117607117
atoeqixpui.mp4,0.7992584109306335
atoguadykn.mp4,0.9819756150245667
atorvfmqtw.mp4,0.9522050023078918
atpavsukgc.mp4,0.9337153434753418
atptcqosxk.mp4,0.957298755645752
atqiwttwse.mp4,0.9890082478523254
atqtjhcjok.mp4,0.7220391035079956
atrcstuvme.mp4,0.6163330674171448
atrelvkevy.mp4,0.1682700216770172
atrfdylqcc.mp4,0.9726327061653137
atrssikhoy.mp4,0.08717092126607895
atsoxhthal.mp4,0.9627982378005981
atsqpfujai.mp4,0.9715791344642639
atsxbvdqfb.mp4,0.16417890787124634
attmnksdst.mp4,0.9899999499320984
atuelqlopo.mp4,0.9779338240623474
atuevnkgvs.mp4,0.8489035964012146
atuydgvxda.mp4,0.8875187039375305
atuzsraaul.mp4,0.11926410347223282
atvkhsmnpt.mp4,0.9771702289581299
atwjgmhfzb.mp4,0.9887341856956482
atwmgvaauf.mp4,0.957054853439331
atwvfkjmzj.mp4,0.8852704763412476
atwxhnhtjr.mp4,0.9864452481269836
atxaywwsys.mp4,0.5439493060112
atxnomscvq.mp4,0.3267737030982971
atxtpvdiqh.mp4,0.7686942219734192
atxxrvpedy.mp4,0.9703233242034912
atydjyhqsv.mp4,0.6438501477241516
atyinggtpp.mp4,0.9685392379760742
atymuugcbc.mp4,0.916519045829773
atyslhetzg.mp4,0.9590825438499451
atywhotyfi.mp4,0.8362073302268982
atzdorfpoo.mp4,0.08272185176610947
atzsmxhbyd.mp4,0.983823299407959
atzvxcgfmy.mp4,0.9365152716636658
auabdnhegy.mp4,0.9813679456710815
auaqihmsmu.mp4,0.7193015813827515
auaudezume.mp4,0.860956609249115
aucfkadwgs.mp4,0.8920884132385254
aucmvckzax.mp4,0.24791280925273895
aucunewmkp.mp4,0.9897465109825134
audooqjxxn.mp4,0.09795796126127243
aufnlnndwk.mp4,0.9853532314300537
aufudlkirv.mp4,0.981437087059021
aufuqdncad.mp4,0.9758293032646179
auhelqsolf.mp4,0.3349078297615051
auhhhfprkw.mp4,0.9011726379394531
auhrezixau.mp4,0.9516330361366272
auilwijuvo.mp4,0.40476691722869873
aujnmzqaae.mp4,0.9081020355224609
aujoxrpddn.mp4,0.14008301496505737
aujrpwwjtq.mp4,0.964579701423645
aukfaxetvr.mp4,0.9857850074768066
aukznkpjqe.mp4,0.989264965057373
aulmrfdiyo.mp4,0.9848227500915527
aultpoxkdl.mp4,0.9820519685745239
aulykluogb.mp4,0.9891109466552734
aumcclscze.mp4,0.916791558265686
aumgbezciw.mp4,0.9878101944923401
aumhehkisj.mp4,0.9824770092964172
aumsysgpsf.mp4,0.10038098692893982
aunbxjislr.mp4,0.9243983626365662
aunokqsmrt.mp4,0.08946448564529419
aunsxsgprx.mp4,0.14816604554653168
auoojxnyap.mp4,0.9787054061889648
aupsxowdcp.mp4,0.8061341047286987
aupunxljjw.mp4,0.4244902431964874
auqgxmpfls.mp4,0.988132655620575
auqlledwxt.mp4,0.2141304463148117
auticcvqlx.mp4,0.9841257929801941
auttzzzosj.mp4,0.6077956557273865
autwdwydhy.mp4,0.9819265007972717
auunxrgrox.mp4,0.9762475490570068
auviwvqttx.mp4,0.9713641405105591
auwljofebi.mp4,0.12495843321084976
auwxgkkipp.mp4,0.9841739535331726
auxnjvttgs.mp4,0.9457760453224182
auxtpaboto.mp4,0.9581415057182312
auykxzlgzj.mp4,0.9485015869140625
auyrrevsns.mp4,0.9208785891532898
auysreeedq.mp4,0.9900000095367432
auyyexggvm.mp4,0.9355917572975159
avabskjphz.mp4,0.9553605914115906
avaideasjj.mp4,0.8764346241950989
avcftqodfe.mp4,0.2185399979352951
avcyoqrqbg.mp4,0.958179235458374
avczvisstl.mp4,0.9387680888175964
avdvtlhcot.mp4,0.40231990814208984
avebrhzvyp.mp4,0.9325724840164185
avfoukjslp.mp4,0.9892345666885376
avfvsddibv.mp4,0.6812263131141663
avfxgetfyn.mp4,0.9419025778770447
avgerywsmv.mp4,0.9730858206748962
avgrquoicj.mp4,0.9873921871185303
avhdquzuwf.mp4,0.1493808478116989
avhldaimyf.mp4,0.9829046726226807
avjauiqsjy.mp4,0.44820091128349304
avjisfzhex.mp4,0.9848623275756836
avjsnsinzy.mp4,0.8333303928375244
avkelzfynk.mp4,0.9859840869903564
avkoyhjdcy.mp4,0.9080117344856262
avktbnnfct.mp4,0.8246127963066101
avlbihahvk.mp4,0.9898959398269653
avliofdydx.mp4,0.9141561388969421
avlmfkyfzg.mp4,0.9744262099266052
avmemmaaor.mp4,0.6685788631439209
avmgyrjqzy.mp4,0.971939206123352
avmrqfwizg.mp4,0.9080734252929688
avmtuoxxer.mp4,0.9370601177215576
avnxwfdjca.mp4,0.9755234122276306
avotaeqmvc.mp4,0.9878198504447937
avowqomohu.mp4,0.9899005889892578
avozobkkmm.mp4,0.9881705641746521
avpuwxsjxc.mp4,0.24974721670150757
avpxiwwfwa.mp4,0.8287174105644226
avqxrnfzpd.mp4,0.8696616291999817
avqznmlvzs.mp4,0.9413027763366699
avrjnwyavl.mp4,0.9898527264595032
avrtgzyqjl.mp4,0.2257644385099411
avrwxtyoqg.mp4,0.97242271900177
avseaqfbeq.mp4,0.894191324710846
avtdwylihb.mp4,0.9576627016067505
avteqdmbob.mp4,0.7552949786186218
avtsotbmxb.mp4,0.8447692394256592
avttogwbyz.mp4,0.20511195063591003
avubtwxvrc.mp4,0.9870877861976624
avujziraao.mp4,0.9841802716255188
avwabkfjnx.mp4,0.9899035096168518
avwddhpjxw.mp4,0.7634199857711792
avwezsgvml.mp4,0.904549777507782
avwyvjwuqf.mp4,0.9323488473892212
avxkxnaxfa.mp4,0.692631721496582
avyxflippj.mp4,0.8804875612258911
awbjetawnf.mp4,0.9899998903274536
awcftwahcl.mp4,0.6420540809631348
awdrgjsmdm.mp4,0.9899999499320984
awelafarav.mp4,0.621912956237793
aweoiozyrk.mp4,0.9840026497840881
awfghdfcmz.mp4,0.8410946726799011
awfhtuiccr.mp4,0.9869419932365417
awfkuosrud.mp4,0.9857804775238037
awgdlcpsot.mp4,0.9501632452011108
awglcxxkdp.mp4,0.9514198303222656
awifeyjgpb.mp4,0.9781942963600159
awiusprppe.mp4,0.8369358777999878
awjtdulzbz.mp4,0.9823217391967773
awkkwnyswq.mp4,0.46959033608436584
awkothxqwq.mp4,0.9892448782920837
awkxwqfint.mp4,0.9900000095367432
awmvrsdttc.mp4,0.9750802516937256
awmydrvoez.mp4,0.7950605154037476
awpnjkemhd.mp4,0.9793252944946289
awrnfjkwxr.mp4,0.9737089276313782
awrvggbava.mp4,0.9899999499320984
awsceniain.mp4,0.3495039641857147
awsjaessrp.mp4,0.9890307784080505
awstgmezgy.mp4,0.9838860034942627
awtnxljuij.mp4,0.9181385636329651
awtuzutzcg.mp4,0.9898318648338318
awuwcwcmry.mp4,0.9243189692497253
awvnopdojm.mp4,0.6662124991416931
awvpnrmvuf.mp4,0.9899999499320984
awwdrhjncq.mp4,0.9889460206031799
awwexvkmil.mp4,0.11111117899417877
awwlbkyice.mp4,0.987221896648407
awxbgxeldd.mp4,0.8999976515769958
awxzireppb.mp4,0.9834287762641907
awyccgauib.mp4,0.9321156740188599
awypqsjdfg.mp4,0.9855868220329285
awzgjaqzyu.mp4,0.9882867932319641
awzjpnfkwz.mp4,0.302414208650589
awzxxaxccz.mp4,0.9700712561607361
axakrhimzr.mp4,0.9900000095367432
axatawveci.mp4,0.9894233345985413
axbahffclw.mp4,0.9745566248893738
axbnxjivlr.mp4,0.9671316146850586
axbondvizf.mp4,0.5066238641738892
axbpgirutr.mp4,0.14210005104541779
axbwohvwap.mp4,0.5875787138938904
axcjfghdur.mp4,0.4528818428516388
axclxmvyxx.mp4,0.9880239963531494
axcyprvxsm.mp4,0.6617909073829651
axdepsfowg.mp4,0.18047498166561127
axdfevfyte.mp4,0.9676873683929443
axdtpoftlh.mp4,0.9900000095367432
axfjqgpksd.mp4,0.978261411190033
axfquovbya.mp4,0.1530044674873352
axfqvtdpqn.mp4,0.9034870862960815
axfwtbbwyu.mp4,0.9362497329711914
axfzvnwvmk.mp4,0.7993296384811401
axihbxiqnf.mp4,0.9900000691413879
axizacykmi.mp4,0.95184326171875
axjkknsbsd.mp4,0.4210798442363739
axkbdkcony.mp4,0.508126437664032
axkuywcuzt.mp4,0.9854651093482971
axlsscylar.mp4,0.1687072068452835
axmhmxlked.mp4,0.989274799823761
axmwuiabtk.mp4,0.953113853931427
axnpuuknzw.mp4,0.10612940043210983
axnztobmfv.mp4,0.10185199230909348
axodysvnia.mp4,0.9545085430145264
axoohecyzz.mp4,0.9600827097892761
axopbbxwzr.mp4,0.9725030064582825
axpanprprj.mp4,0.9785653948783875
axppnromyo.mp4,0.9674292206764221
axpwfeomqt.mp4,0.9720816612243652
axqsgizzhg.mp4,0.9717236161231995
axriuvwgcm.mp4,0.9593130350112915
axsgyeohxb.mp4,0.9900000095367432
axtfaxnnir.mp4,0.9405179023742676
axttznnysz.mp4,0.976231575012207
axudxwpjpq.mp4,0.22106526792049408
axutpjywuu.mp4,0.5077964663505554
axvvrrujab.mp4,0.24354377388954163
axwvfkdsaq.mp4,0.9726881980895996
axxldpmbat.mp4,0.969075620174408
axxojjcuzi.mp4,0.9757785201072693
axxvqwvryi.mp4,0.8169288635253906
axxxmqnvlo.mp4,0.9782540202140808
axybfzwjou.mp4,0.9769279956817627
axyorvscnv.mp4,0.7877379655838013
axyzunnpvp.mp4,0.9829435348510742
axzxmjrvvi.mp4,0.7048850655555725
ayaklbufdz.mp4,0.9888068437576294
aybgtakzhf.mp4,0.9899800419807434
aybhjzvgsz.mp4,0.9811233878135681
aybozriclz.mp4,0.9896680116653442
aybqoonlol.mp4,0.9300238490104675
aybtugbqxp.mp4,0.9706958532333374
aybxejnqxn.mp4,0.7850458025932312
aycgmkmvue.mp4,0.9764961004257202
ayclhmjajg.mp4,0.9891500473022461
aycrceahnh.mp4,0.9664843678474426
aycutytbxb.mp4,0.6941654682159424
aydxjkfuhk.mp4,0.9722427725791931
ayehybcbfv.mp4,0.5751698613166809
ayeuasvmue.mp4,0.9877476096153259
ayfahboitj.mp4,0.9890347123146057
ayfauyvasg.mp4,0.9837502837181091
ayfsfcgwva.mp4,0.9789526462554932
ayghjyhjpa.mp4,0.9889416694641113
ayhabcqsat.mp4,0.8518159985542297
ayhblsodaz.mp4,0.9838911890983582
ayhhqjvchn.mp4,0.8531467914581299
ayhhyfamhc.mp4,0.9045224785804749
ayhljgasce.mp4,0.9818547368049622
ayijzcgmxu.mp4,0.9900001287460327
ayiqatefmh.mp4,0.9809577465057373
ayiyiznwnr.mp4,0.9707714915275574
ayjiviupgu.mp4,0.9418420195579529
ayjpsdziav.mp4,0.7132477760314941
aykytsanpx.mp4,0.9814170598983765
ayldgxapih.mp4,0.9890363216400146
ayleocznjp.mp4,0.8822142481803894
aynvjgamgi.mp4,0.8598822951316833
ayodjtwutr.mp4,0.9893864989280701
ayojccmuqk.mp4,0.9389970302581787
ayoyqfyvxb.mp4,0.5832843780517578
ayozpzxgrg.mp4,0.5672491192817688
aypgpcgzzo.mp4,0.9534422159194946
aypljgeqag.mp4,0.8080986142158508
aypsslvabz.mp4,0.9576736688613892
aypwdoupiz.mp4,0.9899999499320984
ayqetwwwjn.mp4,0.9194672107696533
ayququayvl.mp4,0.9858123660087585
ayregwfkuy.mp4,0.9877791404724121
aystoolvlj.mp4,0.8209604620933533
aytalckkea.mp4,0.9816449284553528
aytjdeldie.mp4,0.9899999499320984
aytsnlflqn.mp4,0.69286048412323
aytxkbrpck.mp4,0.9900000691413879
ayumdlbgzg.mp4,0.9297681450843811
ayuocwmzpm.mp4,0.9394001364707947
ayvcvqamlo.mp4,0.7300138473510742
ayvmlkbabt.mp4,0.3345976173877716
ayvmqddutg.mp4,0.9610738158226013
ayvnhxqifb.mp4,0.14888162910938263
ayvrrldwmy.mp4,0.9828189015388489
ayvydsmdys.mp4,0.8408286571502686
aywteojccm.mp4,0.9854426980018616
aywtqiwded.mp4,0.8440390825271606
ayxpdzgpui.mp4,0.0956098660826683
ayxwzqufmq.mp4,0.8330681324005127
ayyrltarjz.mp4,0.5810505747795105
ayyvovoqpq.mp4,0.3569202721118927
ayywxduatc.mp4,0.9834164381027222
ayyzuoklel.mp4,0.9857699275016785
ayzppalsno.mp4,0.9693453907966614
ayzrnuffie.mp4,0.960676908493042
azaahiwadu.mp4,0.14597781002521515
azagqawgaz.mp4,0.984013557434082
azarzgywrq.mp4,0.47674432396888733
azbcbbisho.mp4,0.982296884059906
azbvekzerb.mp4,0.951319694519043
azcdexfolm.mp4,0.9900000095367432
azcdoycnpg.mp4,0.7340628504753113
azcsqgyuzb.mp4,0.9900000691413879
azcvdctoii.mp4,0.13783018290996552
azdgvgbgdv.mp4,0.9013485312461853
azdnpcxhcx.mp4,0.38630369305610657
azdqpyvtjf.mp4,0.16931793093681335
azducmbckk.mp4,0.5936052799224854
azdwparxng.mp4,0.971833348274231
azexbcjrxd.mp4,0.9900001883506775
azgkuomhkg.mp4,0.5052276849746704
azgnidjfzl.mp4,0.9202178716659546
azgrvcvhzf.mp4,0.9898650646209717
azgvkbgvjm.mp4,0.9899999499320984
azhbacpvhg.mp4,0.3819069266319275
azhextpsam.mp4,0.9900000095367432
azhgwqmtmy.mp4,0.4196266531944275
azhhoprzju.mp4,0.9389238953590393
azivxiykdi.mp4,0.9888380765914917
azjpqungtq.mp4,0.6798535585403442
azkdupbivt.mp4,0.42094022035598755
azkhkminwu.mp4,0.9327127933502197
azkjdigcrp.mp4,0.8662842512130737
azmbudlmve.mp4,0.8013885021209717
azmheosoed.mp4,0.45415589213371277
azmirctgyh.mp4,0.9900000691413879
aznqgghqge.mp4,0.9798505306243896
aznsswvnxo.mp4,0.2041204273700714
azobkfldrm.mp4,0.767683744430542
azozbmaple.mp4,0.988694429397583
azpamhpoyy.mp4,0.752869725227356
azpgkhnbfq.mp4,0.882226824760437
azppkqhqpi.mp4,0.974575936794281
azpsfbwwce.mp4,0.6656978726387024
azqmtcjxbk.mp4,0.9242953658103943
azrbqpomdw.mp4,0.8630858063697815
azrdwmzpqb.mp4,0.9753051996231079
azrltfcgki.mp4,0.9899998903274536
azropyxcjl.mp4,0.9722461700439453
azrovzeecz.mp4,0.13454848527908325
azseubmxrc.mp4,0.9900000095367432
azsizuhdse.mp4,0.8124836087226868
azsongfrbo.mp4,0.9900000095367432
azstxtuuqs.mp4,0.9534579515457153
aztadaceye.mp4,0.9425738453865051
aztfzimxkr.mp4,0.9444704055786133
azulfosmdg.mp4,0.8598495721817017
azuqfvasfq.mp4,0.9891220927238464
azvnmgesce.mp4,0.9094943404197693
azwqdbfqrd.mp4,0.19507178664207458
azwsqmaxmf.mp4,0.9747539162635803
azwusfxjmb.mp4,0.9894157648086548
azwwrvjyyp.mp4,0.9832541346549988
azwxpyysde.mp4,0.20802733302116394
azxheumhku.mp4,0.9370650053024292
azxmphhunl.mp4,0.8377377390861511
azxxenkicg.mp4,0.611221432685852
azxzqxskzm.mp4,0.28272774815559387
azydlgxdym.mp4,0.9738174080848694
azylwizjmc.mp4,0.9657008051872253
azyqrdeoew.mp4,0.27780309319496155
azzgrltpvu.mp4,0.9213012456893921
azzhropiql.mp4,0.9819706678390503
azzpwoedpk.mp4,0.943828821182251
azzxjriydb.mp4,0.793083667755127
baajwwebva.mp4,0.9871701002120972
baarzfneac.mp4,0.9869205355644226
bacndmsxqj.mp4,0.9898298382759094
bacrfnbhvo.mp4,0.9900000095367432
bactcvwhqk.mp4,0.9010626673698425
baeoscgqoe.mp4,0.9156965017318726
bafievwatz.mp4,0.9714607000350952
bagkrkxqcp.mp4,0.16219937801361084
baheacsakw.mp4,0.9602972865104675
bahgibkjek.mp4,0.9842559099197388
baiefifser.mp4,0.9668139815330505
baixgpvwme.mp4,0.9847436547279358
bajfrpmupx.mp4,0.6364966630935669
bajmqwxtxp.mp4,0.9112572073936462
baktdytfjl.mp4,0.9854422211647034
balgcurscn.mp4,0.9339098930358887
balwrahloa.mp4,0.958936870098114
balxxkjlti.mp4,0.9554995894432068
bamgpgbjtg.mp4,0.9735972881317139
banbcqfqmw.mp4,0.9343944787979126
banjrnjzhb.mp4,0.9198102951049805
banvwdrhmc.mp4,0.6144759654998779
baolpdzfsz.mp4,0.9888589978218079
baosvoxjxg.mp4,0.9883304238319397
baoszfmdlj.mp4,0.9419135451316833
baphsbkpbz.mp4,0.14746545255184174
baqeedculf.mp4,0.9329431056976318
baqledjaon.mp4,0.987067461013794
barbcborgl.mp4,0.10887137800455093
barmlxxrpt.mp4,0.41079947352409363
batgqxfifq.mp4,0.910498857498169
baummvrmhl.mp4,0.9674450755119324
bavhucvtaq.mp4,0.9383361339569092
bawhghlfoi.mp4,0.9900000691413879
baxdvqglnu.mp4,0.7170530557632446
baxpshhrhc.mp4,0.7241489291191101
bayuahaydv.mp4,0.9887529015541077
bazehalfin.mp4,0.979174792766571
bazuuilpib.mp4,0.8108132481575012
bazxcobmhk.mp4,0.9788546562194824
bbagpnnxnv.mp4,0.8773319125175476
bbbyrusiwe.mp4,0.9883591532707214
bbcibscbkq.mp4,0.9894681572914124
bbcjkyhhuy.mp4,0.35139939188957214
bbdeidcmgb.mp4,0.9581401944160461
bbdzssjeen.mp4,0.9881347417831421
bbenehhaze.mp4,0.9806379079818726
bbeouqcdzs.mp4,0.8724441528320312
bbeyhbquql.mp4,0.9831929206848145
bbeywofslk.mp4,0.9776351451873779
bbfbvvnaak.mp4,0.8364805579185486
bbfflhbtsd.mp4,0.9171932339668274
bbfpygrvoa.mp4,0.9878576993942261
bbfwlhanjw.mp4,0.29773715138435364
bbfzunyiaj.mp4,0.9204861521720886
bbgkukkicj.mp4,0.9832462072372437
bbgtrsseht.mp4,0.9523534774780273
bbhjnxbdco.mp4,0.9743128418922424
bbhlolixfd.mp4,0.7335008978843689
bbhrzugxmn.mp4,0.9525880813598633
bbivjcyvcv.mp4,0.9896464943885803
bbjqbowaaq.mp4,0.9899998903274536
bbjtivfdzq.mp4,0.9886060357093811
bbjtxcqkns.mp4,0.7939333915710449
bbkpsxyjvs.mp4,0.7829638123512268
bblditzyqm.mp4,0.9471229910850525
bbltbwkpzh.mp4,0.3909481167793274
bbmxeiukxe.mp4,0.5220851898193359
bbnpuynemf.mp4,0.8240201473236084
bbnusepqeh.mp4,0.142520472407341
bbomhhqbhk.mp4,0.98911052942276
bbpjgsfveo.mp4,0.9793359637260437
bbuyagtrip.mp4,0.9876757860183716
bbvouhpoys.mp4,0.9716848134994507
bbvycfumal.mp4,0.9526968002319336
bbwffycqmr.mp4,0.9879537224769592
bbwndtahps.mp4,0.7806396484375
bbxuciztza.mp4,0.9672343730926514
bbyapzzbbp.mp4,0.6172012090682983
bbyheffqbo.mp4,0.14083072543144226
bbynajqcsf.mp4,0.9818359017372131
bbyzlvgllp.mp4,0.980902910232544
bbzdjgrlvl.mp4,0.9879325032234192
bcakmcwgit.mp4,0.9160858392715454
bcaswgbknh.mp4,0.21556511521339417
bcawixfkln.mp4,0.9797173142433167
bcawximqto.mp4,0.8751682639122009
bcaxndbaki.mp4,0.3170440196990967
bcbaodgold.mp4,0.1425406038761139
bcbrtcqtpt.mp4,0.10893160849809647
bccaioaudk.mp4,0.9175493717193604
bcemixwldi.mp4,0.9819748997688293
bcenttyeoc.mp4,0.9864888191223145
bcgcdkjivz.mp4,0.9744184017181396
bcgievnwef.mp4,0.9891151189804077
bcgjlsupne.mp4,0.16409826278686523
bcgjugkehl.mp4,0.6522010564804077
bcgzfrxbbz.mp4,0.16213847696781158
bchidnmojc.mp4,0.7639152407646179
bcihtlgaqa.mp4,0.982334554195404
bcijqbastj.mp4,0.6971422433853149
bcixruopcf.mp4,0.9820795655250549
bckjlnaiun.mp4,0.9549565315246582
bckorfknun.mp4,0.9660109877586365
bcktnbnnyv.mp4,0.9886765480041504
bclifiizok.mp4,0.9898545742034912
bclnjhoqol.mp4,0.9866674542427063
bclypwksbx.mp4,0.9891523718833923
bcoorvngcn.mp4,0.9843727946281433
bcownucjtw.mp4,0.9717128872871399
bcoydxioxf.mp4,0.36927661299705505
bcpythngcj.mp4,0.9484462141990662
bcqqfmthwk.mp4,0.9036458730697632
bcrajtjljy.mp4,0.9887402653694153
bcrcdkrgiv.mp4,0.9786147475242615
bcsvkbjzwk.mp4,0.9898288249969482
bcsyzakipb.mp4,0.979619026184082
bctwtzhnje.mp4,0.8183074593544006
bcudplyevq.mp4,0.9872927665710449
bculuffwko.mp4,0.7971130609512329
bcvcyvgowt.mp4,0.9891871213912964
bcvezeyggp.mp4,0.989854633808136
bcvfczypjo.mp4,0.17363783717155457
bcwhokjvfn.mp4,0.41865840554237366
bcwpmauyhg.mp4,0.20665256679058075
bcwtjzsutw.mp4,0.9321421980857849
bcxojybwjj.mp4,0.9704064726829529
bcycmmnpnf.mp4,0.9772767424583435
bczguerkpm.mp4,0.9833487868309021
bdaehxfzbk.mp4,0.12263456732034683
bdahtcivcd.mp4,0.9864785671234131
bdamapnuof.mp4,0.9869675636291504
bdazqodumh.mp4,0.9400526285171509
bdbfpoumql.mp4,0.6415810585021973
bdbofdzikv.mp4,0.971180260181427
bdbryopkaa.mp4,0.9870390892028809
bdcbrzfphv.mp4,0.9278162121772766
bdchfgyrzo.mp4,0.9900000691413879
bdcvtxwdob.mp4,0.9113757610321045
bdddojeyaz.mp4,0.9384917616844177
bdeniywtnn.mp4,0.5384276509284973
bdftdpohva.mp4,0.9877884984016418
bdgmavlwan.mp4,0.9892183542251587
bdhcxanaqy.mp4,0.9899197220802307
bdhnxeeitg.mp4,0.9270273447036743
bdinoddvte.mp4,0.9900000095367432
bdiointpxx.mp4,0.9899188280105591
bdiswjfefc.mp4,0.9891616106033325
bdivrfxtqv.mp4,0.9757058620452881
bdjxzbtadn.mp4,0.9894363284111023
bdkazhizye.mp4,0.6956181526184082
bdkgwjldke.mp4,0.9489915370941162
bdkjxdndjn.mp4,0.9385621547698975
bdmcnjipbq.mp4,0.36402904987335205
bdmhjkrxoj.mp4,0.6040104627609253
bdmjcelmcs.mp4,0.925826370716095
bdmvjkonon.mp4,0.9899999499320984
bdnesbbphy.mp4,0.33792805671691895
bdocvgclcs.mp4,0.9479485154151917
bdoribeoya.mp4,0.8761740922927856
bdpmicugbp.mp4,0.9866467714309692
bdqdarvhiv.mp4,0.13528510928153992
bdqgzjoamp.mp4,0.19456206262111664
bdqjtvrizk.mp4,0.8507555723190308
bdqvamryhc.mp4,0.9350923299789429
bdsopgtlmq.mp4,0.9704025983810425
bdstpdunks.mp4,0.9758302569389343
bdsxxaamze.mp4,0.9611003398895264
bdsyzwsrzw.mp4,0.956676721572876
bdtdtlhyha.mp4,0.9824604988098145
bdtnxarnwm.mp4,0.6750993132591248
bdtybsixoz.mp4,0.9130756258964539
bdvuqjupnd.mp4,0.9814112186431885
bdweezvxfc.mp4,0.7869105935096741
bdwpyrudti.mp4,0.11087901145219803
bdxlkzmnyt.mp4,0.31030863523483276
bdxludmnux.mp4,0.7255566716194153
bdyghmwvxu.mp4,0.8046009540557861
bdynuzrqbt.mp4,0.9787470698356628
bdyuwvpelk.mp4,0.7152133584022522
bdztumelho.mp4,0.9492946267127991
bdzytcvbdt.mp4,0.8240569829940796
bebfstfcgp.mp4,0.8620120882987976
bebmjrpvos.mp4,0.8766465187072754
becfjonwfu.mp4,0.9899998903274536
becjjdnvpn.mp4,0.9199469685554504
becqadbtkb.mp4,0.9689241647720337
beebrqboob.mp4,0.9852007031440735
beebxwvqli.mp4,0.9544375538825989
beefhzclcw.mp4,0.972602367401123
begozxasac.mp4,0.9705014228820801
behdsfoxnk.mp4,0.6412258744239807
behhgrhkmc.mp4,0.9889130592346191
behlbelncd.mp4,0.9420376420021057
bejblmnabd.mp4,0.1304646134376526
bekilotbxu.mp4,0.46787846088409424
bekmufolps.mp4,0.9422690868377686
bekvvpeolr.mp4,0.9727391004562378
belewgtmbs.mp4,0.16975760459899902
belwinawhy.mp4,0.9314556121826172
bemqbwgxxs.mp4,0.09340443462133408
bemzjclvgu.mp4,0.8628650307655334
benkzrmryl.mp4,0.9026907682418823
benlmmdcnf.mp4,0.9489949941635132
benzxvtapn.mp4,0.9818910360336304
beonlzcydr.mp4,0.9897445440292358
berbcixvjc.mp4,0.9809434413909912
beridjgqtm.mp4,0.9744585752487183
betdiwiwql.mp4,0.5515076518058777
bethubglgn.mp4,0.38414958119392395
betuzngwpt.mp4,0.5496022701263428
betzeachui.mp4,0.9277048707008362
beutkgdtcb.mp4,0.9852299690246582
bevjclbhuo.mp4,0.13138633966445923
bevrsulvkt.mp4,0.9891251921653748
bewdlknhhi.mp4,0.25632357597351074
bewwwxnzbk.mp4,0.8488888740539551
bexxqeohiv.mp4,0.9859603047370911
bexzlindzv.mp4,0.9805256724357605
beyhcwgavh.mp4,0.9848227500915527
beysxgrqkk.mp4,0.897038459777832
beyxpliwsy.mp4,0.4011598825454712
bezxyrovyz.mp4,0.9705206155776978
bfawveelwz.mp4,0.9589086771011353
bfcdbaevbj.mp4,0.9770767092704773
bfcejaynie.mp4,0.1677650809288025
bfcmxcvwps.mp4,0.9534849524497986
bfcptqxlvw.mp4,0.8730493187904358
bfcvdqwvwb.mp4,0.9900000095367432
bfdbybhxvr.mp4,0.9138252139091492
bfdgzjrnck.mp4,0.9355925917625427
bfdnlyosad.mp4,0.26843318343162537
bfdxhnfacf.mp4,0.634199857711792
bfecraawwz.mp4,0.4693842828273773
bfevvflqsy.mp4,0.9504777789115906
bfeycvkedq.mp4,0.978515625
bffeslonih.mp4,0.9898911714553833
bffjkyuqvb.mp4,0.5793635249137878
bffrdavndf.mp4,0.9014497995376587
bffrotkdcu.mp4,0.9146670699119568
bfgfvcofvn.mp4,0.953953742980957
bfgrxafoef.mp4,0.9892295598983765
bfgsibgras.mp4,0.7782434225082397
bfgykgohpy.mp4,0.9760451912879944
bfgzqxwhti.mp4,0.9727973341941833
bfhkzqdwbx.mp4,0.9746854305267334
bfhtddaoqy.mp4,0.6937782168388367
bfiztrjizr.mp4,0.13099701702594757
bfjajtyjzt.mp4,0.9367507100105286
bfjeavwnoi.mp4,0.16821882128715515
bfjzxatdrc.mp4,0.9852115511894226
bfkfrtmiub.mp4,0.9005261063575745
bfkzrgovsv.mp4,0.2699193060398102
bflhvfizhu.mp4,0.23631633818149567
bfljjbavig.mp4,0.967358410358429
bfllocpabl.mp4,0.5288504362106323
bflrnxrmfb.mp4,0.9325171113014221
bfluunemxz.mp4,0.3204444944858551
bfmoopvnho.mp4,0.8797358274459839
bfnockrztt.mp4,0.7318459749221802
bfoaqbobup.mp4,0.9896435737609863
bfofpyvvnt.mp4,0.11548859626054764
bfoktrnuxj.mp4,0.989617645740509
bfoozhcgse.mp4,0.9899998307228088
bfqlqydtam.mp4,0.14043089747428894
bfqumzcsvu.mp4,0.9789769053459167
bfqyovgynr.mp4,0.9759259223937988
bfrbtmnllp.mp4,0.6840393543243408
bfsnakisid.mp4,0.9570668339729309
bfukrxvndm.mp4,0.44744551181793213
bfupvodqkz.mp4,0.12159887701272964
bfutthnppf.mp4,0.9853218793869019
bfwgingqsv.mp4,0.9825461506843567
bfwwrlwopy.mp4,0.9142981767654419
bfyhfmdztn.mp4,0.9810274839401245
bfzkkcltvf.mp4,0.9597015380859375
bfzvzyidrj.mp4,0.8490220904350281
bgaafmocsn.mp4,0.7717203497886658
bgbkbvdjnd.mp4,0.9860410094261169
bgbkogrfys.mp4,0.21311350166797638
bgbuqmmaqe.mp4,0.9647007584571838
bgcectalof.mp4,0.9864422082901001
bgcfsiswtj.mp4,0.9899998903274536
bgdehyzokn.mp4,0.9489141702651978
bgexonjbpn.mp4,0.9900001287460327
bghcevlhjf.mp4,0.9834091067314148
bghmhuxxyr.mp4,0.8446821570396423
bghpxawcnb.mp4,0.9392690658569336
bgicufggmb.mp4,0.8837065696716309
bgihlcqcik.mp4,0.9743311405181885
bgilmjxago.mp4,0.9348655343055725
bgiukncdoc.mp4,0.9721189737319946
bgjuqdjnss.mp4,0.8793392181396484
bgjyidaspl.mp4,0.89234858751297
bgkjyalpix.mp4,0.16744159162044525
bgkmfxsqxd.mp4,0.9836501479148865
bgkspwrqlr.mp4,0.9644330739974976
bglklkiayu.mp4,0.908995509147644
bglqkukirr.mp4,0.8541028499603271
bgnxqmdjxq.mp4,0.9552856683731079
bgoiditweq.mp4,0.9692735075950623
bgpdzlrluk.mp4,0.9895673394203186
bgpnirgwsl.mp4,0.9888285398483276
bgpsjixtwm.mp4,0.9707059860229492
bgqhldvsgc.mp4,0.11345428973436356
bgrkttmsxd.mp4,0.9899999499320984
bgrradjndh.mp4,0.9853268265724182
bgslobeeyd.mp4,0.9744333624839783
bgsqoctomw.mp4,0.9402711391448975
bgsrdqcqjx.mp4,0.921852707862854
bgssriyozb.mp4,0.9768551588058472
bgtiikryvg.mp4,0.9854011535644531
bgtridlkdi.mp4,0.9886629581451416
bgulswwjgs.mp4,0.9897952675819397
bguxmfaihe.mp4,0.36803126335144043
bgvknboeyq.mp4,0.9878149628639221
bgvuxeubtf.mp4,0.9665647149085999
bgxdeluogh.mp4,0.1389506310224533
bgxftrukbr.mp4,0.37922677397727966
bgxlldsfmx.mp4,0.769911527633667
bgxpmpwcyg.mp4,0.2222236543893814
bgxqvmjgbm.mp4,0.9698126912117004
bgxxyytpnf.mp4,0.9899669289588928
bgyimohqak.mp4,0.9432701468467712
bgyqwxcrsm.mp4,0.9556729793548584
bhaaitemak.mp4,0.9163660407066345
bhasetirqb.mp4,0.9211951494216919
bhcbgpnkpd.mp4,0.9772344827651978
bhchlbmzrc.mp4,0.9857762455940247
bhdrdqfehh.mp4,0.8193726539611816
bhfihhudau.mp4,0.9142199754714966
bhfpmvpmyw.mp4,0.9398087859153748
bhieufgnnf.mp4,0.6394415497779846
bhjmyjcayb.mp4,0.1705249845981598
bhkfrmjlpv.mp4,0.7795459032058716
bhliuvpgub.mp4,0.9809461236000061
bhmfpkjsbz.mp4,0.9865652322769165
bhpddjewrv.mp4,0.13798202574253082
bhpddnqauc.mp4,0.09660406410694122
bhpiiawcrz.mp4,0.954327404499054
bhqcqwcise.mp4,0.7895907163619995
bhqiisfkui.mp4,0.7549817562103271
bhqteplzxp.mp4,0.9884864687919617
bhsklnhjrj.mp4,0.732530415058136
bhuyzxvohl.mp4,0.9654172658920288
bhvgnyuybi.mp4,0.9831138253211975
bhwevhjvwx.mp4,0.12918968498706818
bhwlgymgxk.mp4,0.9899999499320984
bhwujfazqy.mp4,0.8899179100990295
bhwwzofqvo.mp4,0.9865912199020386
bhxiufgdxa.mp4,0.9883841276168823
bhybofqflj.mp4,0.9900000095367432
bhykihwhkv.mp4,0.989046573638916
bhyzjrwkvk.mp4,0.9585953950881958
bhzfcdzqar.mp4,0.9900000691413879
bhzhzvadnn.mp4,0.9220201373100281
bhzosxdmyt.mp4,0.9533156752586365
bhzwgteaic.mp4,0.9050668478012085
biactglfwl.mp4,0.9219696521759033
bibjgxjhuv.mp4,0.10427729040384293
biborxaekt.mp4,0.09814248234033585
bibpelmopy.mp4,0.9876510500907898
bicenrlrcf.mp4,0.9741029739379883
bicexletbj.mp4,0.9248629212379456
bidfiduqsr.mp4,0.9612208008766174
bidulzdkec.mp4,0.9827715158462524
biebcflser.mp4,0.976993203163147
biefjlethf.mp4,0.21578483283519745
bifaizxtsc.mp4,0.14028041064739227
bigwzvlzhb.mp4,0.09997881948947906
biibogyrpt.mp4,0.9865800142288208
bijcbfrxyc.mp4,0.4189074635505676
bijcrevctl.mp4,0.2328205704689026
bijvvsgumf.mp4,0.973047137260437
bijzpkoaja.mp4,0.9887666702270508
bikehwjuzk.mp4,0.93830806016922
bikrimaoum.mp4,0.13157008588314056
bikymqckfq.mp4,0.9051173329353333
bilsagmnhr.mp4,0.9459807872772217
bimbdboxdb.mp4,0.9501433968544006
binbaztlye.mp4,0.9887769818305969
binrkjcwxe.mp4,0.8666245341300964
binymyngeo.mp4,0.2645166218280792
bipkwdckrk.mp4,0.5723772048950195
biqgaxvjyy.mp4,0.9565836191177368
biqvdjgtrv.mp4,0.970772922039032
bitticunoc.mp4,0.9869780540466309
bivfenlysj.mp4,0.9554910659790039
bivgdpypxh.mp4,0.7806987166404724
bivvdqhxdn.mp4,0.9666457772254944
bivyxqxxpd.mp4,0.7244417071342468
bivzhsmrqo.mp4,0.5544834733009338
biwccgiiju.mp4,0.9616397023200989
biwcfxtdhv.mp4,0.9644284844398499
bixdmyhkzw.mp4,0.6115803122520447
bixiepitjl.mp4,0.7061901688575745
bixqxnpkhk.mp4,0.9862810969352722
bizbjxafzr.mp4,0.9850066304206848
bizohehlgw.mp4,0.176240473985672
bjacjzisbq.mp4,0.9855527281761169
bjapnbgbyf.mp4,0.8911173343658447
bjbmxdthaa.mp4,0.9634385108947754
bjcefkabza.mp4,0.8595962524414062
bjdnvdiorc.mp4,0.989814817905426
bjeefxivfz.mp4,0.7963815927505493
bjeocyuknw.mp4,0.9594000577926636
bjfbzhlzyk.mp4,0.9587407112121582
bjgobiieru.mp4,0.9308268427848816
bjgqvuvzlc.mp4,0.9603100419044495
bjhftvzdoz.mp4,0.4972384572029114
bjhglfghge.mp4,0.9072354435920715
bjhieizrjq.mp4,0.8818774223327637
bjhxjfenwo.mp4,0.3934812843799591
bjifxxuftr.mp4,0.9840829968452454
bjizwsyhld.mp4,0.18981856107711792
bjjaloefag.mp4,0.21018671989440918
bjjczrcrlh.mp4,0.6482004523277283
bjjoujprzo.mp4,0.887749195098877
bjllfiganv.mp4,0.9671544432640076
bjlmreemtq.mp4,0.9897545576095581
bjlutfvxxi.mp4,0.9094648361206055
bjlwgiuuxv.mp4,0.26319411396980286
bjmaxtqiwq.mp4,0.7962945103645325
bjmhknfumi.mp4,0.9244489669799805
bjmveqttsq.mp4,0.9606179594993591
bjnabumhcn.mp4,0.9882846474647522
bjnjsiypnv.mp4,0.9300707578659058
bjnleiepgs.mp4,0.9271554946899414
bjodrjkfxc.mp4,0.9880346059799194
bjorqgprft.mp4,0.9220865368843079
bjpimfdtds.mp4,0.3665485084056854
bjqmdsvxxa.mp4,0.9512847661972046
bjszzfmchp.mp4,0.1267930269241333
bjtgipnmzu.mp4,0.8380606770515442
bjtwbltzbs.mp4,0.9899209141731262
bjuwpszfiu.mp4,0.9058773517608643
bjvmyyhuza.mp4,0.960793137550354
bjwctylvmy.mp4,0.9745904803276062
bjwlkdnbgw.mp4,0.9899044632911682
bjwuuedtla.mp4,0.11503718048334122
bjxghgoctz.mp4,0.800521969795227
bjxzcaifpw.mp4,0.9899049401283264
bjyfwqezqa.mp4,0.986470103263855
bjymnnukqs.mp4,0.29063132405281067
bjytxyelfw.mp4,0.9490697979927063
bjzboctmut.mp4,0.8557710647583008
bjzdxvsuvu.mp4,0.2299661934375763
bkadhwwkwf.mp4,0.11523284018039703
bkadxgxipz.mp4,0.9270157217979431
bkahsatkrs.mp4,0.35944095253944397
bkalogzjos.mp4,0.9609145522117615
bkamlqslms.mp4,0.29902318120002747
bkbflitext.mp4,0.24501648545265198
bkbokyebco.mp4,0.13249339163303375
bkbqftidrf.mp4,0.9300156831741333
bkcqlavtab.mp4,0.9649845957756042
bkdtyrkvgb.mp4,0.9242183566093445
bkewppansb.mp4,0.12054187804460526
bkfgexlytc.mp4,0.9518207907676697
bkfiyurjkt.mp4,0.9745431542396545
bkfuglkfcd.mp4,0.6853310465812683
bkfvakwdnw.mp4,0.9758040308952332
bkhclbvdis.mp4,0.7059848308563232
bkiogelrvu.mp4,0.976485013961792
bkitjnimap.mp4,0.9120662808418274
bkivxaxfdv.mp4,0.984596848487854
bkixloqwgr.mp4,0.8939390778541565
bkizohuxts.mp4,0.9890770316123962
bkjhfcvsig.mp4,0.3290485143661499
bkjxcbphsp.mp4,0.9604899287223816
bkkkindqvf.mp4,0.918860673904419
bkknadbdyb.mp4,0.2100142240524292
bklltfdtkn.mp4,0.9410756230354309
bkmrcuzvek.mp4,0.959258496761322
bkmyreelcs.mp4,0.9433005452156067
bkmzjbrzhj.mp4,0.9742507338523865
bknczlsdia.mp4,0.25348737835884094
bkoeppigdz.mp4,0.9592499136924744
bkojtypnkn.mp4,0.9649299383163452
bkpolfeixc.mp4,0.9861400723457336
bkpubzzmft.mp4,0.9762628078460693
bkqgvkwjcn.mp4,0.48521727323532104
bkqzqgnzmw.mp4,0.9656568765640259
bkrthuclue.mp4,0.9265146851539612
bktcgtnzzh.mp4,0.17317935824394226
bktxvguxuy.mp4,0.7933886647224426
bkuoqwyjor.mp4,0.09519875049591064
bkuxvlsyax.mp4,0.98786461353302
bkvmpillpt.mp4,0.9900000095367432
bkwedwckhv.mp4,0.933847188949585
bkwiqcrzca.mp4,0.9884219169616699
bkwpeforul.mp4,0.9857338666915894
bkxqjiqabv.mp4,0.9884727001190186
bkymqahmft.mp4,0.9743196368217468
bkyoodlpvw.mp4,0.9095747470855713
bkytciqsgd.mp4,0.1805592030286789
bkyzinwdfz.mp4,0.989736020565033
bkzabjxnpm.mp4,0.9806629419326782
bkzbiriopd.mp4,0.915165364742279
bkzztamepr.mp4,0.9895873665809631
blbghnbwmt.mp4,0.1527968794107437
blbtxevriv.mp4,0.6217328906059265
blcpogyffx.mp4,0.9828471541404724
blcqzztrvu.mp4,0.1314016729593277
bldvboovyj.mp4,0.9900001287460327
blehjybifk.mp4,0.2754831314086914
bleowhekvn.mp4,0.14776511490345
blepmtsdvs.mp4,0.8014011383056641
blfdfsedii.mp4,0.9891740679740906
blfmarosnw.mp4,0.9880262613296509
blghqsyyfx.mp4,0.9899526834487915
blhfraazak.mp4,0.9237627387046814
blhhutqvsw.mp4,0.96744704246521
blhxipfcro.mp4,0.9841952323913574
bljafwdkgk.mp4,0.9715139269828796
bljjbfslfx.mp4,0.21982985734939575
bljpdykszf.mp4,0.2000851333141327
blkxyqpgry.mp4,0.9872605204582214
bllzezsiip.mp4,0.5060209631919861
blmuzhjygg.mp4,0.949711263179779
blnnqgjuck.mp4,0.9890790581703186
blnoubxzwr.mp4,0.8035193681716919
blqgpxokwq.mp4,0.28205713629722595
blqhvxglyz.mp4,0.9891857504844666
blqrkgjsun.mp4,0.9482415318489075
blqwrzztiy.mp4,0.9789355397224426
blryzyqfan.mp4,0.959526002407074
blsfputbrz.mp4,0.9736323952674866
blszrprdrv.mp4,0.9826945662498474
bltgxotaiv.mp4,0.09398757666349411
bltsfxhpce.mp4,0.6727426648139954
bltxzeoijl.mp4,0.6186708807945251
blvgczhxyu.mp4,0.977085530757904
blvqcbuele.mp4,0.8763886094093323
blyaymhdil.mp4,0.5708290338516235
blybhmrnrd.mp4,0.2987798750400543
blyfmnqkfl.mp4,0.9887934923171997
blynypczbp.mp4,0.9877493381500244
blyzlljblm.mp4,0.9566195607185364
blzespzdkl.mp4,0.8746264576911926
blzmqourro.mp4,0.9756249785423279
blzsfimppr.mp4,0.37756863236427307
bmablqorlk.mp4,0.9449938535690308
bmalihrewa.mp4,0.5983481407165527
bmdiaytrcm.mp4,0.08784295618534088
bmejcmawty.mp4,0.950526773929596
bmejygajwg.mp4,0.9789859056472778
bmepdrvkyy.mp4,0.9829210638999939
bmfrfuiucc.mp4,0.9514797329902649
bmfuosxwoc.mp4,0.9757934212684631
bmgidxpirq.mp4,0.897055983543396
bmgjjwxmhi.mp4,0.9540051221847534
bmgptqpfdt.mp4,0.8396115303039551
bmgyolkiyj.mp4,0.9728853702545166
bmhcbivwvf.mp4,0.9865471720695496
bmijukkheo.mp4,0.7479134798049927
bmimrgglnb.mp4,0.9838940501213074
bmiryozzvx.mp4,0.09589710831642151
bmixrenyil.mp4,0.9900001287460327
bmkglbhaiz.mp4,0.9897677302360535
bmkimqkzlh.mp4,0.789746105670929
bmkirvqnkq.mp4,0.9898191094398499
bmkzenlrkm.mp4,0.9857032299041748
bmlkelpjmp.mp4,0.97417813539505
bmlnzuebwq.mp4,0.9814158082008362
bmmdgzgqyb.mp4,0.9880905151367188
bmmyqhhwnw.mp4,0.2606741786003113
bmnpqrwnex.mp4,0.2702459394931793
bmpgdxzwpt.mp4,0.7668004631996155
bmprytqwwp.mp4,0.458880215883255
bmpxgjgryj.mp4,0.9617228507995605
bmqjjdkysw.mp4,0.9848228693008423
bmqouoakyf.mp4,0.8667253255844116
bmqxraeqaw.mp4,0.8990723490715027
bmrfnpgter.mp4,0.8861364722251892
bmskphjibo.mp4,0.9699984788894653
bmsxkitovr.mp4,0.9390339851379395
bmsylxxkly.mp4,0.9890309572219849
bmtbxkjkjq.mp4,0.16662174463272095
bmtrpwqkii.mp4,0.19741162657737732
bmuynsdqhz.mp4,0.9691044688224792
bmvsutcqxe.mp4,0.9382666349411011
bmwwownzvl.mp4,0.9898516535758972
bmydqokovk.mp4,0.988750159740448
bmyjdoslrp.mp4,0.9863913655281067
bmzdfyogfw.mp4,0.9667861461639404
bmzkjqilog.mp4,0.74766606092453
bmzsvaimta.mp4,0.9054021239280701
bmzywathcq.mp4,0.12864218652248383
bmzzkjvqpa.mp4,0.8655126690864563
bnbfkhafjz.mp4,0.988903820514679
bnbovmdeot.mp4,0.1810644418001175
bnbuqimfbn.mp4,0.7278168797492981
bnbvwywbci.mp4,0.9897093772888184
bnbxarxyqk.mp4,0.9864701628684998
bncxsmfjor.mp4,0.646099328994751
bndazrmdkj.mp4,0.9899042248725891
bndfldavtx.mp4,0.5644894242286682
bndisdunhz.mp4,0.9269667863845825
bndkaaqewo.mp4,0.9900000691413879
bneuvofkbh.mp4,0.48447614908218384
bnfhgczmrn.mp4,0.8687484860420227
bnflosxiea.mp4,0.9788700938224792
bnfofjyvlf.mp4,0.9792853593826294
bnfrdywzvv.mp4,0.9515683054924011
bnfrgecebo.mp4,0.986314594745636
bnfxesdwqu.mp4,0.9706462621688843
bngimidubc.mp4,0.24851122498512268
bngpjglyqu.mp4,0.7995786666870117
bngpswdemp.mp4,0.9864152073860168
bnhzgxxodm.mp4,0.9512844085693359
bnimtitnnc.mp4,0.2156648188829422
bnirjkrhpf.mp4,0.9678105115890503
bnivwnbzbx.mp4,0.9808017015457153
bnjdaskseq.mp4,0.9747263193130493
bnjzsmvuot.mp4,0.9900000095367432
bnlhnkfkrg.mp4,0.9503910541534424
bnlqzjegan.mp4,0.8925476670265198
bnmtqdhxig.mp4,0.9220086336135864
bnmxzioxft.mp4,0.9654119610786438
bnnbfpcvlr.mp4,0.8911699056625366
bnnbywoosz.mp4,0.18365181982517242
bnoenthkmd.mp4,0.9396898150444031
bnpsclwvrp.mp4,0.9880110621452332
bnrhpswktc.mp4,0.9273286461830139
bnrinrrsle.mp4,0.9548996686935425
bnriwtwfof.mp4,0.2207116186618805
bnrmoejozc.mp4,0.9895905256271362
bnsxuqhoei.mp4,0.11922917515039444
bntffimwve.mp4,0.9173010587692261
bnudobzshb.mp4,0.9866624474525452
bnvpafalfu.mp4,0.972097635269165
bnvtgmfunt.mp4,0.9888489842414856
bnwkhfneqp.mp4,0.32342809438705444
bnwpzorrtc.mp4,0.9897637367248535
bnwxqegocz.mp4,0.9858100414276123
bnxispqojs.mp4,0.957728385925293
bnyiorehpm.mp4,0.9693557024002075
boagmphucy.mp4,0.9836028218269348
boatuniakm.mp4,0.9846964478492737
bobulcobhw.mp4,0.9236390590667725
bobuotmbyj.mp4,0.1690523773431778
bockklctcz.mp4,0.9897137880325317
bocrnmsejn.mp4,0.9691939353942871
bodsawledj.mp4,0.9816304445266724
bodvhackdj.mp4,0.9874062538146973
boepzadatv.mp4,0.9887920618057251
bofeeihrug.mp4,0.9881712198257446
bofeuivknt.mp4,0.9843174815177917
bofgeerrrz.mp4,0.9809669852256775
bofmetrgfm.mp4,0.9291306138038635
bogcoldwxa.mp4,0.22032561898231506
bogjubshbr.mp4,0.9819608926773071
bogpwahmwx.mp4,0.8938373327255249
bohrgpvebk.mp4,0.9759823083877563
bohwfyympd.mp4,0.9399641156196594
bohxccdcoo.mp4,0.9898275136947632
boiaofxiwp.mp4,0.9899734854698181
boiexvxboc.mp4,0.9888564348220825
boigglmnof.mp4,0.9778791666030884
boioyxhfch.mp4,0.964026689529419
boirbbzkvt.mp4,0.9443053603172302
bojrkqyjdk.mp4,0.946672797203064
bolcjxqleh.mp4,0.962529182434082
bolnqgimhd.mp4,0.9189966917037964
bolpdamwfo.mp4,0.9013011455535889
bolxsckgnj.mp4,0.8946104049682617
bonanummuk.mp4,0.9603452682495117
bonatvjrzc.mp4,0.918491542339325
bonmcuwuqu.mp4,0.9618776440620422
bonwkgdpzx.mp4,0.21681790053844452
booejmgaqh.mp4,0.19563162326812744
boopvichfi.mp4,0.06973187625408173
boprewpbmp.mp4,0.40213432908058167
boqihigtcw.mp4,0.8675356507301331
boqpxyzcyc.mp4,0.9534739255905151
bordcikifg.mp4,0.9581679105758667
boreeeujiu.mp4,0.7552793025970459
bortbfnubx.mp4,0.8944141268730164
boruwivyxw.mp4,0.972425639629364
bosbcjeizu.mp4,0.9773992896080017
bosclfijdo.mp4,0.9863119721412659
bosxyhludp.mp4,0.8447452783584595
botlpnmjmt.mp4,0.9899746179580688
bouhmflnng.mp4,0.7791392803192139
boulpmuket.mp4,0.9893547296524048
bowapsnlpk.mp4,0.9595683217048645
bowgnwjhqe.mp4,0.9899999499320984
bowjhilvfm.mp4,0.5953147411346436
bowsazznoh.mp4,0.9385809898376465
boxffpjcxp.mp4,0.9843003749847412
boxrpxjcrv.mp4,0.9587346911430359
boyribbmyg.mp4,0.25459086894989014
boyvpmwkhd.mp4,0.5
bozetkdhoi.mp4,0.9443315267562866
bozhmxsghc.mp4,0.9895454049110413
bpadffygrq.mp4,0.9895668625831604
bparszhscy.mp4,0.9883458614349365
bpauyhxnlj.mp4,0.9379580616950989
bpbapwtwfa.mp4,0.9789314866065979
bpbbiubvoj.mp4,0.9819687604904175
bpbbjegsoa.mp4,0.9898204803466797
bpbkgyajts.mp4,0.6210490465164185
bpbqjruhkj.mp4,0.9770953059196472
bpbtijbhih.mp4,0.9074367880821228
bpbykjbyvp.mp4,0.9556649327278137
bpcmfykufo.mp4,0.9644535183906555
bpdvahiqem.mp4,0.9493665099143982
bpdwkgpwah.mp4,0.23809796571731567
bpeciyicig.mp4,0.9871292114257812
bpeemkcxad.mp4,0.32295167446136475
bpgekujqux.mp4,0.9055721163749695
bphdxnykou.mp4,0.9900000691413879
bphizcvcao.mp4,0.4843950867652893
bphkjrfmdf.mp4,0.9879856705665588
bphnfjxagq.mp4,0.7803475260734558
bphuuuhabb.mp4,0.7023330330848694
bpiaonpbju.mp4,0.8258852958679199
bpieoyctzo.mp4,0.5246044397354126
bpiuysyyuj.mp4,0.979840874671936
bpjkimtqtz.mp4,0.9709224700927734
bpjtvwbzjn.mp4,0.9897375106811523
bpjvxxvxvn.mp4,0.8436527252197266
bpkklvxqfc.mp4,0.7880290746688843
bpkpvrqduq.mp4,0.14466619491577148
bpkqpbfzkt.mp4,0.902582585811615
bplwjxrjfx.mp4,0.9844668507575989
bpnexhvqmc.mp4,0.9853299260139465
bpoekpidxd.mp4,0.22691497206687927
bpofwnsxhr.mp4,0.7977394461631775
bpoteqryto.mp4,0.9716708660125732
bpphufmsrn.mp4,0.9701347351074219
bpppnleeud.mp4,0.9332879185676575
bpppzfcuuw.mp4,0.9890740513801575
bppvnnfsbu.mp4,0.9772277474403381
bpqkdefbia.mp4,0.17718935012817383
bpqnqpdrvq.mp4,0.9520262479782104
bpqxgmtxli.mp4,0.9899999499320984
bprcupujiv.mp4,0.9127284288406372
bprmtindge.mp4,0.4514167010784149
bpsjqgpszt.mp4,0.9347653388977051
bpsofjvwqw.mp4,0.1867024153470993
bpsqrrutff.mp4,0.9805842638015747
bptdwbwqtp.mp4,0.9899116158485413
bptgdgggmw.mp4,0.9303680658340454
bpuaoihwyh.mp4,0.9896041750907898
bpunvjnbxu.mp4,0.978590190410614
bpurhuhrkx.mp4,0.8641565442085266
bpvimgtvqr.mp4,0.09842731803655624
bpvjdhkspw.mp4,0.7366053462028503
bpwlxljeqi.mp4,0.9809468388557434
bpxnubsfkp.mp4,0.9899998903274536
bpxsrwrgvo.mp4,0.23565711081027985
bpxxmxuvuy.mp4,0.1900922656059265
bpxymugmnd.mp4,0.9900000095367432
bpyjsrjcro.mp4,0.16686274111270905
bpylmgxfqt.mp4,0.8164729475975037
bpzskkbywi.mp4,0.9877762794494629
bqaazokwgn.mp4,0.9235723614692688
bqctsjyrnn.mp4,0.9550479650497437
bqcwckuzax.mp4,0.9892237186431885
bqdatpidkt.mp4,0.41545242071151733
bqdgeuxypv.mp4,0.6020583510398865
bqexsfjguv.mp4,0.9840549826622009
bqfuqvtgux.mp4,0.463298499584198
bqgtmfagak.mp4,0.9100976586341858
bqhcjuivwg.mp4,0.8937364220619202
bqhnwhikid.mp4,0.601499080657959
bqhuqxrncx.mp4,0.918156087398529
bqhzazlywa.mp4,0.7190727591514587
bqipgqbxuu.mp4,0.9643659591674805
bqjhlweyyl.mp4,0.9664610028266907
bqjmnairer.mp4,0.9727064967155457
bqkcbecxvc.mp4,0.5947669744491577
bqkmlqpaqw.mp4,0.9271440505981445
bqlbvmpxqe.mp4,0.975714921951294
bqmanbtedb.mp4,0.959831714630127
bqmdjsdegp.mp4,0.22369913756847382
bqmqwdsrsk.mp4,0.9847319722175598
bqnkjutgfo.mp4,0.9897614121437073
bqnrrwlhoa.mp4,0.9742414355278015
bqnwpojdfk.mp4,0.9872261881828308
bqokvgyvbc.mp4,0.922237753868103
bqouowbtrc.mp4,0.9672858715057373
bqouzypnln.mp4,0.9325566291809082
bqpueovmwa.mp4,0.31353968381881714
bqpwmmesgq.mp4,0.060516055673360825
bqqmwptktz.mp4,0.7837013006210327
bqraxecmjq.mp4,0.9814996123313904
bqrmazghsj.mp4,0.9628230333328247
bqstyqrqpk.mp4,0.9889007210731506
bqtterqjyn.mp4,0.9878528118133545
bqtwvmatah.mp4,0.9103180766105652
bqtxylbmhe.mp4,0.9704252481460571
bquixjwgjq.mp4,0.923724889755249
bquybimorp.mp4,0.12364578247070312
bqwwkjlmgv.mp4,0.9390884637832642
bqxxjdrlhv.mp4,0.9884547591209412
bqyckibuee.mp4,0.9695020318031311
bqydwaxekh.mp4,0.8400537371635437
bqylqctsxk.mp4,0.8291966915130615
bqyybmnxmk.mp4,0.9899986982345581
bqzqcnytto.mp4,0.6614799499511719
braakxlqhr.mp4,0.7868795394897461
brabohxhes.mp4,0.8666267991065979
brakjxmeoy.mp4,0.8762366771697998
brbajvtovp.mp4,0.9900000095367432
brbjuopcko.mp4,0.9735195636749268
brbkdjhodw.mp4,0.9716494083404541
brdgxmzyer.mp4,0.9900000095367432
brdtgbokzj.mp4,0.7453861236572266
brdymbhmhn.mp4,0.9900000691413879
bredrtjqhi.mp4,0.9646034240722656
brejilxlpx.mp4,0.22777101397514343
brfhgnvpvu.mp4,0.9294101595878601
brfisiknjr.mp4,0.9265199899673462
brfwaxtfov.mp4,0.9272445440292358
brgnsmjnde.mp4,0.9154589772224426
brirqrndwc.mp4,0.13651461899280548
briujhlomc.mp4,0.35330018401145935
briushizfu.mp4,0.9825291633605957
brjeffhbzl.mp4,0.9897237420082092
brjvozjthm.mp4,0.9233428239822388
brlbfrwlxc.mp4,0.9827119708061218
brljbkqojj.mp4,0.9042964577674866
brlkkskcpw.mp4,0.7052539587020874
brnmynbswu.mp4,0.9130685925483704
brnrjjaoax.mp4,0.9284383058547974
brnucgxfmt.mp4,0.9884305000305176
brokmubtek.mp4,0.983279287815094
brpegrpuhx.mp4,0.9786831140518188
brpeicyhrl.mp4,0.7898244261741638
brpgchpere.mp4,0.9722861051559448
brpyycqyiw.mp4,0.9734200835227966
brqefywkfn.mp4,0.9261201024055481
brqmvsxeaz.mp4,0.12764814496040344
brqqhvmbiv.mp4,0.37219300866127014
brsjbddase.mp4,0.9899999499320984
brthpcihdg.mp4,0.9651691317558289
brukfvnunx.mp4,0.8453985452651978
bruuugwvqy.mp4,0.9207525253295898
brvjlapnpa.mp4,0.9009432196617126
brvnvecdnm.mp4,0.29570895433425903
brvsnraikz.mp4,0.9793588519096375
brxjwopuzg.mp4,0.9830482006072998
brxnhacofm.mp4,0.982991099357605
brxswajyjy.mp4,0.9140958189964294
brxuxcgifd.mp4,0.9885657429695129
bryusijbzk.mp4,0.9898698329925537
brzhadgdbo.mp4,0.989963173866272
bsairngrxq.mp4,0.9803889989852905
bsalymlxbf.mp4,0.9778914451599121
bsaxncmxzz.mp4,0.9354844093322754
bsbnaftjxd.mp4,0.9675062298774719
bsbpkuphfu.mp4,0.5077279806137085
bsbpxvkcxj.mp4,0.9391135573387146
bsbztddlfe.mp4,0.14435967803001404
bsckuhakfc.mp4,0.9398311972618103
bsdhxityss.mp4,0.8971111178398132
bsdxszzuoz.mp4,0.8613911271095276
bsdyjymwcg.mp4,0.9845534563064575
bsedzrojkw.mp4,0.9483132362365723
bsevwuoabp.mp4,0.9844053983688354
bsfylnbgww.mp4,0.9675881266593933
bshbncamhk.mp4,0.9618048071861267
bshezooygm.mp4,0.9734560251235962
bsjucwhlrj.mp4,0.2689531445503235
bskpyfkxpt.mp4,0.9891906380653381
bskwbhoenl.mp4,0.1366753876209259
bslhiabmve.mp4,0.9555468559265137
bslqxmastf.mp4,0.9587801098823547
bslvoeizbx.mp4,0.7056330442428589
bsmnmuyakc.mp4,0.9636024236679077
bsnkefbpyl.mp4,0.9816388487815857
bsnsresrqj.mp4,0.31171897053718567
bsnweoiova.mp4,0.9863568544387817
bsovvblcxg.mp4,0.18406802415847778
bsplcozagn.mp4,0.9719770550727844
bsprlfyyyc.mp4,0.7561509609222412
bspwelmoiu.mp4,0.9384730458259583
bsqvhrfnry.mp4,0.8889207243919373
bsrwincazk.mp4,0.9789480566978455
bssfqydpps.mp4,0.08169034868478775
bsshkhbuzf.mp4,0.9565780758857727
bsspfyrpnw.mp4,0.972969651222229
bstetrqars.mp4,0.8673813343048096
bstrajsndp.mp4,0.8482711315155029
bsttzosatq.mp4,0.9596830606460571
bsujqrtvla.mp4,0.9283851385116577
bsutyosbsx.mp4,0.19768397510051727
bsvmqlmucm.mp4,0.9759244322776794
bsvwcilhko.mp4,0.9050903916358948
bswcgixolx.mp4,0.1258457750082016
bswmxwhjml.mp4,0.9756343960762024
bsxewdhhaf.mp4,0.9811073541641235
bsxikakpoo.mp4,0.988487958908081
bsxpgkrxim.mp4,0.10533154010772705
bsybhvudsq.mp4,0.7929554581642151
bsyeupjlxh.mp4,0.9590782523155212
bszswtwrra.mp4,0.23046785593032837
bszzvytfvr.mp4,0.20296503603458405
btaidzkrks.mp4,0.9798667430877686
btanrlpgrm.mp4,0.9781028032302856
btaxjrlnmj.mp4,0.7464233636856079
btayrbgjxm.mp4,0.9742876291275024
btbagxtphm.mp4,0.1896832138299942
btbvjzjlqz.mp4,0.909389078617096
btcaqtjdjz.mp4,0.8747521638870239
btclqnwhrs.mp4,0.6902772784233093
btcuttrcxi.mp4,0.1877620667219162
btdlkmhtfz.mp4,0.9528900384902954
btggyjectf.mp4,0.9823107123374939
btglxmjpxn.mp4,0.988349199295044
btgxrrldio.mp4,0.11411817371845245
btgxrvmrwy.mp4,0.9854722619056702
bthkrdubbz.mp4,0.9893672466278076
btinmklnyn.mp4,0.9735493063926697
btirbpdxwb.mp4,0.9885450601577759
btiwatmwqq.mp4,0.8526689410209656
btiznanugc.mp4,0.9828463196754456
btknugoagq.mp4,0.9798425436019897
btkqjzxhbk.mp4,0.9820869565010071
btlfyxivqz.mp4,0.9899129867553711
btlqqvfuck.mp4,0.35264408588409424
btlxobdodr.mp4,0.964841902256012
btmhnidnpq.mp4,0.9425628185272217
btmwchvxxo.mp4,0.9672178626060486
btmztqmmgb.mp4,0.4485977590084076
btnbabtddl.mp4,0.749310314655304
btnolnefoi.mp4,0.21085138618946075
btnrjiboxc.mp4,0.971153199672699
btootkmwxu.mp4,0.9723055958747864
btpaxvxwid.mp4,0.08535318821668625
btpsqnldul.mp4,0.963109016418457
btqgwrjgwn.mp4,0.9785904884338379
btqktbhalb.mp4,0.3142228126525879
btqqucipfc.mp4,0.9377732276916504
btrnnpruie.mp4,0.9249424338340759
btrtwbssow.mp4,0.7889618277549744
btrzghvcoy.mp4,0.9591221809387207
btsrawjyyo.mp4,0.8027362823486328
bttjrhkjec.mp4,0.9872342944145203
bturisblmo.mp4,0.9898958206176758
btvfmagwff.mp4,0.9873824715614319
btvmjiulnh.mp4,0.9703917503356934
btvxpbzdth.mp4,0.5499445199966431
btweniisjp.mp4,0.9605798125267029
btxgjsonxg.mp4,0.08958964794874191
btxjufhiaz.mp4,0.9086562395095825
btxusvfopn.mp4,0.9864073395729065
btyfnqjhhm.mp4,0.9887704253196716
btypbhkzns.mp4,0.9650642275810242
btyqcbvpmp.mp4,0.7930062413215637
btzdobfdib.mp4,0.9598357081413269
btznklglil.mp4,0.9079380631446838
btzqiokysa.mp4,0.5339592099189758
btzrnskuas.mp4,0.9593543410301208
btzxsegllg.mp4,0.9569745659828186
buadafzmbv.mp4,0.5508477687835693
bubbmjnmge.mp4,0.9757246971130371
bubkdbpjze.mp4,0.9775460958480835
buctvoahji.mp4,0.2630077600479126
budaogjsut.mp4,0.9785928726196289
buejhiahpy.mp4,0.9383565187454224
buellpgdem.mp4,0.9542494416236877
buemqdmdwu.mp4,0.913134753704071
buetnnfjqk.mp4,0.33821621537208557
buezutuhse.mp4,0.8913804888725281
bufechrihn.mp4,0.599516749382019
bufrlvvuuu.mp4,0.1754295378923416
bufwbibdil.mp4,0.8830735683441162
bufwdtjsqq.mp4,0.4888537526130676
bugaupvytx.mp4,0.9794185161590576
bugymqgirs.mp4,0.9852988719940186
buhcfgpuyk.mp4,0.952185332775116
buhiqfnqdw.mp4,0.8234018683433533
buhshnytys.mp4,0.3775991201400757
bujfwowzml.mp4,0.9767324924468994
bujurekuaj.mp4,0.9468489289283752
bukdnrigys.mp4,0.9120874404907227
bukegrztbb.mp4,0.9733669757843018
bukrebcogf.mp4,0.9862561821937561
bukujzbexf.mp4,0.22956140339374542
bulmuhdpit.mp4,0.9898433685302734
bumzkmncht.mp4,0.9642094969749451
bunqceeubj.mp4,0.9687077403068542
bunqneptba.mp4,0.2135552316904068
buopqdpctq.mp4,0.1375262588262558
buottofqbp.mp4,0.9841961860656738
buovtlnzaz.mp4,0.3043149709701538
buphywxmpz.mp4,0.9031482934951782
buqfbklybo.mp4,0.9483080506324768
busedsjyyy.mp4,0.9698053598403931
butcbdayfp.mp4,0.19928497076034546
buttwssduj.mp4,0.8968905210494995
buuxmgfpny.mp4,0.9049326777458191
buvqtyoodn.mp4,0.9518853425979614
buxmjdnowq.mp4,0.9874814748764038
buyniyufbw.mp4,0.9378834962844849
buywrbgfqy.mp4,0.09970536082983017
buzqmuifod.mp4,0.8897189497947693
buzzvnnfkp.mp4,0.9545068144798279
bvaajzstgj.mp4,0.4982505142688751
bvagqyahki.mp4,0.7487707734107971
bvavrwigvx.mp4,0.9628182053565979
bvayvrdpvp.mp4,0.9833205342292786
bvazvhiwji.mp4,0.9749164581298828
bvbekshaej.mp4,0.868566632270813
bvbgrnnbsi.mp4,0.14389534294605255
bvbkmfvscw.mp4,0.9891341924667358
bvbnqnfmed.mp4,0.5629412531852722
bvbrngubgv.mp4,0.9885877370834351
bvbxaenure.mp4,0.9807448387145996
bvcgjefely.mp4,0.9767228364944458
bvchleajgn.mp4,0.9899642467498779
bvdkuotfnw.mp4,0.979008674621582
bvdncdyxls.mp4,0.9390566945075989
bvdtoxlnzp.mp4,0.9305070042610168
bvejtrjahj.mp4,0.9312400817871094
bvfivlvvho.mp4,0.9681586623191833
bvfiynbqar.mp4,0.11072815954685211
bvflkesiug.mp4,0.475318044424057
bvfxnmejnh.mp4,0.9763330221176147
bvhmwphflz.mp4,0.3376694917678833
bvhqmyzqow.mp4,0.954642653465271
bvhtcinegi.mp4,0.9747572541236877
bvibhzfhla.mp4,0.988753080368042
bvigkozalf.mp4,0.9899163246154785
bvimbeuchl.mp4,0.9649282693862915
bvixqdtskk.mp4,0.9410630464553833
bviychitvv.mp4,0.9841720461845398
bvjdckijtv.mp4,0.6388974785804749
bvjdrocsro.mp4,0.7547907829284668
bvjribybbl.mp4,0.9741334319114685
bvkfgeyaif.mp4,0.9281905889511108
bvlehtmqzn.mp4,0.7425014972686768
bvoxyumctv.mp4,0.9893971681594849
bvpqatdnyb.mp4,0.989719808101654
bvqhfltctv.mp4,0.9660648703575134
bvqogultwl.mp4,0.6647977828979492
bvquaufoey.mp4,0.9876075983047485
bvqvuhzzrq.mp4,0.9279497861862183
bvrgsnsqql.mp4,0.94130539894104
bvrhroydzw.mp4,0.8521500825881958
bvstgibbuo.mp4,0.9681522846221924
bvszoquzra.mp4,0.6762570738792419
bvszwamatk.mp4,0.9458698034286499
bvtdgrscfl.mp4,0.935925304889679
bvtltnsjdy.mp4,0.9805524945259094
bvtscpmrlo.mp4,0.9545160531997681
bvujlvvord.mp4,0.4757002294063568
bvvbtgcwxk.mp4,0.9898545145988464
bvvlsicddb.mp4,0.9899584054946899
bvvtplzwnt.mp4,0.46714937686920166
bvwsprcjha.mp4,0.34931954741477966
bvxgwnzdtg.mp4,0.9708186388015747
bvxtphxeku.mp4,0.9874304533004761
bvylomlyys.mp4,0.8968435525894165
bvyvzmnjwd.mp4,0.7960460782051086
bwabxrljfa.mp4,0.9802977442741394
bwaeskbdin.mp4,0.9756402969360352
bwagweehvu.mp4,0.9892202615737915
bwahtlquns.mp4,0.8100964426994324
bwaorjqqwn.mp4,0.8628645539283752
bwdcagaquo.mp4,0.9878368973731995
bwditoozfz.mp4,0.9415041208267212
bwedvpmotz.mp4,0.07558335363864899
bweqhxlrrm.mp4,0.6604824662208557
bwetgseinq.mp4,0.9898577332496643
bwetzcoeor.mp4,0.8276821374893188
bwflusfvxg.mp4,0.9898760914802551
bwfulxdqjx.mp4,0.9900000095367432
bwgsdyeptx.mp4,0.9606313109397888
bwhdmdqwba.mp4,0.6631811857223511
bwhxpexqsw.mp4,0.9223402738571167
bwibhtuldm.mp4,0.3140020966529846
bwitpcpzcd.mp4,0.7045685052871704
bwjzwayrkk.mp4,0.5877397656440735
bwkjzpzamn.mp4,0.9423360228538513
bwkvqzypli.mp4,0.43330103158950806
bwlffzgmgp.mp4,0.9656359553337097
bwlrxzhaew.mp4,0.9817577600479126
bwmbbmtsfi.mp4,0.9900001287460327
bwmqlgmzln.mp4,0.09104835242033005
bwnugdtpui.mp4,0.9661200642585754
bwocxfcknz.mp4,0.9419660568237305
bwopxuzykt.mp4,0.14145110547542572
bwpuxeqbso.mp4,0.9898045659065247
bwqbndignx.mp4,0.9577299952507019
bwqfjaxyjb.mp4,0.7617042064666748
bwqfwesgqk.mp4,0.9806432127952576
bwrdkiirsu.mp4,0.9802023768424988
bwrvwiwdbd.mp4,0.9596334099769592
bwsekuehyo.mp4,0.9831395745277405
bwsfcdhbiw.mp4,0.9899999499320984
bwshqkblkm.mp4,0.984532356262207
bwtgujxyhs.mp4,0.9840590953826904
bwtuvbsgfa.mp4,0.33691513538360596
bwtywzusnc.mp4,0.9305808544158936
bwuqunogsd.mp4,0.9136584997177124
bwuvkociif.mp4,0.9553949236869812
bwvzxzumop.mp4,0.9899881482124329
bwwcmftycf.mp4,0.9393602013587952
bwwdvjtzzp.mp4,0.7497708201408386
bwwxahlxhr.mp4,0.9414668083190918
bwwxcxbqlq.mp4,0.8814161419868469
bwwynencjv.mp4,0.9880845546722412
bwxcxqmuyo.mp4,0.6400390863418579
bwxfakgakt.mp4,0.7937295436859131
bwxkyqwwcb.mp4,0.9343870282173157
bwxpsmsefj.mp4,0.9716609120368958
bwxwlgbkal.mp4,0.8579252362251282
bwxwuttmul.mp4,0.9388617873191833
bwxxgqzihu.mp4,0.9873384237289429
bwykciwlwm.mp4,0.6533638834953308
bwyvrcczte.mp4,0.9020823836326599
bwywgggeen.mp4,0.791511595249176
bwywukcbwc.mp4,0.09867390245199203
bxajwykzqi.mp4,0.9886584281921387
bxbfpzbkwl.mp4,0.9774222373962402
bxcmqokvfk.mp4,0.9778404831886292
bxctqseswc.mp4,0.8308162093162537
bxdyjejzht.mp4,0.9643341898918152
bxefyimnqr.mp4,0.9073646068572998
bxeprijnls.mp4,0.9833381772041321
bxeyjgwycq.mp4,0.9810328483581543
bxfnvvwjvc.mp4,0.7702587842941284
bxfwiuvafo.mp4,0.8692647814750671
bxgesmkqrs.mp4,0.9382333755493164
bxgxbipxxu.mp4,0.887160062789917
bxhyaulwtg.mp4,0.07279051840305328
bxjwspywsy.mp4,0.892967939376831
bxkalrcdyx.mp4,0.8494530916213989
bxldffbnsq.mp4,0.9426979422569275
bxlhwmsfmt.mp4,0.9815329909324646
bxnwhbnjnp.mp4,0.987970769405365
bxnzbjlgsx.mp4,0.9900000095367432
bxoerjwing.mp4,0.799841046333313
bxoqjcxxtk.mp4,0.7719869613647461
bxqercyauk.mp4,0.9186175465583801
bxqgvzamnx.mp4,0.12405210733413696
bxqwzqvtym.mp4,0.8365676999092102
bxrpqqvpfk.mp4,0.8086596727371216
bxsdnqizii.mp4,0.34673336148262024
bxswfhqcbc.mp4,0.49001163244247437
bxswpxalxm.mp4,0.9024662971496582
bxtayevhbw.mp4,0.9899999499320984
bxujrixvnt.mp4,0.9266642332077026
bxxovxktqn.mp4,0.9614974856376648
bxxucoyrxf.mp4,0.9866893887519836
bxzsqcfbjs.mp4,0.9900000095367432
bxzzmbhwiu.mp4,0.9090234041213989
byajlgbxeb.mp4,0.9900000691413879
byavookkdu.mp4,0.9200859665870667
bybazuaxcd.mp4,0.9639409780502319
bybudefjsm.mp4,0.9878353476524353
bycahicdry.mp4,0.9826372861862183
bycyalhlxv.mp4,0.984234631061554
byeisklyzt.mp4,0.9896764755249023
byfappkcff.mp4,0.989069938659668
byfdhsjrkt.mp4,0.8504884839057922
bygbpfunju.mp4,0.8095553517341614
bygcjtxpzt.mp4,0.6785503625869751
bygliesdxg.mp4,0.9582348465919495
bygmwmgzne.mp4,0.9900000095367432
byhcnbxbhc.mp4,0.9590677618980408
byhfdzwppd.mp4,0.9900001287460327
byhnpxstqf.mp4,0.9900000095367432
byiminimdm.mp4,0.8861221075057983
byivdbmffg.mp4,0.983420729637146
byjoihgsaq.mp4,0.7122344374656677
byjuufxrwl.mp4,0.9857300519943237
bykbyvzxog.mp4,0.2192302644252777
bykjvweucb.mp4,0.8789138793945312
byldztfret.mp4,0.19410794973373413
bylkmqbkkz.mp4,0.8965670466423035
bylpobinsn.mp4,0.9854715466499329
bymdnvzzvf.mp4,0.10920032858848572
bymiurlofm.mp4,0.6572781205177307
bynjfympwi.mp4,0.5290696620941162
bynwaqcgnj.mp4,0.9662021994590759
bynyqmbonf.mp4,0.980634331703186
byocokuicb.mp4,0.960739254951477
byorayoofg.mp4,0.9838763475418091
bypnfnyrcl.mp4,0.9833644032478333
byqvbitrlo.mp4,0.9365626573562622
byrbgeowil.mp4,0.9008533954620361
byrclwttja.mp4,0.9824865460395813
byrjdpnkhz.mp4,0.19530971348285675
bytiwsyfjr.mp4,0.9806084632873535
bytzlcfmqy.mp4,0.905577540397644
byusjuglvw.mp4,0.7284196615219116
byuzgbyyrs.mp4,0.07601235061883926
byvgilzydb.mp4,0.9666591882705688
byvglwkkoc.mp4,0.9828636050224304
byvnucyqov.mp4,0.9778153896331787
byvsfehvwc.mp4,0.8570559620857239
bywkfvypwj.mp4,0.989247739315033
bywkznbyha.mp4,0.8169289827346802
byxasxlnqy.mp4,0.9854456186294556
byxbsuazip.mp4,0.8251550197601318
byxgtvarwn.mp4,0.7254030704498291
byxkpgcpzq.mp4,0.986518144607544
byxuznmdfc.mp4,0.9827442169189453
byzdqbsjhs.mp4,0.9885989427566528
byzhqvspaz.mp4,0.1394660323858261
byzqulbpmw.mp4,0.9817870855331421
byzsrsnsva.mp4,0.9403305649757385
bzadvtcrbc.mp4,0.6282262802124023
bzagvgsgrf.mp4,0.49175578355789185
bzaqomdlim.mp4,0.49365633726119995
bzbmbnulzr.mp4,0.5160782337188721
bzbmowfkgs.mp4,0.9878568053245544
bzbtqgbrdl.mp4,0.9830405116081238
bzbvxuhvmj.mp4,0.9400909543037415
bzbvyrxzki.mp4,0.9680526852607727
bzcllqzvps.mp4,0.9892911314964294
bzcuildyyg.mp4,0.9846193194389343
bzcytcuhwh.mp4,0.9570452570915222
bzdhpjxqbp.mp4,0.9754454493522644
bzdywpajvr.mp4,0.748437225818634
bzenjqbqag.mp4,0.8707643747329712
bzexfqueet.mp4,0.9670642018318176
bzfwuhytjx.mp4,0.12599658966064453
bzgbexteux.mp4,0.9832973480224609
bzhchxiwlf.mp4,0.9882045388221741
bzhxqsgtyb.mp4,0.9900000095367432
bzifuhigbw.mp4,0.988712728023529
bziiryxwqb.mp4,0.9878472089767456
bzizbjayot.mp4,0.9811121821403503
bzkcxleaos.mp4,0.1660744547843933
bzkgdqauwi.mp4,0.9712480306625366
bzktkihnst.mp4,0.9896153211593628
bzkwftgenj.mp4,0.1248038038611412
bzkyhbjpbz.mp4,0.0652749314904213
bzmkdtmpch.mp4,0.9239882230758667
bzmucsxecs.mp4,0.6686701774597168
bznqlkvooi.mp4,0.9343063235282898
bznvpsqshz.mp4,0.2678304612636566
bzobkqewtt.mp4,0.9875643253326416
bzohuudija.mp4,0.9540085196495056
bzonnzpmxa.mp4,0.9777107238769531
bzpakhiczx.mp4,0.9868915677070618
bzprpvomfu.mp4,0.9874740242958069
bzpyicwhcr.mp4,0.8150222897529602
bzqfrfmgzb.mp4,0.6298393607139587
bzqkplrsnt.mp4,0.9826056361198425
bzqsqecznf.mp4,0.979369580745697
bzriviqbdr.mp4,0.9797572493553162
bzsdvoxjzz.mp4,0.9899999499320984
bzsnkjzneg.mp4,0.9132739901542664
bzswtcvvak.mp4,0.9513255953788757
bzsxxqcyny.mp4,0.9735275506973267
bztufjtujr.mp4,0.9880819916725159
bzvkhvjaeo.mp4,0.9843971133232117
bzvlmeobfl.mp4,0.1037299707531929
bzwicfdrmu.mp4,0.380150705575943
bzxefrmihn.mp4,0.9730657339096069
bzxgrvhkiz.mp4,0.955106794834137
bzymycufbd.mp4,0.9678588509559631
bzypdvmjsf.mp4,0.9848765730857849
bzzovdtlpc.mp4,0.9246344566345215
bzzvxykyza.mp4,0.6832110285758972
caanukzrlh.mp4,0.4574979543685913
cabhgzgpba.mp4,0.3193550109863281
cabjaiwamo.mp4,0.9422749280929565
cabuhwkols.mp4,0.9882910847663879
cacaalogqa.mp4,0.7893625497817993
cacdswmrdp.mp4,0.36990031599998474
cadunqdqla.mp4,0.8930917382240295
caehfiqwkj.mp4,0.7861807942390442
caeyzwnpor.mp4,0.945203959941864
cafsyijwpm.mp4,0.9835277795791626
cagoqwiopu.mp4,0.9857344627380371
cagtrwvmbf.mp4,0.8976927995681763
cahbpophdl.mp4,0.8956971764564514
cahxxqxnto.mp4,0.982147216796875
caiawngylm.mp4,0.8583887815475464
caikegrhfs.mp4,0.1451246440410614
caiunsnquf.mp4,0.9393042325973511
cajtodmmwx.mp4,0.9899649620056152
cajxctvlfj.mp4,0.7698198556900024
calgsvuncg.mp4,0.8133138418197632
calnloxfdm.mp4,0.9577854871749878
calqcklglq.mp4,0.9899712800979614
calwihtnjm.mp4,0.9192203879356384
cambmhacur.mp4,0.9900000095367432
camjjcxnhk.mp4,0.9881973266601562
canjrymigo.mp4,0.9897846579551697
canptnddwm.mp4,0.9409332871437073
caohlfazlx.mp4,0.24145033955574036
caperzzilq.mp4,0.5170209407806396
caphzofvrj.mp4,0.14185428619384766
caplninunw.mp4,0.7263746857643127
caqderfjql.mp4,0.9615887403488159
caqrutmoif.mp4,0.3992001414299011
caqwaugebu.mp4,0.9900000095367432
carqvcydoc.mp4,0.9900001287460327
carvrcfwwu.mp4,0.9863266348838806
catdhymrfz.mp4,0.13350191712379456
cathvygbkb.mp4,0.9468644857406616
catwfsejfc.mp4,0.9896222949028015
cauthxezhw.mp4,0.7562785148620605
cavvofhzgz.mp4,0.9573895931243896
caxdhwpyww.mp4,0.8209104537963867
caxsyphmru.mp4,0.9740132093429565
caybvafaow.mp4,0.9154911041259766
caydsjdmfw.mp4,0.9900001287460327
caygzclxfm.mp4,0.7445580959320068
cayjarbgsx.mp4,0.9863958954811096
cayliwbhpq.mp4,0.4697818160057068
caypwrfwar.mp4,0.9848328828811646
cazhchqjke.mp4,0.9667641520500183
caznfplucs.mp4,0.15995481610298157
cbanufeqzb.mp4,0.9804298281669617
cbaubihobq.mp4,0.14515899121761322
cbbkxznyfe.mp4,0.9874959588050842
cbbmihedlz.mp4,0.1805802583694458
cbbugjbzwq.mp4,0.48940929770469666
cbcjilnpfa.mp4,0.9853432774543762
cbcjuhdped.mp4,0.7213490009307861
cbdkwabria.mp4,0.9859405159950256
cbdnonogrk.mp4,0.6415645480155945
cbdquwkipe.mp4,0.12019074708223343
cbdsqeqqgw.mp4,0.989999532699585
cbebeaznzy.mp4,0.16726979613304138
cbergyymhr.mp4,0.9777619242668152
cbezijagez.mp4,0.6815392971038818
cbffzyuzmb.mp4,0.25395727157592773
cbfvkzmyus.mp4,0.9779404401779175
cbgcrtddef.mp4,0.781791090965271
cbhqylgtxg.mp4,0.9814764857292175
cbieewabwp.mp4,0.9571602940559387
cbiqnvszuw.mp4,0.9733434319496155
cbjztcfamt.mp4,0.2510550022125244
cbkaohrtkz.mp4,0.9245793223381042
cbkojiiyes.mp4,0.8113726377487183
cbkpffismt.mp4,0.9808485507965088
cbkuuhtttt.mp4,0.8438727855682373
cblcntsvln.mp4,0.41506195068359375
cblquvzvyl.mp4,0.9825573563575745
cbntmghmkn.mp4,0.9868600368499756
cboefaupik.mp4,0.9526158571243286
cborltcwhi.mp4,0.9899613857269287
cboztpdgxt.mp4,0.20550766587257385
cbpjvmtmzx.mp4,0.6320126056671143
cbqdpfnktj.mp4,0.1074669137597084
cbqfgqronr.mp4,0.924261748790741
cbqteothjv.mp4,0.9898450374603271
cbrlmpovtt.mp4,0.9900001287460327
cbsefmnkpy.mp4,0.10550463944673538
cbsskjhefa.mp4,0.9365271329879761
cbtgceekxe.mp4,0.13621287047863007
cbueuqdcth.mp4,0.23303329944610596
cbvqvlydjm.mp4,0.9888280034065247
cbwsdexwwm.mp4,0.9900000095367432
cbxlwnkrpz.mp4,0.9209243059158325
cbxphbzrvy.mp4,0.9645470380783081
cbxtulzkxr.mp4,0.7343003153800964
cbxvvgybsy.mp4,0.9843469262123108
cbxyzwaoal.mp4,0.9868296980857849
cbzdfewrhy.mp4,0.9440913796424866
ccafjjfqid.mp4,0.0826709121465683
ccaihvldle.mp4,0.925138533115387
ccakgpvupa.mp4,0.9127874374389648
ccbnlgdfjs.mp4,0.9561254382133484
ccboyxnmtw.mp4,0.9900001287460327
ccbsknxdyc.mp4,0.9808838367462158
cccdhhehej.mp4,0.9900000095367432
cccwbhcnwe.mp4,0.17890234291553497
ccdgiezfdv.mp4,0.7425079941749573
ccdhupjnbm.mp4,0.9677346348762512
ccdidtvycw.mp4,0.9609474539756775
ccdlnpaaki.mp4,0.8571094870567322
ccdpnwqbal.mp4,0.8767099380493164
ccdpvedhkd.mp4,0.9345867037773132
ccdxkfjwdc.mp4,0.9900000095367432
cceqjxezdw.mp4,0.9846634268760681
ccesiweode.mp4,0.9517164826393127
ccevbixrwu.mp4,0.3389848470687866
ccfhogoqpm.mp4,0.9512444734573364
ccfloicpbc.mp4,0.9892489314079285
ccftfhdfnn.mp4,0.5570429563522339
ccfvwveyfl.mp4,0.9457867741584778
ccfyxpgstu.mp4,0.982480525970459
ccgbzvaicj.mp4,0.19171200692653656
ccggjgnzws.mp4,0.9898677468299866
ccggqzuotg.mp4,0.9717767238616943
cchbkkgxts.mp4,0.3192616403102875
cchfwuzqmn.mp4,0.9763645529747009
cchjuvkwhi.mp4,0.6938568353652954
cciabaezvr.mp4,0.985231339931488
ccihgtfigm.mp4,0.5372725129127502
ccipcmxaef.mp4,0.5
ccjbwowrzr.mp4,0.9514451622962952
ccjdqupbqr.mp4,0.2836713492870331
ccjrrkbxjg.mp4,0.7462825179100037
ccjwpkwdtx.mp4,0.9648979306221008
cckzuzizjm.mp4,0.9820290803909302
cclusswnlb.mp4,0.8560886383056641
ccmpbioauu.mp4,0.3059273660182953
ccnmwmmoaq.mp4,0.6882784962654114
ccpnakarci.mp4,0.7546866536140442
ccpwkvdjir.mp4,0.13512513041496277
ccpxfwqifj.mp4,0.2874211370944977
ccpzqqemva.mp4,0.9894784688949585
ccqspukmcr.mp4,0.8737367987632751
ccqvrbikis.mp4,0.1832113265991211
ccrtvyylwu.mp4,0.9253445267677307
ccsohxdeyz.mp4,0.8885512351989746
cctpcnsfka.mp4,0.2760499119758606
ccufwwpkrc.mp4,0.858275830745697
ccuptgcaex.mp4,0.9896005988121033
ccvgsjbwmz.mp4,0.8888728618621826
ccxqrysmxj.mp4,0.9173344373703003
ccxtpaqpsc.mp4,0.9539875388145447
ccyphmrxrf.mp4,0.9315311908721924
ccyykriupf.mp4,0.9548850655555725
ccyymgragw.mp4,0.9851178526878357
ccyywzfvii.mp4,0.13794882595539093
cczexzhuou.mp4,0.6594754457473755
ccziopimrm.mp4,0.9361177682876587
cczirkefmi.mp4,0.16872358322143555
cczxmsfutp.mp4,0.9811275005340576
cdadymfdql.mp4,0.9899999499320984
cdbjpehdnv.mp4,0.9881937503814697
cddckmwrdc.mp4,0.9780176281929016
cddghncyfn.mp4,0.9844057559967041
cddqkogvva.mp4,0.6993496417999268
cddykxfiii.mp4,0.9858553409576416
cdeesuuuqz.mp4,0.15064725279808044
cdelzdhqpc.mp4,0.98505038022995
cdenhadzhi.mp4,0.9580393433570862
cdffygfgcz.mp4,0.20405353605747223
cdfvyezjis.mp4,0.9900000095367432
cdgsptpqet.mp4,0.15937693417072296
cdgulhthen.mp4,0.9593741297721863
cdhdwtdbpe.mp4,0.1846909373998642
cdhiogrmhb.mp4,0.6334075331687927
cdhqahmfqo.mp4,0.17550624907016754
cdigrftghi.mp4,0.7830245494842529
cdjglvxapn.mp4,0.5027607679367065
cdjisxdgbq.mp4,0.9850558042526245
cdketmfmnm.mp4,0.17831303179264069
cdkniwszmf.mp4,0.7197716236114502
cdlusurrps.mp4,0.9568860530853271
cdnizjybej.mp4,0.9835468530654907
cdnookrehk.mp4,0.988341212272644
cdnzwnhxle.mp4,0.7636747360229492
cdomdwytdp.mp4,0.987141489982605
cdosaiyoln.mp4,0.9860067963600159
cdpnnebwfa.mp4,0.8791376352310181
cdrdflgopu.mp4,0.4284192621707916
cdrktlivps.mp4,0.6029270887374878
cdrxdvdxwt.mp4,0.1611257940530777
cdslfmsvir.mp4,0.9793082475662231
cdspzxitmn.mp4,0.8405057787895203
cdtvurrrzb.mp4,0.9853264093399048
cdubvdkuby.mp4,0.41858527064323425
cdubynoclz.mp4,0.36411795020103455
cduovsffmz.mp4,0.9700092673301697
cdutdcaovc.mp4,0.8368353247642517
cduujihlvh.mp4,0.44830891489982605
cduxnbnejb.mp4,0.9897873997688293
cdwhtpnuia.mp4,0.07532812654972076
cdwtzresja.mp4,0.9829017519950867
cdxktalois.mp4,0.9891180992126465
cdxowomrhk.mp4,0.21593187749385834
cdxxenjwam.mp4,0.07635760307312012
cdyoiiuszk.mp4,0.9866437315940857
cdyxbkszli.mp4,0.8582286238670349
cdzjzjavcc.mp4,0.911114513874054
cdzxeitqld.mp4,0.9899998903274536
ceajctiezl.mp4,0.9610137343406677
cebbgoldtx.mp4,0.9730291962623596
cebpfewlbd.mp4,0.9671659469604492
cebtyutbtn.mp4,0.9871182441711426
cedilmtdmi.mp4,0.986291766166687
cedlqcxazg.mp4,0.9861213564872742
cedneyiutj.mp4,0.9574779868125916
cedpyannqf.mp4,0.30765238404273987
cedpzscejx.mp4,0.6290527582168579
ceeggdnwek.mp4,0.9856144785881042
ceelmfvdxi.mp4,0.8526240587234497
ceeutxgbzd.mp4,0.9870229959487915
ceezfxqjrt.mp4,0.8154470324516296
ceffvfqkyb.mp4,0.9629692435264587
cefolmrrlx.mp4,0.4784252643585205
cefqtwwdir.mp4,0.9899999499320984
cegdayfefc.mp4,0.9861584305763245
cehtpjzpes.mp4,0.9568940997123718
ceiaeqrsvl.mp4,0.9732770919799805
ceirhouonh.mp4,0.7881877422332764
cejcybcemu.mp4,0.9659906625747681
cejimtkdoq.mp4,0.06746483594179153
ceketlqsrm.mp4,0.607720673084259
celpgkvgpb.mp4,0.9838153123855591
celyntkwbj.mp4,0.9718005061149597
cemickbskt.mp4,0.9475143551826477
cemkckfnfn.mp4,0.3968140184879303
cemtyyxdti.mp4,0.9561010599136353
cenmgmzjqp.mp4,0.9873623847961426
ceotvqfajr.mp4,0.954609751701355
ceoyuhoxof.mp4,0.9383547306060791
cepqcoseaj.mp4,0.3900514841079712
cepsnuvlqu.mp4,0.9856902956962585
ceqmqgzewb.mp4,0.9796615839004517
cerwxjqsmv.mp4,0.9199598431587219
cesgmngaco.mp4,0.9532132148742676
cesiuumrwj.mp4,0.9442583322525024
cesyydepjw.mp4,0.92808997631073
cetjuevdbj.mp4,0.9865164756774902
cetnkjijcl.mp4,0.9753968119621277
ceufzuzydq.mp4,0.9883831739425659
ceuvcoplbs.mp4,0.7876058220863342
cevrqoqrpm.mp4,0.9854846000671387
cewalfidka.mp4,0.4593559503555298
cewbjmqyic.mp4,0.981955349445343
cexmizogbp.mp4,0.27616646885871887
ceyewzqnup.mp4,0.9860411286354065
ceyvswmikv.mp4,0.29632073640823364
cfaelcvldo.mp4,0.7304835319519043
cfcjjaembf.mp4,0.9741511940956116
cfcrgdvupt.mp4,0.9899999499320984
cfdlyhelif.mp4,0.9793531894683838
cfeccumoiy.mp4,0.987643301486969
cfegjchptu.mp4,0.989359438419342
cfepgwphfx.mp4,0.9897156953811646
cffobunthq.mp4,0.989759087562561
cfgvdxxrwb.mp4,0.21341988444328308
cfhoqpdzqb.mp4,0.9485651254653931
cfijmnlmjz.mp4,0.4261959493160248
cfiwjsjltu.mp4,0.5366199612617493
cfjfplnbrd.mp4,0.9614970088005066
cfjfyptzwn.mp4,0.9860373139381409
cfjvctusjp.mp4,0.7755681276321411
cfkbnqpbpm.mp4,0.6014283895492554
cfkjxylprk.mp4,0.9880664348602295
cfkodaajhv.mp4,0.9865400791168213
cflajhyjwz.mp4,0.9528505206108093
cfmiliboth.mp4,0.9898446202278137
cfmjwmqgjd.mp4,0.9880802631378174
cfmnirsgxs.mp4,0.12652991712093353
cfmskgcrrm.mp4,0.976486086845398
cfmxdisump.mp4,0.8936631083488464
cfmxhruvov.mp4,0.2136877030134201
cfnbltpvbr.mp4,0.9344439506530762
cfnlqhqhvp.mp4,0.9766610264778137
cfogjeundg.mp4,0.7954723238945007
cfozboeyaq.mp4,0.8745597004890442
cfpblexucf.mp4,0.9847250580787659
cfpwugwvjj.mp4,0.9784307479858398
cfqmnjcuwa.mp4,0.1052616760134697
cfqnmpqyrv.mp4,0.9735097289085388
cfrdfuunan.mp4,0.9518202543258667
cfryhrtbkr.mp4,0.9872853755950928
cfsdvzrckg.mp4,0.9856329560279846
cfskcbujka.mp4,0.9425405263900757
cftaeufnmp.mp4,0.9900001883506775
cftlnhvkjm.mp4,0.9813294410705566
cfuilgjref.mp4,0.28910115361213684
cfuwvsrylm.mp4,0.9048172235488892
cfvdlhypmw.mp4,0.9689425230026245
cfvdrawtgq.mp4,0.18199147284030914
cfwdlimdjk.mp4,0.9767669439315796
cfwjfzjdby.mp4,0.9896727800369263
cfwjpthcpu.mp4,0.9871417284011841
cfwsamzybv.mp4,0.9863566160202026
cfxypsulos.mp4,0.9621466994285583
cfzfhvyrsr.mp4,0.7715430855751038
cgakuqkotg.mp4,0.9544486403465271
cgaoujuasi.mp4,0.8489731550216675
cgauqjrqrb.mp4,0.10845185071229935
cgbcoyyuhn.mp4,0.9887160062789917
cgbfmokzmf.mp4,0.8831082582473755
cgbjtfbljp.mp4,0.9514302611351013
cgcfrcephg.mp4,0.9511652588844299
cgcmdddbch.mp4,0.9858179092407227
cgdpimxyqd.mp4,0.9465572237968445
cgdrflfmom.mp4,0.9894334673881531
cgebtadovo.mp4,0.7421680688858032
cgefriykjw.mp4,0.3475825786590576
cgejubwayd.mp4,0.9190221428871155
cgetledlxm.mp4,0.8664493560791016
cggdptapsj.mp4,0.9335299730300903
cggngboudt.mp4,0.9871267080307007
cgheccdlif.mp4,0.26214930415153503
cghklgzlau.mp4,0.1326654702425003
cghmcisqjh.mp4,0.16894161701202393
cgifdoaosl.mp4,0.9762470722198486
cgirwxsied.mp4,0.9662427306175232
cgjmjdenqi.mp4,0.43731677532196045
cgjqegcfvz.mp4,0.9824188947677612
cgkkwecgjq.mp4,0.9750900864601135
cgksdoyyxv.mp4,0.6356827020645142
cgkuwkbpsx.mp4,0.988786518573761
cglpyitrzw.mp4,0.8607156276702881
cgmcrovuwg.mp4,0.2347644865512848
cgmrbwbsmr.mp4,0.9889519810676575
cgntouozbs.mp4,0.9900000691413879
cgomfzqjeu.mp4,0.9894428253173828
cgoqhidgvq.mp4,0.1521584689617157
cgpoltonnr.mp4,0.963811457157135
cgqnxavvus.mp4,0.9860312938690186
cgrgytpdjg.mp4,0.9734680652618408
cgshwqygpt.mp4,0.9742910861968994
cgswtobqsw.mp4,0.8841743469238281
cgtazaiapf.mp4,0.9900000691413879
cgtfmnnfrw.mp4,0.9708991646766663
cgttnbybei.mp4,0.9715530872344971
cgttzpagqf.mp4,0.9831381440162659
cguelfepci.mp4,0.9804494380950928
cguelxskll.mp4,0.7406399250030518
cguwnxrdgl.mp4,0.9522807598114014
cgvffsrefc.mp4,0.22594405710697174
cgvgfncfzs.mp4,0.9861831665039062
cgvnxghqbl.mp4,0.9899404048919678
cgvwhhfpha.mp4,0.9588831067085266
cgvxnadtdm.mp4,0.983447253704071
cgwwzjscib.mp4,0.989812970161438
cgxbvngoek.mp4,0.9896479249000549
cgxruwoaqc.mp4,0.9797353148460388
cgxsxdllit.mp4,0.9726287722587585
cgxvgsgzco.mp4,0.4075072109699249
cgyficbwoe.mp4,0.8673909306526184
cgyfydvyyx.mp4,0.9541434049606323
cgyglkqfut.mp4,0.9750071167945862
cgzxxjamqy.mp4,0.9570305943489075
chaintznsk.mp4,0.9892410039901733
chajgyysle.mp4,0.9658735990524292
chbjetguwl.mp4,0.9730888605117798
chbmstljzm.mp4,0.988513708114624
chdvhlhaiq.mp4,0.6949664354324341
chdwmbuyle.mp4,0.9889028668403625
chehvhrqyg.mp4,0.8841099739074707
chfonbvkxq.mp4,0.9741045236587524
chgdwwwgrq.mp4,0.9413425922393799
chgkcdtkhw.mp4,0.11152052134275436
chhdhwehot.mp4,0.989414632320404
chhfxazpav.mp4,0.5393543243408203
chhqtdxurz.mp4,0.1148706004023552
chhzoxcvhl.mp4,0.8835458159446716
chibbtchnd.mp4,0.10759240388870239
chipvomngq.mp4,0.08101964741945267
chiyetcxfu.mp4,0.9838433861732483
chjatzdqcl.mp4,0.5397537350654602
chjpflakmt.mp4,0.9440088272094727
chkwjaamct.mp4,0.9416338205337524
chlrkevtxa.mp4,0.7980518937110901
chlshvbday.mp4,0.7372788190841675
chmcianbdf.mp4,0.9850102663040161
chmjkdgtyx.mp4,0.21779949963092804
chmomgbvyf.mp4,0.9427611231803894
chmwoofpir.mp4,0.9870198965072632
chnbexdyhq.mp4,0.11447235941886902
chnejmuaqs.mp4,0.7928746938705444
chnhlsjyxb.mp4,0.949328601360321
chnkxknmbq.mp4,0.8938083052635193
chombbeegs.mp4,0.8786459565162659
choosfntwb.mp4,0.9076735377311707
chowsoaunb.mp4,0.8918576240539551
chpcotzlpx.mp4,0.9629620313644409
chppuauksa.mp4,0.13066278398036957
chqleyudul.mp4,0.9076544642448425
chsyitbssl.mp4,0.9296140670776367
chtgkrlbek.mp4,0.988898515701294
chtslmxyax.mp4,0.9873701333999634
chudhiiygb.mp4,0.2590406835079193
chuiqnmuwo.mp4,0.9792476892471313
chujiurbqs.mp4,0.9889909625053406
chukujgyvi.mp4,0.10079599916934967
chupatlkxc.mp4,0.8108704686164856
chupyqxggc.mp4,0.9783197045326233
chuqdswyhh.mp4,0.6078165769577026
chwmwqiisa.mp4,0.989241898059845
chwqafjhkr.mp4,0.39339330792427063
chxbbhvgjh.mp4,0.9899999499320984
chxgwiaujv.mp4,0.8081216216087341
chyfmhbvbi.mp4,0.1481444388628006
chygufblpo.mp4,0.9865955710411072
chyxqupfqy.mp4,0.9624527096748352
chzbutmizx.mp4,0.25036394596099854
chzpclvkvg.mp4,0.9787390828132629
ciacypsucq.mp4,0.9518453478813171
ciajjlkqpo.mp4,0.11068001389503479
cibhriqswz.mp4,0.37797611951828003
cidafzafml.mp4,0.11633800715208054
cidhdrfcbe.mp4,0.9860948324203491
cidujokplp.mp4,0.8889546990394592
cieecwrewu.mp4,0.18135525286197662
ciepqxjamz.mp4,0.9900001287460327
ciewuhazfw.mp4,0.8522554039955139
cifsgbnvrx.mp4,0.1318303942680359
cifvbemfhi.mp4,0.8152682781219482
cigchlqmkp.mp4,0.8689568042755127
cihbvwgicn.mp4,0.7947427034378052
cihqsivbtq.mp4,0.9873366355895996
cihurvzgbh.mp4,0.9899852275848389
ciijjqsrto.mp4,0.30457791686058044
cijqgyeubp.mp4,0.9657721519470215
cikgroaccw.mp4,0.14019523561000824
cikibrhzja.mp4,0.3441289961338043
cilnawgeah.mp4,0.357045978307724
cilnlmkzqz.mp4,0.9719743132591248
ciluwvyjbk.mp4,0.9841307997703552
cimfjgnans.mp4,0.9873428344726562
cimlotvwxy.mp4,0.9869693517684937
cimmouewvu.mp4,0.9233391880989075
cingpunobd.mp4,0.9899715185165405
ciniwjlhit.mp4,0.9698670506477356
cinjqeodep.mp4,0.6410408616065979
cinrseylyp.mp4,0.941645622253418
ciofvmjkdw.mp4,0.8658217191696167
cipbjqtdfa.mp4,0.951299250125885
ciphtizqbs.mp4,0.2884717881679535
cipjezpcti.mp4,0.9899904131889343
ciqrvmazdq.mp4,0.7304648160934448
cisanwqtaq.mp4,0.9900000095367432
cisatzdpcs.mp4,0.0701618492603302
cishdivhvc.mp4,0.9748207330703735
cismesuomc.mp4,0.9633364677429199
cisyhndlli.mp4,0.9060447216033936
cithuwasbk.mp4,0.9900000095367432
citotkokpc.mp4,0.9558054804801941
ciufbwnbko.mp4,0.9793605208396912
ciuwvrkjpy.mp4,0.9777361750602722
civfnvmgog.mp4,0.9539117217063904
ciwzwmlyxz.mp4,0.98797208070755
cixobvpgwk.mp4,0.9816085696220398
cixshbsmix.mp4,0.8863782286643982
cixsuhxaot.mp4,0.8660919070243835
ciypszaqje.mp4,0.9075139164924622
ciyvpljyvt.mp4,0.19726739823818207
cizkoevvax.mp4,0.9620481729507446
cizlladvwf.mp4,0.9752053618431091
cizxmeztny.mp4,0.9821866154670715
cjaiskhrsh.mp4,0.17202211916446686
cjaqstlzkb.mp4,0.9841611385345459
cjbcbkhtni.mp4,0.9900000691413879
cjcneqgjba.mp4,0.9169644117355347
cjfnkuulch.mp4,0.8769502639770508
cjfxvoqehy.mp4,0.9732242822647095
cjgmkstamu.mp4,0.11717559397220612
cjgozeokwu.mp4,0.7705966234207153
cjhudarkzv.mp4,0.9884783625602722
cjiwxfwcit.mp4,0.9012619853019714
cjjkfuqaee.mp4,0.9858832359313965
cjkctgykua.mp4,0.9889310598373413
cjldjpzxzb.mp4,0.8333783149719238
cjldpugnxb.mp4,0.939019501209259
cjmfuasyog.mp4,0.9795086979866028
cjmzyaylfj.mp4,0.9896683692932129
cjnfiihawm.mp4,0.9823368787765503
cjorckqkcn.mp4,0.786363422870636
cjoszlysnr.mp4,0.9220706224441528
cjoxtbrenc.mp4,0.9900000691413879
cjpdbowxbt.mp4,0.9899999499320984
cjpfsoagsm.mp4,0.7967752814292908
cjptajsjfh.mp4,0.9753832817077637
cjqvoprhav.mp4,0.3492578864097595
cjricjqzwh.mp4,0.8853390216827393
cjrtufpftt.mp4,0.9633521437644958
cjrxquwhtp.mp4,0.8771904110908508
cjrzklaqjt.mp4,0.6436342000961304
cjtdvfiwui.mp4,0.9671079516410828
cjtnjjfqhx.mp4,0.8697153329849243
cjuqcwkxkz.mp4,0.7245055437088013
cjuyjjiizm.mp4,0.553442120552063
cjvauezybx.mp4,0.8692237734794617
cjwpszyzar.mp4,0.9037574529647827
cjwyfughav.mp4,0.933789074420929
cjxqxerjer.mp4,0.979470431804657
cjyqqdurec.mp4,0.21148370206356049
cjzaphxcwi.mp4,0.9253268837928772
ckadtcipgr.mp4,0.2569723427295685
ckbdjpflsu.mp4,0.2138066589832306
ckcsmgxnbr.mp4,0.9882674217224121
ckdamfrafe.mp4,0.09979844093322754
ckechbyzit.mp4,0.9898664355278015
ckedkayawm.mp4,0.6743935346603394
ckewjamoaq.mp4,0.5164781212806702
ckfiodyxbq.mp4,0.7922837734222412
ckgabgjnca.mp4,0.14069384336471558
ckgsjlswpm.mp4,0.892460286617279
ckgtfnhxaw.mp4,0.9692691564559937
ckhiqguxzt.mp4,0.9900000095367432
ckhjteceto.mp4,0.9886108040809631
ckiovbrsdf.mp4,0.9889951348304749
ckjctlogrm.mp4,0.989700973033905
ckjpnsrkue.mp4,0.9117878675460815
ckkyjknfqa.mp4,0.989325225353241
ckmahvimru.mp4,0.9899999499320984
cknqoxgbru.mp4,0.9854742884635925
ckokvqjebx.mp4,0.9836082458496094
ckpkmybeox.mp4,0.9560917019844055
ckpqmqcbms.mp4,0.989689826965332
ckpzdejlzb.mp4,0.9895153045654297
ckqfqernbf.mp4,0.15618064999580383
ckqpzpsnku.mp4,0.96669602394104
ckreyvmlgz.mp4,0.9883200526237488
ckronlxbzr.mp4,0.5693253874778748
cksfcfaegh.mp4,0.9642224311828613
cksjhegwyq.mp4,0.9757751822471619
cksxlgdxuh.mp4,0.802065372467041
cktraanpyu.mp4,0.987602949142456
cktsyobheu.mp4,0.6265652179718018
ckubrpacib.mp4,0.861711859703064
ckuklkwpkk.mp4,0.9763959050178528
ckuqkzmkyd.mp4,0.9894866347312927
ckuyocuenw.mp4,0.9726645946502686
ckwteckxaq.mp4,0.8573326468467712
ckxeznxxop.mp4,0.9900000095367432
ckxfnwnamq.mp4,0.11069884896278381
ckzxryfjqo.mp4,0.9627107381820679
claloechcd.mp4,0.9875423312187195
clbvotyixd.mp4,0.9596506357192993
clbwuespnm.mp4,0.8109564781188965
clcyaiybyu.mp4,0.9396845698356628
cldcraffvt.mp4,0.6953873634338379
cldzxfpbkj.mp4,0.9236663579940796
clekngdqxa.mp4,0.938450276851654
clfgoqymlx.mp4,0.9320247173309326
cljaovquzv.mp4,0.8511922955513
cllpbyfczw.mp4,0.7992532849311829
cllsklblbu.mp4,0.9899998903274536
clmtssvjaf.mp4,0.9885701537132263
clnnqtjnld.mp4,0.7162160277366638
clnugjmcva.mp4,0.7832624912261963
clotzdefxi.mp4,0.9177913665771484
clpfdaynyl.mp4,0.9839452505111694
clrlpomyhr.mp4,0.8451464176177979
clrxigzbqr.mp4,0.7651667594909668
clssjlgtkp.mp4,0.8586889505386353
cltcgfkyrb.mp4,0.9536811113357544
cltivdolgi.mp4,0.903175413608551
cltocmrmvu.mp4,0.9887701869010925
cltpibyvfx.mp4,0.9320380687713623
cltzentanu.mp4,0.9876373410224915
clvddrgsab.mp4,0.9880144000053406
clvhyorkei.mp4,0.9676440954208374
clwhicktkw.mp4,0.9230639338493347
clwvkyuyqv.mp4,0.6405874490737915
clxgzkdgta.mp4,0.16313420236110687
clyiowxjxl.mp4,0.9885925054550171
clyqxccszs.mp4,0.11000065505504608
clzcvdsuyp.mp4,0.9680609107017517
clzmxxvlxs.mp4,0.9879314303398132
clzoosrlpp.mp4,0.9664731621742249
clzpxvnaui.mp4,0.9891502857208252
clzsqkrvga.mp4,0.35931575298309326
cmaeplipsz.mp4,0.9622973203659058
cmaislyngh.mp4,0.9665622711181641
cmbeyrzhvr.mp4,0.34931954741477966
cmbkignhjt.mp4,0.9600871801376343
cmbkzxueyi.mp4,0.989825963973999
cmbloezomc.mp4,0.985694944858551
cmbrlniexh.mp4,0.36896800994873047
cmcgahdcmo.mp4,0.9847047328948975
cmdgmeoloz.mp4,0.9601168036460876
cmdivumlkb.mp4,0.9760738611221313
cmdnbivizp.mp4,0.8432309627532959
cmebjfuvfg.mp4,0.9226773381233215
cmebrzpwbo.mp4,0.9884306192398071
cmfldpsgig.mp4,0.9851700663566589
cmfvltcddo.mp4,0.20540763437747955
cmgmhevsmr.mp4,0.9863496422767639
cmgpkcqhwt.mp4,0.9722857475280762
cmgswxmvlv.mp4,0.9879835844039917
cmgxxmjbhr.mp4,0.9721405506134033
cmibddnytf.mp4,0.9900000691413879
cmieiniplg.mp4,0.9597835540771484
cmirvugxlv.mp4,0.9848194718360901
cmjiaqgbuv.mp4,0.981528103351593
cmkcljpcsp.mp4,0.6523001194000244
cmkigulnas.mp4,0.8792065978050232
cmleyapewy.mp4,0.15840581059455872
cmlkxrufqw.mp4,0.9830409288406372
cmlmcdbwtg.mp4,0.9896973967552185
cmlvgoiwvz.mp4,0.9823914766311646
cmmifuinbl.mp4,0.9774285554885864
cmmqqqkpri.mp4,0.9893285632133484
cmnnfymbez.mp4,0.9857402443885803
cmnubbdpnt.mp4,0.9327386021614075
cmoeewkbqv.mp4,0.778885006904602
cmoqplbifs.mp4,0.9872150421142578
cmoydflohs.mp4,0.880864143371582
cmpbjkjtks.mp4,0.8112146854400635
cmpfjuwyud.mp4,0.9857858419418335
cmpkopoabr.mp4,0.8367839455604553
cmplvsxspz.mp4,0.8690177798271179
cmpnnbdogx.mp4,0.3181426227092743
cmptloljte.mp4,0.6358284950256348
cmqegbgirh.mp4,0.9895399808883667
cmqrkqlqck.mp4,0.98980313539505
cmqtagbxou.mp4,0.9234287142753601
cmskrcosbs.mp4,0.9812052845954895
cmsvynguda.mp4,0.6315339207649231
cmtwutvqch.mp4,0.9791681170463562
cmtxuweesh.mp4,0.9485713243484497
cmuzrrlaiy.mp4,0.850818395614624
cmveqobtaf.mp4,0.11010762304067612
cmvguitoba.mp4,0.9856145977973938
cmvnrjllux.mp4,0.42433029413223267
cmvterrdsl.mp4,0.9555222392082214
cmwkhvxthg.mp4,0.9274530410766602
cmwozbaxwb.mp4,0.39069387316703796
cmwxpmbuea.mp4,0.9878753423690796
cmxtwpabsw.mp4,0.9900000691413879
cmyahcrgiv.mp4,0.3401116132736206
cmybfubapj.mp4,0.8851590156555176
cmydgfodof.mp4,0.9900000691413879
cmyvjmgldk.mp4,0.5645893216133118
cmzcojwcbn.mp4,0.9233701229095459
cmzeicaooh.mp4,0.9899477362632751
cnahwlfafy.mp4,0.7305636405944824
cnaifxmdlx.mp4,0.9464442729949951
cnazdwrfur.mp4,0.9857326745986938
cnbkrmhwjc.mp4,0.985041081905365
cnbtegsjlx.mp4,0.9801458716392517
cncditjduh.mp4,0.6281579732894897
cndpomgvxd.mp4,0.9887297749519348
cnequaglft.mp4,0.8495209813117981
cnfcweqfvl.mp4,0.9382161498069763
cnfidfeyln.mp4,0.9743476510047913
cngogfretb.mp4,0.9533248543739319
cnguoshwca.mp4,0.9267217516899109
cnhpwzknts.mp4,0.9029802083969116
cniguenkpg.mp4,0.968895435333252
cniuvcmuwp.mp4,0.9415265917778015
cnjhnysnft.mp4,0.9425336122512817
cnjlvpzfrg.mp4,0.9210459589958191
cnklpvtzdv.mp4,0.696262776851654
cnlboybtqk.mp4,0.9242223501205444
cnlovaecgh.mp4,0.6039393544197083
cnmdwvuecr.mp4,0.9474037289619446
cnoasvesez.mp4,0.11332393437623978
cnobbyyzoq.mp4,0.9734277129173279
cnowlqxdbx.mp4,0.9778057336807251
cnplpnqrfn.mp4,0.9895130395889282
cnqqzkrgmh.mp4,0.9898204803466797
cnqrnrzzll.mp4,0.9325487017631531
cnqsdkwzmn.mp4,0.9808753728866577
cnqwgagcgy.mp4,0.2181510031223297
cnsmgjuxbi.mp4,0.8549674153327942
cnsnofuoiq.mp4,0.9899462461471558
cntorkscyt.mp4,0.9778764247894287
cnuhhfeikg.mp4,0.9864133596420288
cnuhjcswso.mp4,0.8503504991531372
cnuvbfpaek.mp4,0.1209835410118103
cnvquynriz.mp4,0.14901775121688843
cnvuwedyis.mp4,0.8304153084754944
cnwiicuofh.mp4,0.9050349593162537
cnycctrbyt.mp4,0.981400728225708
cnyfzszjoh.mp4,0.204372838139534
cnyphduocz.mp4,0.9651671051979065
cnzlqibzwf.mp4,0.7192535400390625
cnzxvjdwbw.mp4,0.9492385983467102
coacrsvrnl.mp4,0.9524078965187073
coahfvujdv.mp4,0.9900001287460327
coamtllvrf.mp4,0.9762769937515259
cobcvmzdph.mp4,0.9540078639984131
cobowalzix.mp4,0.8296219706535339
cobrcdtekr.mp4,0.5129770636558533
cocxlcbtfz.mp4,0.9288687109947205
codthnumyq.mp4,0.16781391203403473
codynbclja.mp4,0.9883466958999634
cofjvqjkcj.mp4,0.7173371911048889
cofxgrlrpb.mp4,0.9891567826271057
cogcrwzvdb.mp4,0.9565063714981079
cohnfjjaas.mp4,0.9463595151901245
coijxsppdw.mp4,0.9887815713882446
coiqibotbv.mp4,0.9875739812850952
cojfnbtfkr.mp4,0.18107114732265472
cojfzsbdkf.mp4,0.1931302696466446
cokcdaizvg.mp4,0.9871402382850647
cokftyhjmk.mp4,0.7551236748695374
coklfjtcyt.mp4,0.07328768819570541
comoufohza.mp4,0.9866628050804138
cooarrfjoi.mp4,0.9871510863304138
coptuddcwd.mp4,0.9726012349128723
coqrcakmmx.mp4,0.550257682800293
corvccyssr.mp4,0.9795438647270203
cosdfmtfwa.mp4,0.6815043687820435
cosfoqobzo.mp4,0.14701153337955475
cotcpetxls.mp4,0.915088415145874
cotriwoyvq.mp4,0.9791907072067261
cotubmgefn.mp4,0.9481967687606812
cotxffvovx.mp4,0.958624541759491
couyrcwviy.mp4,0.9655672907829285
cowmhzmvyg.mp4,0.9880053997039795
cowxzlygfo.mp4,0.9511851072311401
cozcfuwxip.mp4,0.986343502998352
cozslsoswi.mp4,0.6862585544586182
cozxtycxag.mp4,0.09786850959062576
cpaeucefro.mp4,0.9580109119415283
cpbqwwhrxq.mp4,0.13752025365829468
cpbrauhlcl.mp4,0.9828727841377258
cpcecgauub.mp4,0.9861806631088257
cpcnyqoevu.mp4,0.17599646747112274
cpcrcezxqo.mp4,0.15725745260715485
cpctqroarq.mp4,0.9734641313552856
cpcuvixqbn.mp4,0.9672221541404724
cpdlqhbvux.mp4,0.9573262929916382
cpdtroihpl.mp4,0.8057969212532043
cpecqrnxkn.mp4,0.9087465405464172
cpegivsezt.mp4,0.9895146489143372
cpegwviavn.mp4,0.979785680770874
cpekxlmlwa.mp4,0.9895503520965576
cpelglathd.mp4,0.9893230199813843
cpgayhckef.mp4,0.8027119636535645
cpgksamyev.mp4,0.56553715467453
cpgmeuhbtk.mp4,0.8275542259216309
cpgtztewxf.mp4,0.978281557559967
cphwzddoiy.mp4,0.8424835205078125
cpijvkgxvy.mp4,0.9729201197624207
cpixrjvxjn.mp4,0.9822633862495422
cpjiflbqbo.mp4,0.8124063611030579
cpkbrjijpt.mp4,0.8889405727386475
cpkeyidusc.mp4,0.06094368174672127
cpkpfdwfmb.mp4,0.10789282619953156
cpkyabfzlc.mp4,0.9501071572303772
cplkdbfpxj.mp4,0.9872452020645142
cplqsrsnyr.mp4,0.9158196449279785
cpmgnsrogr.mp4,0.9417210221290588
cpmqxchnmg.mp4,0.9879544377326965
cpmridjxbc.mp4,0.1034964844584465
cpmswmgiqr.mp4,0.9900000095367432
cpmvsuixwn.mp4,0.11299055814743042
cpnlmkmmdh.mp4,0.6517747640609741
cpnpmgzqvv.mp4,0.9243757724761963
cppaigkyae.mp4,0.9315764904022217
cppztnbtvs.mp4,0.9900000095367432
cpqaiqrblo.mp4,0.9881401658058167
cprbzixvdu.mp4,0.9899998903274536
cprdwtsorp.mp4,0.25717097520828247
cprktvyrlw.mp4,0.8811046481132507
cprmmgasmm.mp4,0.9247676134109497
cpsmnqhsck.mp4,0.7193869352340698
cpszgjiwdh.mp4,0.9245185256004333
cptemwefma.mp4,0.9870176315307617
cpthtjqwjg.mp4,0.987040102481842
cpucjmfawf.mp4,0.5401532649993896
cpvbjfhbph.mp4,0.15504640340805054
cpvlmfudwa.mp4,0.9401105642318726
cpwgofevvo.mp4,0.9797528386116028
cpwovkauzj.mp4,0.14849554002285004
cpwyqbacrt.mp4,0.9200986623764038
cpxbnzuafp.mp4,0.15518178045749664
cpxkrtypkz.mp4,0.9579492211341858
cpxlmsatst.mp4,0.9707252979278564
cpycvtmtuo.mp4,0.688749372959137
cpynfxglzc.mp4,0.5742996335029602
cpyqtpzmtr.mp4,0.9605515003204346
cpzazvweaq.mp4,0.9301067590713501
cpzncpzzwa.mp4,0.20460495352745056
cqamutjreg.mp4,0.9814119338989258
cqbjqtmqvj.mp4,0.9836602807044983
cqbodtkxiw.mp4,0.4118260443210602
cqbtboxqzb.mp4,0.9865727424621582
cqbxgessxh.mp4,0.15115070343017578
cqclibqbwz.mp4,0.6870818734169006
cqcqgggpml.mp4,0.9345126748085022
cqdnnweluw.mp4,0.9691562652587891
cqdxzxirqw.mp4,0.8804165124893188
cqdyheoqhn.mp4,0.9888668656349182
cqegquwdda.mp4,0.9900000095367432
cqemqttubw.mp4,0.33297696709632874
cqeuyhnqft.mp4,0.9840569496154785
cqewayywpg.mp4,0.24460458755493164
cqfzfuxvyw.mp4,0.07864628732204437
cqgdtrywmy.mp4,0.4261133670806885
cqgfbxpkuj.mp4,0.15089179575443268
cqgsacster.mp4,0.766189694404602
cqgzckbimc.mp4,0.6824355125427246
cqinqrcvse.mp4,0.2053864598274231
cqiscqrtlw.mp4,0.9089004397392273
cqiyijvrcj.mp4,0.987897515296936
cqkarxqzxx.mp4,0.5123629570007324
cqkfihwvvr.mp4,0.8892898559570312
cqkftuhhza.mp4,0.9707158207893372
cqklyqnfer.mp4,0.8968548774719238
cqljnmuloq.mp4,0.972914457321167
cqlwckvaeb.mp4,0.9900000095367432
cqmhxvdkuo.mp4,0.27644073963165283
cqmmgxqjtf.mp4,0.40295159816741943
cqmwyzpikk.mp4,0.7963208556175232
cqnbolqdhe.mp4,0.9877975583076477
cqntibhkbq.mp4,0.5281266570091248
cqnutosgsm.mp4,0.9701887965202332
cqnwfpglna.mp4,0.9537688493728638
cqogueyphy.mp4,0.7749478816986084
cqojknfuus.mp4,0.2997944951057434
cqoqzojnzo.mp4,0.8123331665992737
cqpjedhvoz.mp4,0.30063503980636597
cqpoanrjak.mp4,0.9601606726646423
cqqvqkryoe.mp4,0.9755038022994995
cqrxhsuqqq.mp4,0.7780535221099854
cqshmiarqg.mp4,0.9880795478820801
cqskjazxwc.mp4,0.9892420172691345
cqsmuftgep.mp4,0.9352437853813171
cqtaofqvtl.mp4,0.9890868663787842
cqtikmpave.mp4,0.9613937735557556
cqtozexihz.mp4,0.9535927176475525
cqttsbnsag.mp4,0.9872828125953674
cqtwjlhsgl.mp4,0.9591714143753052
cquhouhgoc.mp4,0.8748853206634521
cquwxluokz.mp4,0.9750677347183228
cqvancueff.mp4,0.9623948335647583
cqvglgkzui.mp4,0.9641517400741577
cqvndapzgg.mp4,0.7537814378738403
cqwpquwxid.mp4,0.127493217587471
cqxkqqscrm.mp4,0.9730401635169983
cqxqzzfrox.mp4,0.8827970623970032
cqyowzdfdd.mp4,0.7848606705665588
cqzkjylvwz.mp4,0.8658534288406372
cracconkyr.mp4,0.21270516514778137
crbcrxqftw.mp4,0.7425401210784912
crbeedzivm.mp4,0.9124659299850464
crbjylbwlc.mp4,0.700887143611908
crbspiybxp.mp4,0.9146183729171753
crcnhvsixi.mp4,0.15312913060188293
crcwhjdwhy.mp4,0.4413493275642395
crdehzludu.mp4,0.7017268538475037
crdhketdoh.mp4,0.1047264039516449
crdtvzbluw.mp4,0.9795599579811096
creplotjfu.mp4,0.17015987634658813
crevnrhhxu.mp4,0.9663832783699036
crfmxlbnbd.mp4,0.7461550235748291
crfnqdprte.mp4,0.33357399702072144
crfyvirnma.mp4,0.9873937964439392
crgeyrdfxk.mp4,0.7612040042877197
crhjwwgtef.mp4,0.9721118807792664
crhkipauyk.mp4,0.14400692284107208
crilhpdoez.mp4,0.9762430191040039
crisotkdmh.mp4,0.930009126663208
crjlenlhek.mp4,0.9881668090820312
crkjzvzyzb.mp4,0.9245390892028809
crlbzncobq.mp4,0.6209089159965515
crllsfqiul.mp4,0.7918956279754639
crlphqtqnq.mp4,0.9745311141014099
crmwccddrb.mp4,0.6205371022224426
crnfdbnpjz.mp4,0.986728847026825
crnhcygnjj.mp4,0.8058644533157349
crnjzofvaf.mp4,0.8842880725860596
crnnkjvdmt.mp4,0.7781318426132202
crnwdznwcx.mp4,0.9213371276855469
crocgecwna.mp4,0.9726522564888
crooqcjlqc.mp4,0.2108466923236847
crotumbywg.mp4,0.9899999499320984
crplxxbnkm.mp4,0.9815112352371216
crpmgqavlf.mp4,0.985994279384613
crpmskycub.mp4,0.9137745499610901
crqhicfshq.mp4,0.15555907785892487
crrthxtrth.mp4,0.6444991230964661
crsdkuimiu.mp4,0.9673570394515991
crsfsmblkf.mp4,0.8427380323410034
crtfokolyw.mp4,0.5578562617301941
crtvtlmchf.mp4,0.919532299041748
crubhecwnk.mp4,0.15308736264705658
cruhcatywp.mp4,0.21951398253440857
crumzbcdoq.mp4,0.9899998903274536
crvotfojeq.mp4,0.9046552181243896
crvvtpydtx.mp4,0.8964836597442627
crwkoeoxfi.mp4,0.9745168089866638
crwzuxqezo.mp4,0.9845864772796631
cryqrsysbf.mp4,0.933002769947052
crytsyqpyl.mp4,0.9877399802207947
crzrsezocr.mp4,0.9900000095367432
crzzbqlhfj.mp4,0.9448365569114685
crzzzxzvtw.mp4,0.9899999499320984
csagttjlqt.mp4,0.9384235739707947
csahmhbavq.mp4,0.943834662437439
csauiuajcs.mp4,0.47990190982818604
csbhsossva.mp4,0.9656680226325989
csbmiqaidp.mp4,0.9900000691413879
cscdlfidfj.mp4,0.9867262840270996
cscwdukujx.mp4,0.8648906350135803
csdcnwbwiu.mp4,0.31243664026260376
csdkogcust.mp4,0.9268324971199036
csdrwieihk.mp4,0.30379030108451843
csdzjehwbf.mp4,0.8799565434455872
csefroivib.mp4,0.7954275012016296
cseqwtcwdl.mp4,0.9767501354217529
csetzcnezn.mp4,0.8904660940170288
csfixqpjhw.mp4,0.9852433800697327
csflmeggme.mp4,0.16393820941448212
csfoaeqqdu.mp4,0.1254485845565796
csfsskknsh.mp4,0.9796058535575867
csfssvnwsp.mp4,0.7178096771240234
csgnemklmq.mp4,0.6491773724555969
cshhakbofs.mp4,0.23931942880153656
cshxowxrfl.mp4,0.9899999499320984
csikbraapk.mp4,0.9482624530792236
csjeiievqq.mp4,0.7473436594009399
csjpfrogyp.mp4,0.12765300273895264
cslceaskvo.mp4,0.9848839640617371
cslfapvyjv.mp4,0.11703004688024521
cslmdbmlzk.mp4,0.0997576117515564
csmiexvtfh.mp4,0.9046432375907898
csmrqvgsrk.mp4,0.9897500872612
csmsrngjrm.mp4,0.9897348284721375
csollwjhrx.mp4,0.801526665687561
csoxekulpu.mp4,0.9851221442222595
csozifgqcx.mp4,0.9729531407356262
csozphfidv.mp4,0.3555043935775757
csplgefkgx.mp4,0.10403518378734589
cspnpyohxu.mp4,0.8637165427207947
csptvrxfap.mp4,0.5105546116828918
csqbebvoxt.mp4,0.10765895992517471
csqsdmrctj.mp4,0.08387371152639389
csqsxsjrnp.mp4,0.9571242332458496
csraeqynwd.mp4,0.9899999499320984
csremuoyna.mp4,0.8118838667869568
csrqbscgxz.mp4,0.9899014234542847
csrqlmzjph.mp4,0.974311113357544
csrsxklgle.mp4,0.9440249800682068
csrzijbfda.mp4,0.9861263632774353
cstkcclhdc.mp4,0.7758243680000305
cstzexdcbw.mp4,0.9887274503707886
csuaztyjjt.mp4,0.9878090023994446
csuwuruutx.mp4,0.9686105251312256
csvflnmkvh.mp4,0.9824920892715454
csvggiwfey.mp4,0.9694833755493164
cswajdmqyx.mp4,0.9883079528808594
cswhwudpzk.mp4,0.26787078380584717
csxjcoesqt.mp4,0.9809685349464417
csxjoirhtw.mp4,0.9867684245109558
csxksuzkhm.mp4,0.9873945116996765
csxymovdqx.mp4,0.9613977670669556
cszdcuibjt.mp4,0.8637921810150146
cszvjqvmed.mp4,0.9722360968589783
ctarrlrgdy.mp4,0.9561460018157959
ctavqrrmgv.mp4,0.8025293946266174
ctawiyhhzf.mp4,0.1966741383075714
ctbvhwpvhy.mp4,0.932643473148346
ctccuizjur.mp4,0.9774629473686218
ctchthbojs.mp4,0.9807964563369751
ctchulwwxm.mp4,0.9756739139556885
ctclbnlclm.mp4,0.09541404992341995
ctcozenfll.mp4,0.3841136395931244
ctdetnpcny.mp4,0.9899512529373169
ctdwkvfsmp.mp4,0.9180485010147095
ctdwtfcjei.mp4,0.6514910459518433
ctdzrkqorp.mp4,0.9622739553451538
cteqlloxwu.mp4,0.17491529881954193
cteungyauw.mp4,0.9781271815299988
ctexjdufex.mp4,0.8668966889381409
ctfegjuydq.mp4,0.8077617883682251
ctfvpczuea.mp4,0.17932197451591492
ctibxwjesk.mp4,0.5703722834587097
ctidqluhtj.mp4,0.9898699522018433
ctiyalwbsv.mp4,0.9650626182556152
ctjcicttwr.mp4,0.9291849136352539
ctjepwqiul.mp4,0.9762166142463684
ctjqfwivhb.mp4,0.9430179595947266
ctjuwaprck.mp4,0.9844739437103271
ctkopczrhm.mp4,0.9461499452590942
ctkwuprdsl.mp4,0.25797101855278015
ctlmkrjmut.mp4,0.9876638650894165
ctlwouvozz.mp4,0.9211971163749695
ctmqwwpdnc.mp4,0.941103458404541
ctmzprtrhs.mp4,0.9816281199455261
ctnbxsceln.mp4,0.9804759621620178
ctnneaxztc.mp4,0.18469832837581635
ctnupbsabf.mp4,0.9879885911941528
ctojcitnpn.mp4,0.6024078130722046
ctopurgfgx.mp4,0.8126958608627319
ctouemisne.mp4,0.8571905493736267
ctowvrmazl.mp4,0.9617223143577576
ctozwusfxb.mp4,0.9869561791419983
ctpaahkfdc.mp4,0.9486997127532959
ctpexqamtx.mp4,0.9900000691413879
ctpypmzfnl.mp4,0.08825819939374924
ctqjnsvrvk.mp4,0.9876317381858826
ctrengqlqk.mp4,0.9373711943626404
ctrodwqvjx.mp4,0.6445073485374451
ctsdittcdz.mp4,0.9743170142173767
ctsjalmkpx.mp4,0.9897568225860596
cttbevkbhr.mp4,0.9796026349067688
ctvnkjdxoz.mp4,0.956517219543457
ctxhjpebsl.mp4,0.9703405499458313
ctyhaquawh.mp4,0.9436852931976318
ctzextgily.mp4,0.8924741744995117
ctzidpuxqo.mp4,0.9607695937156677
ctzknhuffj.mp4,0.10289888828992844
ctzvhowbhr.mp4,0.8927417397499084
ctzzytwvpi.mp4,0.6902734637260437
cualykjhoa.mp4,0.9837338328361511
cubernsric.mp4,0.8814395666122437
cubidebbwb.mp4,0.9558593034744263
cubudyesmd.mp4,0.988616406917572
cubuvjbojg.mp4,0.9888928532600403
cubyoldoos.mp4,0.8684331178665161
cucnhxbrrz.mp4,0.1290297955274582
cudjeshfcw.mp4,0.9221441149711609
cudqwytasr.mp4,0.8477035760879517
cueivytkwb.mp4,0.9174589514732361
cuerkhzuum.mp4,0.9489533305168152
cuewtjauyi.mp4,0.9874439835548401
cufgfduips.mp4,0.7586929202079773
cufipbigrt.mp4,0.9503470659255981
cufpjxwbjt.mp4,0.9396865367889404
cufwpbfhwc.mp4,0.9451524615287781
cugbtwdurl.mp4,0.7001277804374695
cugifqjqto.mp4,0.22362080216407776
cuinqgwczx.mp4,0.906222403049469
cujqbmziws.mp4,0.9024171233177185
cukedccddh.mp4,0.9592642784118652
cukgevrxhx.mp4,0.951691210269928
cukqowdaey.mp4,0.982977569103241
cukwoecmmq.mp4,0.9632152318954468
cukyihsryf.mp4,0.9591314196586609
culqnykaue.mp4,0.6364849209785461
cumgkxsjgz.mp4,0.8319309949874878
cumhonvwlg.mp4,0.9836529493331909
cumrfsvpri.mp4,0.14976245164871216
cunannjawe.mp4,0.7248038649559021
cuobzceakk.mp4,0.9621791243553162
cuovwgibgk.mp4,0.9294049143791199
cupmtmedsc.mp4,0.2370678037405014
cupqbscadr.mp4,0.7953431010246277
cupujkcxwr.mp4,0.6055188179016113
curoyzlzbr.mp4,0.9899999499320984
curyxptmtx.mp4,0.6738713979721069
cuslsmkwpx.mp4,0.9847534894943237
cusnretedj.mp4,0.9750872254371643
cuuspjotwf.mp4,0.8252476453781128
cuuvswxxek.mp4,0.9899999499320984
cuuyarnbhw.mp4,0.7991411089897156
cuvihcqjej.mp4,0.9217376708984375
cuxaxdgtkr.mp4,0.9876076579093933
cuxhekncql.mp4,0.6327091455459595
cuxlufcotk.mp4,0.869563102722168
cuycsnvhfq.mp4,0.6330074667930603
cuyigebxzv.mp4,0.976376473903656
cuzbvoqeff.mp4,0.988751232624054
cvaeexwlkk.mp4,0.9897472262382507
cvallwyhed.mp4,0.9853724241256714
cvbebdokcr.mp4,0.9695357084274292
cvbjxpwoie.mp4,0.8492729663848877
cvbubcwkkl.mp4,0.15706461668014526
cvcsmrjjbi.mp4,0.9778263568878174
cvcznehtwl.mp4,0.8781822323799133
cvdpjordgi.mp4,0.8950615525245667
cveehypkla.mp4,0.9897081255912781
cvepfgpobe.mp4,0.9797822833061218
cvesotrbwj.mp4,0.9731804132461548
cvfbxmteyv.mp4,0.9366138577461243
cvgbmvjnds.mp4,0.9471124410629272
cvhgdhteev.mp4,0.32096949219703674
cvhmdigame.mp4,0.9738329648971558
cvibusznso.mp4,0.3066403567790985
cvickaqyxn.mp4,0.9868034720420837
cvicohmags.mp4,0.22623710334300995
cvixicyuon.mp4,0.9900001287460327
cviyjsusie.mp4,0.5038266777992249
cvjcxhzjqq.mp4,0.6673972606658936
cvjtaxyhed.mp4,0.5738147497177124
cvlmosigys.mp4,0.6951645016670227
cvmerrznwg.mp4,0.711341142654419
cvmmtklgst.mp4,0.6410655975341797
cvmofrwdcz.mp4,0.07429749518632889
cvnusiwohr.mp4,0.8110795617103577
cvoikrdglc.mp4,0.9648953676223755
cvousgnasq.mp4,0.9344875812530518
cvqbppiabu.mp4,0.9724993705749512
cvqgrezhur.mp4,0.9066126346588135
cvrtjvwvqg.mp4,0.9887903928756714
cvrzdywcth.mp4,0.7913472056388855
cvsftmwnnh.mp4,0.9900000095367432
cvsobewhsk.mp4,0.9218095541000366
cvtklxtdrd.mp4,0.9887769818305969
cvtogeuiqd.mp4,0.9843151569366455
cvtwlzgzne.mp4,0.15896910429000854
cvvabkmusu.mp4,0.7019003033638
cvvnebbktm.mp4,0.8769791126251221
cvvtpdnajw.mp4,0.9847003817558289
cvvwrjubjv.mp4,0.9889739155769348
cvwfocfmpb.mp4,0.9828212857246399
cvxuswbzmq.mp4,0.9722936749458313
cvyenririk.mp4,0.1467938870191574
cvyrfhetrx.mp4,0.7079835534095764
cvywcvnytv.mp4,0.8344519734382629
cvzsiudpyx.mp4,0.9431517720222473
cwbgztanym.mp4,0.17815954983234406
cwbincavby.mp4,0.9779161214828491
cwcdlmovnm.mp4,0.9375966191291809
cwcwgibsgo.mp4,0.2829423248767853
cwdzddbqyi.mp4,0.9697638154029846
cwhibklyle.mp4,0.8041602373123169
cwhitukhlh.mp4,0.9894697666168213
cwhmodncwy.mp4,0.8970972299575806
cwhocpcoqq.mp4,0.9867786765098572
cwixfnvhmn.mp4,0.9713104963302612
cwjguxtovt.mp4,0.17684027552604675
cwjovizmhq.mp4,0.5
cwjqtcdmoe.mp4,0.9357367753982544
cwjvrpudbb.mp4,0.9274663329124451
cwkiapvkwg.mp4,0.9575990438461304
cwkiiyezzg.mp4,0.6416432857513428
cwlkfmhlox.mp4,0.2096254527568817
cwlkqoxzee.mp4,0.9891547560691833
cwltsdyued.mp4,0.9900000691413879
cwlxxhemsd.mp4,0.9878872632980347
cwmidyiqvl.mp4,0.8903722763061523
cwmjhyvfcv.mp4,0.9899999499320984
cwmqvgihtt.mp4,0.37681320309638977
cwmrhkeqsm.mp4,0.9890560507774353
cwmwbryhqx.mp4,0.9824382662773132
cwnnhwqhpu.mp4,0.9864866137504578
cwoiryhauz.mp4,0.9647076725959778
cwovrcucqo.mp4,0.11964358389377594
cwqhzuhjol.mp4,0.08101028203964233
cwqwhvjaul.mp4,0.9003567099571228
cwrtvtyanu.mp4,0.9494122862815857
cwruaywtvb.mp4,0.12715864181518555
cwsdeasldr.mp4,0.9642362594604492
cwsgfhdizj.mp4,0.9852795004844666
cwsktcqrzf.mp4,0.46658560633659363
cwsrozctrk.mp4,0.9900000691413879
cwstdobzfg.mp4,0.9899858832359314
cwszhupzre.mp4,0.931807816028595
cwtgddlhby.mp4,0.5590176582336426
cwtmswdzww.mp4,0.985641598701477
cwtqzovbba.mp4,0.9894557595252991
cwtsuxyhea.mp4,0.9883834719657898
cwtxqxuvlc.mp4,0.788719117641449
cwupoiihky.mp4,0.9866631627082825
cwvpjumhbg.mp4,0.9900000691413879
cwvtgzizxw.mp4,0.9900000691413879
cwwgsnejua.mp4,0.9149282574653625
cwwnlfahfx.mp4,0.9784743189811707
cwwqaazswi.mp4,0.8019174933433533
cwxrlwltie.mp4,0.3409722149372101
cwyslgvsmr.mp4,0.6218631863594055
cwzgdnkite.mp4,0.9262502193450928
cwzyzxjmfh.mp4,0.9898137450218201
cwzzqzmblh.mp4,0.9414541721343994
cxacbzdokf.mp4,0.09036701917648315
cxajnkqjkq.mp4,0.4118475914001465
cxajobdgrv.mp4,0.9898776412010193
cxatnnpeyo.mp4,0.9141688346862793
cxbimcvejo.mp4,0.9899999499320984
cxbsalbmst.mp4,0.9287744760513306
cxcesxkunc.mp4,0.9686081409454346
cxcopmaqcx.mp4,0.9808131456375122
cxeopypcfd.mp4,0.98341304063797
cxepagsvia.mp4,0.9841863512992859
cxevdilqjh.mp4,0.8950310945510864
cxeyiytudt.mp4,0.9268366694450378
cxeziknbpr.mp4,0.7551432847976685
cxfyrqbrji.mp4,0.9899998307228088
cxgdlbmeqy.mp4,0.8086430430412292
cxgdmvuxjc.mp4,0.9900000691413879
cxgrlduslk.mp4,0.9882953763008118
cxguvyaque.mp4,0.18042168021202087
cxhcdctspt.mp4,0.9145413041114807
cxieibifyj.mp4,0.7686460018157959
cxiephiblg.mp4,0.9898578524589539
cxigoqsdoo.mp4,0.9895342588424683
cxiurodzsg.mp4,0.9442259669303894
cxjiyyhcvg.mp4,0.912248969078064
cxjpzucdse.mp4,0.9794188737869263
cxjsxgirny.mp4,0.989395797252655
cxjwmxsgjv.mp4,0.9548531174659729
cxlkfsyfvb.mp4,0.1567501276731491
cxngkbtdek.mp4,0.17474789917469025
cxnoxemydo.mp4,0.977126955986023
cxogiwyldp.mp4,0.9834535717964172
cxohfdhkkq.mp4,0.8762596845626831
cxojlakmoj.mp4,0.9722207188606262
cxopoojmmo.mp4,0.9685315489768982
cxpmdgntdl.mp4,0.9835019111633301
cxptpzqfnf.mp4,0.095112144947052
cxqhrnxgvd.mp4,0.9173374176025391
cxrncthuby.mp4,0.1470651477575302
cxroabhzxu.mp4,0.8488892912864685
cxrooetoay.mp4,0.930182933807373
cxrstzfsuy.mp4,0.09037303924560547
cxsekvffny.mp4,0.7898744344711304
cxsnzkabaa.mp4,0.9829427599906921
cxsxwxcstd.mp4,0.9854649901390076
cxszdyotss.mp4,0.9542540907859802
cxthlqeseq.mp4,0.22201566398143768
cxtodzawmj.mp4,0.9869652986526489
cxuvzmrisu.mp4,0.8867295384407043
cxvayntesu.mp4,0.1828317493200302
cxvctggwxi.mp4,0.23751863837242126
cxvgbzsijg.mp4,0.9571519494056702
cxvqurbsev.mp4,0.9661766886711121
cxvwreuyuz.mp4,0.6943691372871399
cxxhhwykme.mp4,0.987296462059021
cxxyvegmxm.mp4,0.749735414981842
cxyizzufss.mp4,0.9233804941177368
cxyqglsyyx.mp4,0.9785809516906738
cxyvoffxcv.mp4,0.9624683260917664
cxzdbwctfx.mp4,0.9332351088523865
cyafkadnnw.mp4,0.3837374150753021
cyavflusgb.mp4,0.6751225590705872
cyavimfiex.mp4,0.4233861565589905
cybetknayd.mp4,0.9494419097900391
cybfrdydog.mp4,0.9743985533714294
cybvkcmdgl.mp4,0.13810789585113525
cyckgyxtxi.mp4,0.3713090419769287
cydneakcyh.mp4,0.9810178279876709
cydsglobim.mp4,0.9812706708908081
cyeiqwpyxo.mp4,0.8785504698753357
cyfaiicytj.mp4,0.9602211713790894
cyfaimpqvv.mp4,0.24928323924541473
cyfgzhxmdo.mp4,0.9782834649085999
cyfjdftqxg.mp4,0.948237955570221
cyglumtcmz.mp4,0.3897262215614319
cyhefjhsko.mp4,0.9882864952087402
cyhmklcvkd.mp4,0.9434446692466736
cyhpyggvsq.mp4,0.9897082448005676
cyjcfkdjgp.mp4,0.9897037744522095
cyjrsnjizj.mp4,0.9087142944335938
cykylxfjrb.mp4,0.9676873087882996
cymktmzosb.mp4,0.8678674697875977
cynqzgnnkd.mp4,0.9656655192375183
cynrqvpahp.mp4,0.7934143543243408
cyokqrzbol.mp4,0.9898955821990967
cypejmkvjc.mp4,0.800434947013855
cypzxddmmk.mp4,0.9623041749000549
cyqhzdxgrk.mp4,0.9888708591461182
cyqqtpkazm.mp4,0.9521591067314148
cyqrdjfqfp.mp4,0.9882215261459351
cyqsfqlbgp.mp4,0.9883120059967041
cyrmhszohp.mp4,0.9895294904708862
cyrnxncxif.mp4,0.9832838773727417
cyucijsqiw.mp4,0.8251352906227112
cyudfgcsbh.mp4,0.6386091113090515
cyvjigpbao.mp4,0.8655908703804016
cyvrbnzomt.mp4,0.9887752532958984
cyvwarfocs.mp4,0.9200243949890137
cywebjaezn.mp4,0.1327105313539505
cyxhaypqzs.mp4,0.9839286804199219
cyxhjuflrs.mp4,0.47423750162124634
cyxtasgppy.mp4,0.1343361735343933
cyxzkgsafw.mp4,0.8824540376663208
cyyqtralcn.mp4,0.9673322439193726
cyzaecgzji.mp4,0.9378767609596252
czbsjdjmlq.mp4,0.9277487993240356
czcbegjurf.mp4,0.573587954044342
czddwifbwy.mp4,0.8343269228935242
czdipdvsft.mp4,0.6690781116485596
czffoviacf.mp4,0.8858133554458618
czftcuzylj.mp4,0.9210968613624573
czfvgsiezr.mp4,0.9753594994544983
czgzxzzvfg.mp4,0.9877163767814636
czhddzphpn.mp4,0.8256519436836243
czirapruub.mp4,0.5627583265304565
czixqjgyck.mp4,0.10989799350500107
czjjlhcdaf.mp4,0.9887235164642334
czjmqasuys.mp4,0.9593918323516846
czjyavzouv.mp4,0.9292731881141663
czkgavlmdr.mp4,0.7446697354316711
czkmptcbfr.mp4,0.805998682975769
czkwwkzpyx.mp4,0.8061470985412598
czlanpxaoq.mp4,0.9046834707260132
czldstijav.mp4,0.9333689212799072
czlfmczgfs.mp4,0.16389046609401703
cznweqvrog.mp4,0.943978488445282
czobhnafne.mp4,0.9887985587120056
czofuhtjvw.mp4,0.9861986637115479
czpfqlacbh.mp4,0.9898148775100708
czpgezpcrt.mp4,0.9261190891265869
czqsbhaceo.mp4,0.8981453776359558
czquwucvls.mp4,0.9466183185577393
czrhylrxtc.mp4,0.09221326559782028
czspkzxynw.mp4,0.9874485731124878
cztqkbxnzr.mp4,0.9900000095367432
czvafigkpt.mp4,0.1994321197271347
czvkzoewhw.mp4,0.9837226867675781
czvwaeigfa.mp4,0.815943717956543
czxtlccmnm.mp4,0.8966904282569885
czxuxqxdzr.mp4,0.9767072796821594
czygbspvwr.mp4,0.11215286701917648
czygnxlbjc.mp4,0.6996306777000427
czyhqhvccy.mp4,0.9662953019142151
czylfgmknr.mp4,0.9709203243255615
czyllxdlzo.mp4,0.8693417310714722
czzesconay.mp4,0.9866108298301697
dabecadkih.mp4,0.9892065525054932
dabgyrgsmq.mp4,0.94412761926651
dabimeamvb.mp4,0.870123565196991
dacipjinby.mp4,0.9384017586708069
dadafcvbky.mp4,0.9672170281410217
dadkezptce.mp4,0.9899969696998596
dadoqbxlso.mp4,0.9719226360321045
dadrotzwag.mp4,0.9624897241592407
dagcolpmki.mp4,0.18810072541236877
dagcrdgape.mp4,0.11747942119836807
dagerloolt.mp4,0.9889319539070129
daghsascso.mp4,0.9321892857551575
dagmnvkeeg.mp4,0.9899747371673584
dagnyzbyvf.mp4,0.9468994736671448
dagtaiqtnd.mp4,0.8873663544654846
dailocwlfc.mp4,0.9859611392021179
daimottkty.mp4,0.12148918956518173
daisdfsvkt.mp4,0.947206437587738
daiwuxoium.mp4,0.9899420142173767
dajcyskjxs.mp4,0.9499205350875854
dajlkmlvch.mp4,0.9789270162582397
dakgcjvwgg.mp4,0.9710946083068848
dakqqwnrmp.mp4,0.4598125219345093
dalkdjprwa.mp4,0.9329199194908142
dalqfujoxh.mp4,0.10049222409725189
dalxcpgfym.mp4,0.7065715193748474
dalynxygrs.mp4,0.9893627762794495
damibfwqrr.mp4,0.10708010196685791
damjizgilg.mp4,0.5804509520530701
damwvewpft.mp4,0.9879019856452942
danafqnhho.mp4,0.8244054913520813
danqvbizlv.mp4,0.8272565007209778
danseoxojf.mp4,0.915485143661499
danuecrfoy.mp4,0.9507915377616882
danxziqhbj.mp4,0.9653343558311462
daoacyzjae.mp4,0.5
daojzrtlbh.mp4,0.9214449524879456
daoqftnvgp.mp4,0.9566044211387634
dapvpkfack.mp4,0.10919630527496338
daqbetniep.mp4,0.9710832834243774
darajozjnx.mp4,0.9671189188957214
darxqfiash.mp4,0.2502939999103546
dasikdoalw.mp4,0.6634030342102051
dasivprjjm.mp4,0.4656142294406891
dasprsensp.mp4,0.26040682196617126
dathymnzrv.mp4,0.8336932063102722
dauiheqtqt.mp4,0.7541619539260864
daukofinwi.mp4,0.9424310326576233
dauxqdsrta.mp4,0.9251729846000671
dawquhngxn.mp4,0.8110798597335815
dazcqddmah.mp4,0.4481410086154938
dazmitzpls.mp4,0.5825730562210083
dazseswwpp.mp4,0.9712399244308472
dbahlxpfkm.mp4,0.9898920059204102
dbajaaprln.mp4,0.9900001883506775
dbauiiupef.mp4,0.6502296328544617
dbbbhusgnt.mp4,0.5816528797149658
dbbefxhmfk.mp4,0.970167875289917
dbbvpyzdsv.mp4,0.13380905985832214
dbckbkktch.mp4,0.2741575539112091
dbdoggoocx.mp4,0.9877910017967224
dbeouqereh.mp4,0.98794025182724
dbgdvoqjrs.mp4,0.989753782749176
dbgknmtfbf.mp4,0.9780331254005432
dbgvpwesbv.mp4,0.544710636138916
dbhehpfump.mp4,0.18986991047859192
dbhprzhroy.mp4,0.16901913285255432
dbixwxtuxs.mp4,0.12441854178905487
dbjeddgjgs.mp4,0.12784865498542786
dbkmmswqfg.mp4,0.5790210366249084
dbkrfxlell.mp4,0.9737299084663391
dbkximjyaw.mp4,0.9279584884643555
dblcsugamc.mp4,0.9829141497612
dblhswzedj.mp4,0.9898831248283386
dbljnexmlf.mp4,0.9543900489807129
dbmaspujld.mp4,0.9710124135017395
dbmbkijkmk.mp4,0.13695400953292847
dbmlazkbll.mp4,0.9671436548233032
dbmrufysdj.mp4,0.9888989329338074
dbnggnoozm.mp4,0.9804297089576721
dbobbvqmkr.mp4,0.7131388187408447
dbogzmnzlt.mp4,0.7600765824317932
dbpcjeeaui.mp4,0.13016648590564728
dbpfptzhiw.mp4,0.13188911974430084
dbpzdrpogs.mp4,0.9683676362037659
dbqbbonwjt.mp4,0.9747017025947571
dbqbwrcvjk.mp4,0.4214541018009186
dbqcfvuugb.mp4,0.9894789457321167
dbqtnfwwle.mp4,0.9847517609596252
dbqyiobgnx.mp4,0.9810728430747986
dbrnckvpjv.mp4,0.9899998903274536
dbsxlxitgm.mp4,0.11195717006921768
dbthqamhyz.mp4,0.9895549416542053
dbvdymdpym.mp4,0.17609228193759918
dbvjdiyqrb.mp4,0.5899172425270081
dbvvehcocv.mp4,0.9881810545921326
dbwydfwtip.mp4,0.9168799519538879
dbxpzfbhsn.mp4,0.9302821755409241
dbyordqnut.mp4,0.9890852570533752
dbyyuizpvr.mp4,0.9891712069511414
dcadwqahtn.mp4,0.5757682919502258
dcadxbcfng.mp4,0.16364459693431854
dcawsogoet.mp4,0.988344132900238
dcazaskuka.mp4,0.9509692192077637
dcbbeqmvuk.mp4,0.9204686284065247
dcbuzzqnof.mp4,0.9169450998306274
dcddcsmeyi.mp4,0.20175619423389435
dcekkkxnfx.mp4,0.9894258379936218
dcekxwervb.mp4,0.9876811504364014
dceycqcznl.mp4,0.9888746738433838
dcgaqywrfn.mp4,0.9609401226043701
dcgnumdfoq.mp4,0.8343969583511353
dcgzckukcv.mp4,0.9645688533782959
dcjfueishg.mp4,0.4017622470855713
dcjmcaxcxz.mp4,0.9419912099838257
dcjmwckfgf.mp4,0.1324995756149292
dcjnlrvwko.mp4,0.2133912444114685
dcjvqpgjgd.mp4,0.9899998903274536
dcjymntuui.mp4,0.8851069808006287
dcklqywyhe.mp4,0.07503164559602737
dckwrwjrzb.mp4,0.9838339686393738
dckygrkwnr.mp4,0.22978675365447998
dcmammspzg.mp4,0.9717705249786377
dcmitrlcbk.mp4,0.254397451877594
dcmolptgrh.mp4,0.9834017753601074
dcmwnhbreb.mp4,0.8598255515098572
dcnlykkbbx.mp4,0.9594026207923889
dcnqtgonsk.mp4,0.878812313079834
dcoieqrjhf.mp4,0.981742262840271
dcoyfnrpsm.mp4,0.964247465133667
dcpgtzfulm.mp4,0.8780261874198914
dcpmipuapc.mp4,0.14968618750572205
dcqdtsgrif.mp4,0.3811761140823364
dcqhhkwztm.mp4,0.9465166330337524
dcqxjyahds.mp4,0.8439318537712097
dcrefaartv.mp4,0.9640636444091797
dcrjbnkhwu.mp4,0.8983773589134216
dcrsugpfcv.mp4,0.9538548588752747
dcsuccbsei.mp4,0.9828747510910034
dcszjczlpo.mp4,0.9869343638420105
dctlyoecwq.mp4,0.6481951475143433
dctsqbktdd.mp4,0.8711193203926086
dctyzjipfr.mp4,0.2604745924472809
dcveredmux.mp4,0.698029637336731
dcvnpbelyb.mp4,0.9787031412124634
dcvnuptiko.mp4,0.9853286147117615
dcwcdhskvh.mp4,0.9888111352920532
dcwokudqws.mp4,0.20848755538463593
dcxozcclel.mp4,0.23323573172092438
dcyizhgzmd.mp4,0.8673352599143982
dcykyujhay.mp4,0.9885784387588501
dczlxpspyt.mp4,0.9847878813743591
dczmsjrwlc.mp4,0.9588958621025085
dcztdakmjg.mp4,0.9896711111068726
dczxxkstmj.mp4,0.9900000095367432
ddafrtsryt.mp4,0.9667152166366577
ddagxidupk.mp4,0.6923458576202393
ddbiylzzqx.mp4,0.9804414510726929
ddblowwfcm.mp4,0.9633241891860962
ddbyhorsay.mp4,0.959427535533905
ddcymnyysf.mp4,0.9555518627166748
dddjbmpchd.mp4,0.9374880194664001
ddewfzykyp.mp4,0.3014139235019684
ddfqkcxrnx.mp4,0.7377884387969971
ddfrexfnhg.mp4,0.1815016269683838
ddgdbctyif.mp4,0.9018090963363647
ddgworhapa.mp4,0.9811366200447083
ddhsykhyod.mp4,0.9885958433151245
ddidvzmvjs.mp4,0.9891813397407532
ddieekaouu.mp4,0.9849807620048523
ddifvixwxx.mp4,0.9843297004699707
ddjfjzmdkk.mp4,0.6595246195793152
ddjzmyabyu.mp4,0.9899947643280029
ddkcxrncmq.mp4,0.9881945252418518
ddkjmumjgf.mp4,0.9396213293075562
ddktcurcsw.mp4,0.9706578254699707
ddnfrgolit.mp4,0.9374719858169556
ddnthwdvwg.mp4,0.33129313588142395
ddnticyxmd.mp4,0.25379958748817444
ddoanziqhj.mp4,0.9619289636611938
ddofbnkgot.mp4,0.9261411428451538
ddofbzcdbb.mp4,0.9498136639595032
ddogfurugq.mp4,0.6154952645301819
ddpngojvzy.mp4,0.983191967010498
ddppcudrad.mp4,0.9702566862106323
ddqayybsuq.mp4,0.9806424975395203
ddqnhxudty.mp4,0.8315203189849854
ddqsbryhvd.mp4,0.21080662310123444
ddrjnwlugg.mp4,0.10528688877820969
ddrtwbrvvq.mp4,0.6028297543525696
ddrxykcwxm.mp4,0.17063258588314056
ddryljorfm.mp4,0.9868480563163757
ddshhjsygw.mp4,0.9327305555343628
ddsylmermi.mp4,0.9529137015342712
ddteixybzf.mp4,0.24353466928005219
ddtxbzgbho.mp4,0.981487512588501
dduarbnfwc.mp4,0.14563611149787903
ddvbvfrnwi.mp4,0.9720544219017029
ddvbwjmtxo.mp4,0.9715292453765869
ddvgrczjno.mp4,0.7909432053565979
ddvknwrapr.mp4,0.07093094289302826
ddvqkgpblf.mp4,0.6585758924484253
ddvstiwcwt.mp4,0.984901487827301
ddvwdvwcla.mp4,0.9886838793754578
ddvxmmcqic.mp4,0.9154098629951477
ddwepnuyti.mp4,0.850490152835846
ddwfpwxejt.mp4,0.9591093063354492
ddzdqyzdhc.mp4,0.11971311271190643
ddzfcscdat.mp4,0.9900000095367432
ddzsbynofq.mp4,0.9895734190940857
debaivdfyo.mp4,0.9674707651138306
debfikcmdv.mp4,0.213853120803833
debllamlvm.mp4,0.981132984161377
decpkffsla.mp4,0.9348888397216797
dedqiwxjck.mp4,0.9900000095367432
dedyedsjrf.mp4,0.7760648727416992
deeihusbku.mp4,0.259143203496933
deeqmpacic.mp4,0.9862999320030212
deesewpczx.mp4,0.7955112457275391
deewyvrlzo.mp4,0.9822060465812683
defeqlyysh.mp4,0.863749623298645
defolmxezz.mp4,0.9861389398574829
degaiqcgjz.mp4,0.9103773236274719
degqguwzgp.mp4,0.13900837302207947
degriaqieh.mp4,0.9826502799987793
degrpcsful.mp4,0.6930333375930786
degyedntzd.mp4,0.9840797781944275
dehhyjdoal.mp4,0.976906418800354
dehkunamqr.mp4,0.9602080583572388
deiwnqacsh.mp4,0.9217323660850525
dejrbttkhl.mp4,0.9899999499320984
delpasdocb.mp4,0.8503824472427368
delyrslnsy.mp4,0.977514922618866
demhikwrxs.mp4,0.9457786083221436
denujrssjb.mp4,0.8053106665611267
denvrbrfex.mp4,0.9865473508834839
deogcslvgj.mp4,0.6940050721168518
deoisxtlgy.mp4,0.8123400211334229
deokroxvyd.mp4,0.9871180653572083
deonabexby.mp4,0.9516780972480774
depcrcqwai.mp4,0.8607792258262634
depsivyouu.mp4,0.9129834771156311
depwiwjaya.mp4,0.9857125878334045
deqdvahbhg.mp4,0.9171591997146606
deqjbfxtgj.mp4,0.8451966643333435
derdywipzq.mp4,0.6783766150474548
derfsbbisk.mp4,0.9287648797035217
derkcaxbhk.mp4,0.9898825287818909
dermobcmbu.mp4,0.33515286445617676
derpbinucl.mp4,0.9388343691825867
deslnszgpy.mp4,0.18838410079479218
detuirvogn.mp4,0.9899305701255798
detwoqyuci.mp4,0.9198697805404663
devefnvbbj.mp4,0.9214252233505249
devkehhkrk.mp4,0.5080727934837341
dewntsgucs.mp4,0.22102154791355133
dewwkfbakz.mp4,0.9899999499320984
dexltvvrzu.mp4,0.917131781578064
dexmozizsn.mp4,0.9212697148323059
dexnpbncta.mp4,0.956903338432312
dexrcvoajh.mp4,0.9397560954093933
dexuumghyb.mp4,0.9716184139251709
dezuxwdjih.mp4,0.622050404548645
dezvqtncth.mp4,0.8281835913658142
dfaeqriiwz.mp4,0.8173910975456238
dfarlbhxsu.mp4,0.821505069732666
dfaslvpqyj.mp4,0.5945789813995361
dfcoszgyow.mp4,0.9796009063720703
dfcschesei.mp4,0.9491175413131714
dferzfqkbu.mp4,0.9587826132774353
dffkcrccsj.mp4,0.9354144930839539
dffmvpqblv.mp4,0.9850543141365051
dffsnfrocs.mp4,0.9471181631088257
dffwjugyxq.mp4,0.13614453375339508
dfgmdzwtdj.mp4,0.9817124605178833
dfgxmbooui.mp4,0.959828794002533
dfgzhzlnpa.mp4,0.9267756938934326
dfhijhjvbb.mp4,0.9252297878265381
dfhnxcowcn.mp4,0.17881342768669128
dfhofezdps.mp4,0.9796468615531921
dfhzmusawi.mp4,0.6981778144836426
dfiwbwdvci.mp4,0.9900000095367432
dfizleqjyx.mp4,0.5503538250923157
dfjeslbxar.mp4,0.9285067319869995
dfkjcoltmo.mp4,0.9848219752311707
dfkkldwxjs.mp4,0.9408162236213684
dfkqciwcxx.mp4,0.8235349655151367
dfkqgmlyqe.mp4,0.0928451418876648
dflerefwqj.mp4,0.23733505606651306
dflmmskmaf.mp4,0.7663634419441223
dflntkllui.mp4,0.959678590297699
dfltwxmthv.mp4,0.934334933757782
dfmgpurley.mp4,0.9897328019142151
dfmrkjvbst.mp4,0.9899999499320984
dfnxqfwtxy.mp4,0.9826205372810364
dfolhoqttw.mp4,0.9535607695579529
dfpmkyzpca.mp4,0.6991274356842041
dfpyystabi.mp4,0.57229083776474
dfqwasrdvq.mp4,0.5373963117599487
dfqzmxyvqw.mp4,0.20439091324806213
dfrblpzrfs.mp4,0.9199568629264832
dfrhdjwfpz.mp4,0.9612178206443787
dfrxcsrixu.mp4,0.985977292060852
dfsgzankji.mp4,0.8589114546775818
dfsudwuyki.mp4,0.9774639010429382
dftyisuemv.mp4,0.9494025707244873
dfueewmwus.mp4,0.957426905632019
dfujjfsabh.mp4,0.9643753170967102
dfulockbbz.mp4,0.9898242950439453
dfvfkozxkx.mp4,0.9809381365776062
dfvwkacxqe.mp4,0.9711617827415466
dfwachzzkr.mp4,0.9893901348114014
dfwtdceztx.mp4,0.9091504216194153
dfxiluowgr.mp4,0.9216271042823792
dfzgnwsdcd.mp4,0.9628558158874512
dgavmmishw.mp4,0.9876518249511719
dgaytezioz.mp4,0.9899682998657227
dgbeekairq.mp4,0.5960896015167236
dgbqnwuqlf.mp4,0.9610595703125
dgbszzkmyr.mp4,0.9666581153869629
dgbxioynxc.mp4,0.9878180027008057
dgcjustqps.mp4,0.9899998307228088
dgcuscqlkd.mp4,0.17559021711349487
dgcyaajqwm.mp4,0.9293620586395264
dgdaodyusj.mp4,0.9201636910438538
dgdvunsamx.mp4,0.9122695922851562
dgezbtjinh.mp4,0.9879733324050903
dgftkfwzwu.mp4,0.1475476324558258
dgfuertkjp.mp4,0.5953793525695801
dgfxvmrcxi.mp4,0.9203646183013916
dggzfnnmwf.mp4,0.9475424885749817
dggzimgtrq.mp4,0.6913281083106995
dghbpnphef.mp4,0.13622824847698212
dghlnlzoks.mp4,0.8876683712005615
dghuodhtqi.mp4,0.9353002309799194
dgizmspftn.mp4,0.9827448129653931
dgjlourgsw.mp4,0.9679549336433411
dgjmstvnpd.mp4,0.9900000691413879
dgjssccxhx.mp4,0.9725085496902466
dgjxfzhrzg.mp4,0.9577476382255554
dgkyrayvtd.mp4,0.8891358375549316
dglnsoibqk.mp4,0.9423769116401672
dglvilfaao.mp4,0.9602935314178467
dgmcoflrox.mp4,0.9723080396652222
dgmerbxfzu.mp4,0.9877139329910278
dgmxfixurf.mp4,0.9042080044746399
dgmzjbwhdm.mp4,0.9864531755447388
dgnnjvelxv.mp4,0.9899424910545349
dgnrrgbuck.mp4,0.9082545638084412
dgnrrzbdki.mp4,0.09904859215021133
dgnzzvfujo.mp4,0.23212553560733795
dgohtipgij.mp4,0.9854161143302917
dgpvbdmebj.mp4,0.9825814366340637
dgqifelufo.mp4,0.843936026096344
dgrsfhioaj.mp4,0.617313027381897
dgrzbruftl.mp4,0.38965925574302673
dgsfaepnum.mp4,0.9821835160255432
dgsvgrqoku.mp4,0.9351502060890198
dgtdgrzifi.mp4,0.11740006506443024
dguibctgnw.mp4,0.9318773150444031
dguimpsjmb.mp4,0.923629105091095
dguncbljmw.mp4,0.10810168832540512
dguvdjysqo.mp4,0.989492654800415
dgvjvwlahu.mp4,0.8998762369155884
dgvqefslkw.mp4,0.3331248164176941
dgwexsksra.mp4,0.9897041916847229
dgwhrhufly.mp4,0.9755218625068665
dgwrkbdoop.mp4,0.8070998787879944
dgxpjtddfz.mp4,0.9070467352867126
dgxwkzjeuh.mp4,0.9849593043327332
dgyidaeucw.mp4,0.9622439742088318
dgyqnulynq.mp4,0.3031153976917267
dgytnkpzjs.mp4,0.9343491196632385
dgzajzyzum.mp4,0.10207260400056839
dhacxelphg.mp4,0.6928908228874207
dhafiubuuv.mp4,0.1780235916376114
dharoobkdi.mp4,0.9589765667915344
dhbbkwlagj.mp4,0.5
dhbixobmeu.mp4,0.9864421486854553
dhbnxpdkof.mp4,0.9894280433654785
dhbzkpirjq.mp4,0.9899457097053528
dhcfvvwvid.mp4,0.9308028221130371
dhcpmedqqw.mp4,0.21323060989379883
dhcvupxnrj.mp4,0.1393624097108841
dhcxruhxqm.mp4,0.9786255359649658
dhdarygjio.mp4,0.985551655292511
dhdbsecfsy.mp4,0.9900000095367432
dhdivhuwly.mp4,0.983955979347229
dhdtvnuglu.mp4,0.9737740755081177
dheglvyxoz.mp4,0.4723455309867859
dhetuxjmnz.mp4,0.9882618188858032
dheynhtlps.mp4,0.9526193737983704
dhfcwchsir.mp4,0.9864112138748169
dhfeyosllj.mp4,0.1873180866241455
dhfinawlcy.mp4,0.9886400103569031
dhfkryfspz.mp4,0.9899999499320984
dhflewbzbo.mp4,0.9689629673957825
dhhpaftgnd.mp4,0.8660769462585449
dhibgljpai.mp4,0.1484702229499817
dhiiiwxtof.mp4,0.8252119421958923
dhinaqxuuj.mp4,0.9899999499320984
dhisuendkq.mp4,0.9882208108901978
dhjmgdgkte.mp4,0.1258796602487564
dhjromtynd.mp4,0.9438189268112183
dhkdjqwfhy.mp4,0.978243887424469
dhkwqxhujb.mp4,0.9104467034339905
dhlibjhsri.mp4,0.9899998307228088
dhlpxgiilz.mp4,0.6271510720252991
dhmgfhlwzp.mp4,0.9000598788261414
dhmovshgex.mp4,0.9899880886077881
dhmqtqggfb.mp4,0.9882556796073914
dhnbifolrc.mp4,0.9881414175033569
dhnoqbblkm.mp4,0.9510959386825562
dhoazaplgg.mp4,0.985956609249115
dhpjfcwifb.mp4,0.9389088153839111
dhprkfvrph.mp4,0.9900000691413879
dhpxicqwzj.mp4,0.9573492407798767
dhsvhffmmv.mp4,0.6818267703056335
dhujlrhlmc.mp4,0.9893819093704224
dhuvrjnggi.mp4,0.975929856300354
dhvakcuotf.mp4,0.43340060114860535
dhvibkkpax.mp4,0.8658342957496643
dhvnzywyuf.mp4,0.9494537115097046
dhvojcmjnl.mp4,0.8922962546348572
dhweakfwyf.mp4,0.9508379101753235
dhwvoebdjs.mp4,0.10972478985786438
dhxfrumvhh.mp4,0.7111979126930237
dhxmdqifot.mp4,0.9868922829627991
dhxrauqahg.mp4,0.9889301657676697
dhyevnqzak.mp4,0.9861893653869629
dhyywwatda.mp4,0.507807731628418
dhzitkpnzx.mp4,0.9573546648025513
dianuqbtho.mp4,0.9664998650550842
dicdynesul.mp4,0.9840319156646729
dicfjxkgdb.mp4,0.9899157881736755
diegrsidvu.mp4,0.9726195335388184
difjzyvozs.mp4,0.817271888256073
difkouazrx.mp4,0.9849238395690918
digadpqbnq.mp4,0.38550305366516113
digodfuebj.mp4,0.9608977437019348
digvzzvyoe.mp4,0.900958776473999
dihikfoowv.mp4,0.9714930057525635
dihltgtngr.mp4,0.9209821820259094
dihvecbwqc.mp4,0.9877379536628723
diiznqknyh.mp4,0.9899999499320984
dijbnarhjk.mp4,0.13106496632099152
dijkbxqbtk.mp4,0.9894155859947205
dijkublluh.mp4,0.9657921195030212
dikjzdxxoa.mp4,0.9189221858978271
dikmwvppsb.mp4,0.972204327583313
dilfieqeyf.mp4,0.938326895236969
dilfumvxqx.mp4,0.9872220754623413
dilvamjaoj.mp4,0.9816256761550903
dilyraxdba.mp4,0.9479273557662964
dimiflrvgt.mp4,0.975936770439148
dimlufgfja.mp4,0.9635341763496399
dimxnfalvi.mp4,0.977025032043457
dimzkihwpf.mp4,0.9895402193069458
dinsbywbwl.mp4,0.13033218681812286
dinswqpjsj.mp4,0.8631386756896973
diopnptloj.mp4,0.7100329399108887
dioueusgrg.mp4,0.1618897020816803
dioxvkiwze.mp4,0.9190743565559387
diozrmqahq.mp4,0.9738436937332153
diptkcsvwb.mp4,0.8663543462753296
diqqbcmidu.mp4,0.9168826341629028
dirfuosarj.mp4,0.6601023077964783
dirmzyzqdc.mp4,0.9898737668991089
disbytpxhu.mp4,0.9880360960960388
diskzkrrph.mp4,0.11095190793275833
disldvkasb.mp4,0.9665020704269409
disvnwrryr.mp4,0.1234167069196701
ditgggwqru.mp4,0.9641574025154114
ditgnohyeb.mp4,0.8709070086479187
ditygkvzml.mp4,0.9829748868942261
diuaptgufo.mp4,0.9769265055656433
diubkvruls.mp4,0.7361217737197876
diufxiirow.mp4,0.9503896832466125
diuoilvnvc.mp4,0.8584581613540649
diwiirjriq.mp4,0.14251597225666046
diwpgiikqw.mp4,0.9802544116973877
diybxapfbw.mp4,0.9864984154701233
diyokbalej.mp4,0.9764704704284668
diztudbgym.mp4,0.9821648597717285
djabgmttqg.mp4,0.609386682510376
djagudgftt.mp4,0.3416980504989624
djbimbpwbg.mp4,0.6278395056724548
djbwlpybbr.mp4,0.9531856179237366
djbxnuqltp.mp4,0.9831917881965637
djchjxxndc.mp4,0.9885468482971191
djckwbjble.mp4,0.9142131805419922
djcwyyddya.mp4,0.7300492525100708
djelvxvyhb.mp4,0.8104476928710938
djhhnixfyi.mp4,0.9325464367866516
djhnisnmzs.mp4,0.9553393125534058
djillmkele.mp4,0.9594495892524719
djiysgzgpe.mp4,0.3376694917678833
djjafmdtxy.mp4,0.9526397585868835
djjdcnhlma.mp4,0.9900000095367432
djjdzsivvi.mp4,0.9800008535385132
djjhidxwnx.mp4,0.7575314044952393
djjtwjtymj.mp4,0.9822389483451843
djkvxejnqm.mp4,0.828238844871521
djkwstalvv.mp4,0.13787741959095
djkzdbcfgb.mp4,0.9799126982688904
djlbwxsyud.mp4,0.9833828806877136
djlgjbpuvk.mp4,0.5572081208229065
djlgnbnsle.mp4,0.973219096660614
djlkkqmjkk.mp4,0.10200357437133789
djlubjyhsj.mp4,0.19518595933914185
djmormcyqu.mp4,0.2204848825931549
djncmccgpw.mp4,0.8283524513244629
djodnxisaa.mp4,0.5224611759185791
djossucaoj.mp4,0.9776209592819214
djozjfcnwk.mp4,0.9582924246788025
djpakbpuym.mp4,0.9873567819595337
djphxzgkco.mp4,0.15811721980571747
djrfxolqxm.mp4,0.9351451992988586
djttvzkrat.mp4,0.7342702150344849
djtxjdqkhn.mp4,0.9595067501068115
djuglubovi.mp4,0.9878644943237305
djurladqta.mp4,0.9827964305877686
djvbsnsiah.mp4,0.1793888956308365
djvustcyne.mp4,0.8450257182121277
djvygkqnxw.mp4,0.9898271560668945
djwcqyqznx.mp4,0.7586413025856018
djwshghuug.mp4,0.9815943241119385
djxcmobexd.mp4,0.9688650369644165
djxogftlxw.mp4,0.9519924521446228
djxtvdtmxx.mp4,0.9841424226760864
djxzmbwtxh.mp4,0.9892950654029846
djycdroxqm.mp4,0.9410706758499146
djynqeqhud.mp4,0.8122275471687317
djytodyczi.mp4,0.92348712682724
djzdpqlzfe.mp4,0.9799470901489258
djzjzfzmel.mp4,0.790723979473114
djzpxvypfp.mp4,0.9866689443588257
dkadyyxwru.mp4,0.09555578976869583
dkaklaptww.mp4,0.953619122505188
dkayifawyz.mp4,0.8358116149902344
dkbpvlmyhq.mp4,0.968908965587616
dkcdwhimur.mp4,0.9900000691413879
dkcffbwxex.mp4,0.8886553645133972
dkdxutvheq.mp4,0.980731189250946
dkecoglfmz.mp4,0.9495729207992554
dkeguzynhx.mp4,0.9842103719711304
dkemxsjleq.mp4,0.35698243975639343
dketpabwga.mp4,0.8667386770248413
dkeywucgch.mp4,0.9883258938789368
dkfyvfjcpr.mp4,0.19002602994441986
dkgmpwbqde.mp4,0.1386616975069046
dkgxnghmhd.mp4,0.9777146577835083
dkgxsuavjw.mp4,0.9408687949180603
dkhdxcsjsk.mp4,0.9879069924354553
dkiiqijowz.mp4,0.16216354072093964
dkisuimzar.mp4,0.9730716943740845
dkjpnomaek.mp4,0.9734702706336975
dkkqtmyitk.mp4,0.9841969013214111
dklyohebjb.mp4,0.9649980664253235
dkmesyoxlp.mp4,0.8876310586929321
dkmyaphiqy.mp4,0.47165292501449585
dkobxivwmn.mp4,0.17967525124549866
dkofkxrhng.mp4,0.9650241732597351
dkpegbxels.mp4,0.9362033009529114
dkpvmylcug.mp4,0.9731889963150024
dkqbuhxzbn.mp4,0.8834239840507507
dkqgphgzgf.mp4,0.979755699634552
dkqzxeudzp.mp4,0.970367431640625
dkrgbzdtot.mp4,0.9633617401123047
dkrjqyfgxb.mp4,0.8943724632263184
dktuqozmst.mp4,0.9709623456001282
dktvjujnqu.mp4,0.13319693505764008
dktwmkgcrz.mp4,0.9748244285583496
dktywrlqgu.mp4,0.9825732111930847
dkuekmvqoy.mp4,0.8771778345108032
dkuuejqoss.mp4,0.8172118067741394
dkuvktiywb.mp4,0.7397181987762451
dkvxzocpnx.mp4,0.9865995049476624
dkwhpqqqaf.mp4,0.9874812364578247
dkxbvpgztu.mp4,0.5000704526901245
dkxermeyac.mp4,0.8656466007232666
dkxsrhspqf.mp4,0.07692684978246689
dkxyfdytbs.mp4,0.2455478310585022
dkyztnifza.mp4,0.46183544397354126
dkzdguggob.mp4,0.9839560389518738
dkzvhtkenl.mp4,0.9851784706115723
dlalkoiknc.mp4,0.9872599244117737
dlazwrjveu.mp4,0.35170814394950867
dlbxnfthal.mp4,0.9664250016212463
dlcbmdkbxz.mp4,0.9643732905387878
dlccyuailb.mp4,0.9167748093605042
dlckdleyaj.mp4,0.986637532711029
dlebjfujap.mp4,0.9533104300498962
dlelgvsnae.mp4,0.40615135431289673
dlezhlbjtu.mp4,0.6905865669250488
dlfjgxzokr.mp4,0.10700425505638123
dlfubjxywg.mp4,0.9811833500862122
dlgcycscay.mp4,0.9900000095367432
dlhibcsuow.mp4,0.9414796233177185
dlhnapxhem.mp4,0.9900000095367432
dlhzfvfgzh.mp4,0.9892160296440125
dliapdgfsg.mp4,0.769577145576477
dljvfmkkpo.mp4,0.6337240934371948
dlkjimbdzz.mp4,0.4336063265800476
dlknkizxrw.mp4,0.8387944102287292
dllkubdbbd.mp4,0.9516885280609131
dlllcetqbw.mp4,0.9888489246368408
dlmfukhdrj.mp4,0.13400420546531677
dlnxsfbljv.mp4,0.8082743287086487
dlogguklox.mp4,0.5572671294212341
dlohmggfrd.mp4,0.9730309844017029
dlqouiqfue.mp4,0.886268675327301
dlrooyspqx.mp4,0.98844313621521
dlsdmdraln.mp4,0.782947301864624
dlszoejyjb.mp4,0.1572159081697464
dltoduaeaj.mp4,0.9838575124740601
dluknggcwk.mp4,0.7050142288208008
dluqlzodmm.mp4,0.967566728591919
dlvuwljayy.mp4,0.9747378826141357
dlvvnxsmyt.mp4,0.9820854663848877
dlwczwqwer.mp4,0.9685746431350708
dlzptoehia.mp4,0.9712923169136047
dmabuhmyel.mp4,0.11108582466840744
dmadqljrab.mp4,0.20470964908599854
dmavufuqqy.mp4,0.861719012260437
dmbhjotdud.mp4,0.9844150543212891
dmbwijgszl.mp4,0.6218704581260681
dmcaboiwzd.mp4,0.989284098148346
dmchxgiecw.mp4,0.959637463092804
dmcnsuwsin.mp4,0.6573894023895264
dmczblhcdt.mp4,0.980641782283783
dmddngkhes.mp4,0.9730224609375
dmdskkrzbc.mp4,0.874281108379364
dmdsqhprqw.mp4,0.9378123879432678
dmebceoylu.mp4,0.9748458862304688
dmecajzxbx.mp4,0.39497390389442444
dmehxjzdmv.mp4,0.1041116714477539
dmelcppgzc.mp4,0.9898521304130554
dmepwdmccf.mp4,0.6096802353858948
dmfaqzikrh.mp4,0.9546108841896057
dmffmleqcu.mp4,0.9739904403686523
dmfysraiiw.mp4,0.9396732449531555
dmgafmocjl.mp4,0.17175345122814178
dmgjhisfnt.mp4,0.9857510924339294
dmgshaefup.mp4,0.9867380857467651
dmhfssknop.mp4,0.9533229470252991
dmhsizbghm.mp4,0.9755233526229858
dmisapphyk.mp4,0.9889062643051147
dmitvectsn.mp4,0.17306189239025116
dmjozwexzt.mp4,0.9833910465240479
dmllscpmpp.mp4,0.786838710308075
dmmdfzagvm.mp4,0.9819179177284241
dmmuakrefq.mp4,0.3251650035381317
dmncsnzmsa.mp4,0.9843148589134216
dmndsesdsu.mp4,0.9355777502059937
dmneorhwcl.mp4,0.9883395433425903
dmniibimgn.mp4,0.9280937314033508
dmnurdpswv.mp4,0.983843207359314
dmoctfubep.mp4,0.9892820715904236
dmokusotwn.mp4,0.9835230708122253
dmomurmnec.mp4,0.9884946346282959
dmonugzxlo.mp4,0.9888795614242554
dmpacchzdi.mp4,0.182132288813591
dmpeqobntf.mp4,0.6906865239143372
dmpfxquzrt.mp4,0.9662185311317444
dmpvbeyuqb.mp4,0.6243810653686523
dmqjmpuosu.mp4,0.9805059432983398
dmqwuutqun.mp4,0.24220022559165955
dmqydcvmyy.mp4,0.9859553575515747
dmsbpidqka.mp4,0.4402416944503784
dmtjqgbezd.mp4,0.2599467933177948
dmubrkqxvd.mp4,0.11204952746629715
dmueaxtkcm.mp4,0.9785151481628418
dmuhzrcbfa.mp4,0.4169829189777374
dmuovykqam.mp4,0.9825910925865173
dmurhipwia.mp4,0.9223716259002686
dmvnzlhpgm.mp4,0.842866063117981
dmxcrspnga.mp4,0.6641939878463745
dmxinfvegm.mp4,0.7090882658958435
dmxwithiff.mp4,0.9898896813392639
dmyojxbjac.mp4,0.8140270113945007
dmyrdvcubh.mp4,0.9399998188018799
dmyydmewnv.mp4,0.9827008247375488
dmzbzcjsrg.mp4,0.9168498516082764
dmzfhikjjo.mp4,0.9886035919189453
dnaoszqxag.mp4,0.9876313209533691
dnargmsmdp.mp4,0.948866605758667
dnarvuxikn.mp4,0.8497835993766785
dnavpslhmy.mp4,0.9892134070396423
dnbnqzidxy.mp4,0.947689414024353
dndpcusmgh.mp4,0.8893733024597168
dndpfhgmlx.mp4,0.9579695463180542
dndurwfpfx.mp4,0.8671914935112
dnebeevzpl.mp4,0.9881960153579712
dnecilutfg.mp4,0.10088693350553513
dnfnxwbsoi.mp4,0.12509207427501678
dnfvyzhnfh.mp4,0.9661639332771301
dngwozfwzc.mp4,0.1282910406589508
dnhaskulaj.mp4,0.8282669186592102
dnhotbpzzg.mp4,0.9563935995101929
dnigdffplp.mp4,0.9899999499320984
dnirzrdpcv.mp4,0.9900000095367432
dnjlbgljyf.mp4,0.8045844435691833
dnksorsbcm.mp4,0.9744347929954529
dnlghyhgfj.mp4,0.5245738625526428
dnlqdcchcz.mp4,0.9534215927124023
dnlshtnedx.mp4,0.9273481369018555
dnlxklfacs.mp4,0.9784232378005981
dnmgjhucsj.mp4,0.9852792024612427
dnmhntrzck.mp4,0.9318704605102539
dnnagoloqb.mp4,0.5564942955970764
dnnvqoyckz.mp4,0.24274611473083496
dnomkfoccj.mp4,0.17177997529506683
dnonvgmeyp.mp4,0.9737226366996765
dnqobuqalm.mp4,0.38965243101119995
dnquugxkdd.mp4,0.9726772904396057
dnratobdph.mp4,0.401470422744751
dnrqehggwv.mp4,0.9837900400161743
dnrttdylqa.mp4,0.9662913084030151
dnrydtpjus.mp4,0.985927402973175
dnsntuccbs.mp4,0.9573415517807007
dnsokgitxl.mp4,0.9217883944511414
dnswxamjjt.mp4,0.08158356696367264
dntihcoxuv.mp4,0.11439955234527588
dnublilpww.mp4,0.9449929594993591
dnuejnupba.mp4,0.9723955392837524
dnvrbqxhqz.mp4,0.8138177990913391
dnvxraeele.mp4,0.7666000723838806
dnwfukbbcn.mp4,0.9892021417617798
dnwhoboviz.mp4,0.65362548828125
dnwkqvsdtm.mp4,0.9856201410293579
dnwmnttyfe.mp4,0.9883221387863159
dnwohsnyob.mp4,0.1480749547481537
dnxpsqsuil.mp4,0.9690821766853333
dnydftpgky.mp4,0.939380407333374
doagslzeae.mp4,0.8969841003417969
doaisfmawr.mp4,0.871781587600708
doazeldxul.mp4,0.8676069378852844
doblwjidzf.mp4,0.9694237112998962
dobmkyconz.mp4,0.8777732253074646
dobniqrlak.mp4,0.1785627156496048
doboalxzro.mp4,0.9898467659950256
dodwessgpl.mp4,0.9899912476539612
doeijjugxc.mp4,0.9900000095367432
doemehunwj.mp4,0.9379999041557312
doevunlyyt.mp4,0.9581947922706604
dofxakipma.mp4,0.9620295166969299
dogibysjkl.mp4,0.9672086238861084
dogotzkdiw.mp4,0.2972225546836853
dohbueaisb.mp4,0.08061736822128296
doheugxdet.mp4,0.18298308551311493
doieimouer.mp4,0.1697310507297516
dojiveigog.mp4,0.1241099163889885
dojorsyreo.mp4,0.9819805026054382
dojtnxqdrq.mp4,0.9900000095367432
donlceyfem.mp4,0.9894114136695862
donrqywxxu.mp4,0.9835550785064697
dopcoxsotn.mp4,0.1342879831790924
dopphjahir.mp4,0.7890541553497314
doprgfnryn.mp4,0.9872997403144836
doptetuggv.mp4,0.9274513125419617
dopulvkqip.mp4,0.9885289669036865
dopxldqkao.mp4,0.8218910694122314
dopyarkmwh.mp4,0.9291208386421204
dorkzruqpe.mp4,0.9715545773506165
dorqiyjsod.mp4,0.8147103786468506
doruflroku.mp4,0.916601300239563
dosezavwhq.mp4,0.9887287616729736
dosjwmjzrx.mp4,0.9465783834457397
dosnxvkzgf.mp4,0.7138118147850037
dosvlktrae.mp4,0.9257000684738159
dousbnlwam.mp4,0.13431324064731598
doveoojfbg.mp4,0.24408823251724243
dovonxgzrn.mp4,0.9783146977424622
dovzpopzop.mp4,0.9893675446510315
dowcqibizd.mp4,0.9900000095367432
dowopnjsjm.mp4,0.4698372781276703
doyfynweis.mp4,0.3606589734554291
doyxphntti.mp4,0.9269680976867676
dozdjdnsrl.mp4,0.2312125265598297
dozswzstib.mp4,0.9827304482460022
dpacxirzme.mp4,0.9285286664962769
dpaqaxgzon.mp4,0.928970992565155
dpbojjwctj.mp4,0.911980390548706
dpcahzyjmo.mp4,0.9734035730361938
dpcbuydqaz.mp4,0.9630077481269836
dpdeszoxlp.mp4,0.14137889444828033
dpdjjmqwqn.mp4,0.08503130823373795
dpdpkevreu.mp4,0.9412699937820435
dpegbdzijf.mp4,0.25379860401153564
dpekatbxlr.mp4,0.939393937587738
dpesoimjjo.mp4,0.9816866517066956
dpetoqdajw.mp4,0.9703392386436462
dpevhliuec.mp4,0.30292829871177673
dpevppxaaz.mp4,0.4373004734516144
dpfdxyzenz.mp4,0.48913684487342834
dpfjhklovx.mp4,0.9781798720359802
dpfuqzdtrs.mp4,0.9879550337791443
dpfygjvurs.mp4,0.952835202217102
dpgaegossz.mp4,0.841829240322113
dpgejlhueq.mp4,0.09954516589641571
dpgjudbvus.mp4,0.13645420968532562
dpglsmiqwm.mp4,0.24054288864135742
dpgxrxlmqj.mp4,0.3640216290950775
dpgznlwvpx.mp4,0.11088307946920395
dphivdjboy.mp4,0.9899999499320984
dphpvmgpbp.mp4,0.9882023930549622
dphqaflxdo.mp4,0.5887245535850525
dphqkybvto.mp4,0.9892835021018982
dphtzcswiu.mp4,0.9661681056022644
dpirglafro.mp4,0.9118286371231079
dpiynoeiwp.mp4,0.9840420484542847
dpjghtzvko.mp4,0.9327366948127747
dpjvdjeduu.mp4,0.132211372256279
dpjzcvczif.mp4,0.6438872814178467
dpkbgifccb.mp4,0.9170206785202026
dpldrcqfdx.mp4,0.6517093181610107
dpmbiymdxs.mp4,0.9610880017280579
dpmzclizkp.mp4,0.9888818860054016
dpoguapjty.mp4,0.9530888199806213
dpoisudctx.mp4,0.760261595249176
dppixhsszo.mp4,0.8261887431144714
dpqocpjswu.mp4,0.4378039538860321
dpqspsnfls.mp4,0.9897347688674927
dpquvbkgoh.mp4,0.9888761639595032
dpsfsvflio.mp4,0.9302043914794922
dpswvtluiz.mp4,0.18601146340370178
dpugwumfok.mp4,0.7865719199180603
dpumavoiti.mp4,0.9828184843063354
dpuzevsqec.mp4,0.9761048555374146
dpvligsdzp.mp4,0.9692997336387634
dpvmizbjmm.mp4,0.9124228358268738
dpvyupznif.mp4,0.15403977036476135
dpwxclnvav.mp4,0.9896109104156494
dpxjxfjxaj.mp4,0.8937436938285828
dpyjlbgxhv.mp4,0.10473007708787918
dpynqhdyal.mp4,0.9825916886329651
dpzpbjufmy.mp4,0.9669062495231628
dpzsgxhecn.mp4,0.34062689542770386
dqbgdbtdij.mp4,0.3631089925765991
dqbhuexjiv.mp4,0.9145358204841614
dqbilrqozl.mp4,0.7192789912223816
dqblrylonj.mp4,0.988666832447052
dqchmjpkwp.mp4,0.37877291440963745
dqcqaciyjp.mp4,0.9900000095367432
dqeexnwfso.mp4,0.5901503562927246
dqevbrjxzm.mp4,0.958581805229187
dqfgwejsvm.mp4,0.09153713285923004
dqfkandnht.mp4,0.9764334559440613
dqfqgkoyax.mp4,0.5032749176025391
dqibpplzly.mp4,0.10587527602910995
dqidxhktvn.mp4,0.15273410081863403
dqidxrvhud.mp4,0.9745253920555115
dqisjtyguv.mp4,0.6184183955192566
dqivnrmzjs.mp4,0.9869769811630249
dqkpfpxrkb.mp4,0.8959414958953857
dqmkthhjbx.mp4,0.7882487773895264
dqmlelzmkk.mp4,0.9883221983909607
dqmmcbbvzh.mp4,0.9023532867431641
dqmrfhgpql.mp4,0.9892339110374451
dqombsgufg.mp4,0.5357926487922668
dqomowdkuy.mp4,0.9699773192405701
dqpjkpgvts.mp4,0.7750210762023926
dqppcbikrv.mp4,0.7790230512619019
dqqeyuatkw.mp4,0.9893829226493835
dqqgfwcmrn.mp4,0.9237591624259949
dqquvfnfir.mp4,0.1229545921087265
dqqzkftrov.mp4,0.9715182185173035
dqrsukajna.mp4,0.970122218132019
dqsbmlbioa.mp4,0.5718266367912292
dqsdcbmoyo.mp4,0.10421603173017502
dqseyefxus.mp4,0.9867233037948608
dqsjrwfcim.mp4,0.9613479971885681
dqstwncfrt.mp4,0.9472638964653015
dqthpbczpo.mp4,0.4559468924999237
dquxguciif.mp4,0.8625332713127136
dqvigmswec.mp4,0.98553067445755
dqwaqerwma.mp4,0.9726448655128479
dqwivnescd.mp4,0.9859573245048523
dqwnndyoti.mp4,0.9632545709609985
dqwstprwis.mp4,0.9889653325080872
dqwzmbwhzo.mp4,0.12472891062498093
dqxprtqlxy.mp4,0.6703608632087708
dqxqmexekn.mp4,0.8385847210884094
dqztatxlqb.mp4,0.9879531264305115
dralbstugr.mp4,0.9835072159767151
drbnyexjsp.mp4,0.9788588285446167
drbqpaasvz.mp4,0.7701128721237183
drcbersvnq.mp4,0.8463426828384399
dreamznfsd.mp4,0.9888850450515747
dreiuqfayx.mp4,0.5796300172805786
dresjrvhhj.mp4,0.9880313277244568
drffprhwll.mp4,0.9818726778030396
drfxxsoqpu.mp4,0.3755890429019928
drgvtllewu.mp4,0.8813716173171997
drheirwjbb.mp4,0.9877110123634338
drhsyogfpq.mp4,0.9818568229675293
drieyseoev.mp4,0.985592782497406
drjbrauwqt.mp4,0.15737511217594147
drjjyrznum.mp4,0.8365613222122192
drjlymljha.mp4,0.9873464107513428
drjmagfuss.mp4,0.9729651212692261
drjmigyisb.mp4,0.9438573122024536
drjnvbiqbu.mp4,0.9838093519210815
drkdtigcja.mp4,0.18774552643299103
drkgblxscz.mp4,0.7813768982887268
drkisthaav.mp4,0.9654450416564941
drlbzmlsuh.mp4,0.989981472492218
drlnvwvvuw.mp4,0.2691487967967987
drmtumqfus.mp4,0.9749565124511719
drnwsctnuh.mp4,0.8331396579742432
drnyxcdxmj.mp4,0.9829201102256775
droflgpbgt.mp4,0.8896408677101135
drojjsajtb.mp4,0.9883722066879272
drpqbtfjsr.mp4,0.9781137704849243
drpstylchq.mp4,0.1617017239332199
drqkbppazx.mp4,0.664792001247406
drqtyzvhdd.mp4,0.9422466158866882
drrcckzpnm.mp4,0.9064151644706726
drrfshifmg.mp4,0.13284364342689514
drrpntzyos.mp4,0.8796465396881104
drscxohoqw.mp4,0.9841710329055786
drsfrhpdgk.mp4,0.5624735951423645
drsgygzgya.mp4,0.9886525273323059
drsqpxhfeq.mp4,0.8051479458808899
drtcebdmsd.mp4,0.7538753151893616
drthoxlzfr.mp4,0.9245094060897827
drunryhskx.mp4,0.9795493483543396
drwiutntjf.mp4,0.8027768135070801
drwmfvxesn.mp4,0.989800751209259
drwzbuwdwo.mp4,0.9766234159469604
drxdmrwgmc.mp4,0.6667837500572205
drxfjitbio.mp4,0.8564608097076416
drxswkgtst.mp4,0.1109987422823906
drxvhmrfmo.mp4,0.9812050461769104
drxvwffypa.mp4,0.20012544095516205
dryhqdbmut.mp4,0.1252059042453766
drykptqtsm.mp4,0.9664463400840759
drytosluag.mp4,0.11241573095321655
drznplrdda.mp4,0.9291614294052124
dsaimnkbgj.mp4,0.9895350933074951
dsaqimdnjb.mp4,0.9879833459854126
dsbvhyjfor.mp4,0.8991410136222839
dscgrauvgh.mp4,0.9869645237922668
dscijfgpba.mp4,0.9152247905731201
dscprfjses.mp4,0.36883115768432617
dsdgxlsvab.mp4,0.9899999499320984
dsdsmfrmdw.mp4,0.5059095621109009
dsealbmwme.mp4,0.9353330731391907
dsgwsmscmh.mp4,0.15208899974822998
dshgmpqmxa.mp4,0.7347631454467773
dshzlfpsdh.mp4,0.9893065690994263
dsilxejbkg.mp4,0.8955908417701721
dsiqhmzjcq.mp4,0.6523732542991638
dsjswaaiiv.mp4,0.8493747115135193
dskdhcxutl.mp4,0.5180877447128296
dskmqeboxb.mp4,0.9848236441612244
dskzamsvtn.mp4,0.9062121510505676
dslifinjkj.mp4,0.9802586436271667
dslpjueuhn.mp4,0.7846112847328186
dsmcmczelz.mp4,0.9175028800964355
dsmdkytbzr.mp4,0.9882889986038208
dsmdylqcjr.mp4,0.9829111099243164
dsmlabbgkb.mp4,0.9385223388671875
dsnerafcqv.mp4,0.8114156723022461
dsnnxyfctp.mp4,0.9719211459159851
dspahjiktq.mp4,0.9402685165405273
dspdtacmun.mp4,0.3879638612270355
dspezmgkkj.mp4,0.982200562953949
dspnjwfpes.mp4,0.9275479912757874
dsqixnximj.mp4,0.16502735018730164
dsqoagpfgc.mp4,0.9194884300231934
dsralytzln.mp4,0.7764254212379456
dsrmzmrvxa.mp4,0.2593526244163513
dsrytiitih.mp4,0.8997988104820251
dstvkvrglm.mp4,0.8159533739089966
dsveelyrgf.mp4,0.25952011346817017
dsvibdylng.mp4,0.9843753576278687
dsviippitl.mp4,0.9854053258895874
dsvzltsbyq.mp4,0.9761664271354675
dsxvketzmt.mp4,0.9022851586341858
dsyapihokr.mp4,0.9900000095367432
dsyljupsqw.mp4,0.9817856550216675
dsypvnksuc.mp4,0.11474543809890747
dsywxyckwy.mp4,0.9899998903274536
dsyxpluggm.mp4,0.9871883392333984
dszfkngghv.mp4,0.9599640369415283
dsznmzroir.mp4,0.9534999132156372
dszyfycaxl.mp4,0.9899999499320984
dtbgjdtujf.mp4,0.8133024573326111
dtbnoimzzl.mp4,0.6410666704177856
dtcseuijtb.mp4,0.5480376482009888
dtdfjxyubu.mp4,0.9900000095367432
dtdlzuofte.mp4,0.8253665566444397
dtehuznchv.mp4,0.9804421663284302
dteshahzfp.mp4,0.988525927066803
dtfgsvfmjq.mp4,0.989389955997467
dtfrslgpwj.mp4,0.13580021262168884
dtgejbdshy.mp4,0.9756667613983154
dthbysjgfg.mp4,0.7445776462554932
dthectkigu.mp4,0.9900001287460327
dthgskgnxk.mp4,0.8893218040466309
dthsbwohjb.mp4,0.45323920249938965
dthvdezqws.mp4,0.9719685316085815
dtidkfvnnw.mp4,0.9690415263175964
dtissoiefc.mp4,0.8498631119728088
dtivssiisl.mp4,0.96358722448349
dtjamuiyiu.mp4,0.9373664259910583
dtjcrfmraj.mp4,0.989956796169281
dtjxsdvkov.mp4,0.9900000691413879
dtllszqumv.mp4,0.47657373547554016
dtlrlpemur.mp4,0.09825638681650162
dtmboydqqu.mp4,0.951624870300293
dtmjmmhrzi.mp4,0.9900000095367432
dtmqbsbmtx.mp4,0.8555039763450623
dtmyiszoad.mp4,0.9421250820159912
dtnbfjtoou.mp4,0.9661601781845093
dtndkhtznj.mp4,0.8710920810699463
dtngwlnmhu.mp4,0.47577765583992004
dtobxangxt.mp4,0.12084649503231049
dtovjfinca.mp4,0.9672464728355408
dtqgehoxjl.mp4,0.9433491230010986
dtqhijoxgk.mp4,0.9422397613525391
dtrylmmfku.mp4,0.9885911345481873
dtsemuqyot.mp4,0.9622066020965576
dtskukyggw.mp4,0.9792647361755371
dtsoxfqjtr.mp4,0.8536168336868286
dtspghozbj.mp4,0.8222228288650513
dtssdnhgiw.mp4,0.12722401320934296
dtteldyuvf.mp4,0.9215759634971619
dtuatfaetk.mp4,0.945430338382721
dtutjoeohz.mp4,0.9115013480186462
dtuwyvosek.mp4,0.18128907680511475
dtvsntuctq.mp4,0.8160223960876465
dtwbmdgqsl.mp4,0.9477553367614746
dtwmkvalrf.mp4,0.9477087259292603
dtwyrdfwjv.mp4,0.9850822687149048
dtybbstrow.mp4,0.19619908928871155
dtylzjvdic.mp4,0.8159777522087097
dtzcznnnri.mp4,0.9738509654998779
dubcbdxrjw.mp4,0.9552717208862305
dudffwylgp.mp4,0.9878065586090088
dudwffxjrv.mp4,0.9672814011573792
duekvkfzff.mp4,0.9900000095367432
dufjujmnjb.mp4,0.9096778035163879
dufwqldemv.mp4,0.8039472103118896
dugqhdwduy.mp4,0.9425898790359497
dugxnvunhp.mp4,0.9354380369186401
duharfxvlx.mp4,0.9800335168838501
duhsvhutbd.mp4,0.9899370074272156
dujcilrfww.mp4,0.9883537292480469
dujodwlmny.mp4,0.8910017609596252
dujqekxrvp.mp4,0.9876689910888672
dukyihrdhb.mp4,0.9897273778915405
dulrkjgjvr.mp4,0.7223003506660461
dultiznosk.mp4,0.09453637152910233
dulurmlisg.mp4,0.9496790170669556
dunalebmpa.mp4,0.12920063734054565
duoehftfgy.mp4,0.958634078502655
duorbxnaew.mp4,0.9848774075508118
duowkaxqfz.mp4,0.9896921515464783
dupqqiguui.mp4,0.9738720059394836
dupsnteozu.mp4,0.17817945778369904
duqeevntgr.mp4,0.7609493136405945
duqfwmozqw.mp4,0.9362583160400391
duqiruqllb.mp4,0.9824399948120117
duqzgngijc.mp4,0.9806023836135864
dusbhhockt.mp4,0.05309983715415001
dusgrtwjfs.mp4,0.7921825051307678
duskgxxgha.mp4,0.8221216797828674
dutcaatdbk.mp4,0.3628290891647339
dutxfomimk.mp4,0.9894568920135498
duutgvwvhj.mp4,0.9899716973304749
duuzobnkdu.mp4,0.9328688383102417
duvevfzcjn.mp4,0.9838787317276001
duvlanzhnn.mp4,0.7871578931808472
duwmzggdvd.mp4,0.9438828229904175
duxhvftnpq.mp4,0.9297264814376831
duxjjywsah.mp4,0.9899999499320984
duyisbzujq.mp4,0.7325682640075684
duywhnombt.mp4,0.7499642372131348
duzmotcwss.mp4,0.9899999499320984
duzpgwrxnt.mp4,0.9770871996879578
duzueyonao.mp4,0.975156843662262
dvajdynpdh.mp4,0.9805474877357483
dvalwsjxcv.mp4,0.9845094084739685
dvazfntepg.mp4,0.9812557101249695
dvbbnrkvdy.mp4,0.9879577159881592
dvbboychog.mp4,0.9229562878608704
dvcioruqyy.mp4,0.9537369012832642
dvclvkchod.mp4,0.1675354242324829
dvdetyfrop.mp4,0.9520375728607178
dvdgwbcsdo.mp4,0.964402437210083
dvdtizyhyb.mp4,0.9282108545303345
dvdxtnnnmp.mp4,0.9486024975776672
dvfmhaqocl.mp4,0.597249448299408
dvgbdxchzh.mp4,0.975096583366394
dvgeqilcbb.mp4,0.7860819101333618
dvgrxlhsry.mp4,0.733491063117981
dvgtnbiaoo.mp4,0.9698476791381836
dvhqffxuud.mp4,0.5618470907211304
dvidirtwll.mp4,0.9843467473983765
dvidnauyrz.mp4,0.9887841939926147
dvieslcdff.mp4,0.09115233272314072
dvinxyskoc.mp4,0.9894315600395203
dviplwhgui.mp4,0.989876389503479
dvjwublkvq.mp4,0.15531493723392487
dvjzmpccug.mp4,0.5799412727355957
dvkbsvwkrg.mp4,0.95449298620224
dvkxchfqbv.mp4,0.09239586442708969
dvmllfuicr.mp4,0.19806644320487976
dvncxecafe.mp4,0.9784398674964905
dvnqjpwfvn.mp4,0.9481092095375061
dvokziuunu.mp4,0.984383761882782
dvpcfmcsml.mp4,0.15886463224887848
dvpfvrshkw.mp4,0.9793891906738281
dvqthddptg.mp4,0.9809167981147766
dvriktjvyz.mp4,0.7457377910614014
dvslakpmqw.mp4,0.6673885583877563
dvsvpiqaad.mp4,0.9685655832290649
dvtecviott.mp4,0.9888012409210205
dvtfjdkanq.mp4,0.1265215277671814
dvtiaiezhe.mp4,0.952464759349823
dvtzvkcrku.mp4,0.7702893614768982
dvuzmqrykm.mp4,0.8125473856925964
dvvaingisq.mp4,0.9607058167457581
dvvekopjjj.mp4,0.988151490688324
dvvffgunte.mp4,0.9779004454612732
dvvglvssak.mp4,0.9895038604736328
dvxwteqbti.mp4,0.9710889458656311
dvybyygisy.mp4,0.9899999499320984
dvyixgckvo.mp4,0.9097874164581299
dvyuxkyvws.mp4,0.965335488319397
dvyvppiqcp.mp4,0.9873772263526917
dvyzijxwpk.mp4,0.9364728331565857
dvzazyccgb.mp4,0.16300496459007263
dvzbpciyvq.mp4,0.5686647295951843
dvzikrvoam.mp4,0.9611679315567017
dvzlyikrcy.mp4,0.9792656302452087
dvzmolgimy.mp4,0.9766827821731567
dvzwkvoefx.mp4,0.5418444275856018
dvzxmhkzti.mp4,0.9882920980453491
dvzzbsykab.mp4,0.8291510343551636
dwbiteoown.mp4,0.9680479168891907
dwbnvmlubl.mp4,0.971794605255127
dwbowdmluw.mp4,0.9126150608062744
dwbqyobupb.mp4,0.9847750067710876
dwburmdnah.mp4,0.4885557293891907
dwcmicccsa.mp4,0.8926683664321899
dwdktihpbm.mp4,0.9645786881446838
dwehmdegct.mp4,0.15606854856014252
dwepeiwahc.mp4,0.5938860774040222
dwezonukuz.mp4,0.9622398614883423
dwfwzvngmw.mp4,0.2590726315975189
dwglpajork.mp4,0.9152492880821228
dwhrslidcc.mp4,0.9603322744369507
dwikmjmppn.mp4,0.9412508010864258
dwimhjnmxv.mp4,0.9900001287460327
dwjhuqjqdc.mp4,0.9857507348060608
dwjqiionzx.mp4,0.9692948460578918
dwkmwwyvpj.mp4,0.9272725582122803
dwmsebyypl.mp4,0.09522853046655655
dwmuulwqpt.mp4,0.9900000691413879
dwnuedgsbk.mp4,0.8614746332168579
dwnuveeret.mp4,0.909587025642395
dwolumdlvo.mp4,0.9713112115859985
dwpbdbpodw.mp4,0.826680600643158
dwpjyidlfg.mp4,0.22458770871162415
dwpoopdkmp.mp4,0.29562798142433167
dwpurwnovd.mp4,0.12920504808425903
dwqbukyujc.mp4,0.9687842130661011
dwqdhjlgvm.mp4,0.9830772876739502
dwqnoceslb.mp4,0.8687377572059631
dwrleiwqtb.mp4,0.11913804709911346
dwruwqicke.mp4,0.9882556796073914
dwrvthsffp.mp4,0.9876667857170105
dwtbnrjoid.mp4,0.9652690291404724
dwulcgctyu.mp4,0.9437105655670166
dwuuehrtfw.mp4,0.9425869584083557
dwuwkbiwdr.mp4,0.8572980165481567
dwvcyqnrfc.mp4,0.9886811971664429
dwvozvlsna.mp4,0.8163400888442993
dwvxvbxioc.mp4,0.660920262336731
dwvxwfoiet.mp4,0.942432165145874
dwwsypbeok.mp4,0.9759076237678528
dwwytkheyx.mp4,0.8698175549507141
dwxbothlyp.mp4,0.5003378987312317
dwxphntupz.mp4,0.38903936743736267
dwxvxxyzgg.mp4,0.8754532933235168
dwxzgolduz.mp4,0.9817493557929993
dwyaezgzaa.mp4,0.9348333477973938
dwydctgjoi.mp4,0.9625566005706787
dwydykqtls.mp4,0.8912491202354431
dwyhwmuvkp.mp4,0.893989086151123
dwyqnukmve.mp4,0.8621854782104492
dwzfkpasbo.mp4,0.6999174356460571
dwzimdqfbg.mp4,0.9832381010055542
dxabwtdvfh.mp4,0.11300131678581238
dxaqipdvyw.mp4,0.972309947013855
dxcbnkgqep.mp4,0.8257498145103455
dxcdoqatqe.mp4,0.9776215553283691
dxdansstna.mp4,0.259179025888443
dxdtcwvnsf.mp4,0.9578520655632019
dxdytmqtmx.mp4,0.8025091290473938
dxemcmxlan.mp4,0.9846174716949463
dxepehnhgm.mp4,0.1780201494693756
dxgotgmdnr.mp4,0.9889601469039917
dxgqpzshfu.mp4,0.3413723409175873
dxhgyiunie.mp4,0.9712433218955994
dxizvbkadb.mp4,0.7291174530982971
dxjahepfze.mp4,0.9884012937545776
dxkeetpqey.mp4,0.9889394044876099
dxlepkqbeh.mp4,0.9839298129081726
dxlfedxafu.mp4,0.8637876510620117
dxlpyszdqi.mp4,0.6442281007766724
dxlytaxhoe.mp4,0.6264422535896301
dxmcnxzrkc.mp4,0.7073670625686646
dxmtotjlpy.mp4,0.9818155169487
dxopfluwmw.mp4,0.1218661516904831
dxpcynpokl.mp4,0.9632797837257385
dxphlwcvan.mp4,0.8737398386001587
dxpqnkmhby.mp4,0.9774675369262695
dxpzolbzgh.mp4,0.1279085874557495
dxswqlriar.mp4,0.9368740916252136
dxttlqpkhh.mp4,0.3428416848182678
dxtztpodxl.mp4,0.9820629358291626
dxufplmrlm.mp4,0.9835897088050842
dxuxkyqhof.mp4,0.2571437656879425
dxvddjmexe.mp4,0.9835039377212524
dxvgdftehj.mp4,0.9620564579963684
dxvpdvmcjp.mp4,0.9039238095283508
dxwevhvjhm.mp4,0.9826644659042358
dxwizawmim.mp4,0.7866538166999817
dxwkixitat.mp4,0.6759195327758789
dxxxefjrdg.mp4,0.9369474053382874
dxyakiyigf.mp4,0.9837509393692017
dxydqtnkgi.mp4,0.9899999499320984
dxyhygfcry.mp4,0.9899999499320984
dxykhefnal.mp4,0.9651591181755066
dxyvzmpqgp.mp4,0.9869464635848999
dxzfynmsis.mp4,0.9671838879585266
dxzgokytcd.mp4,0.16693828999996185
dxzitnlvqg.mp4,0.9768551588058472
dxzyaovkks.mp4,0.98017817735672
dyanizlneu.mp4,0.9883861541748047
dybcnokooq.mp4,0.9319369196891785
dybfpqertz.mp4,0.8822340965270996
dycqaiefqc.mp4,0.9664225578308105
dycsnodlkx.mp4,0.9125941395759583
dycxvvosfn.mp4,0.48136740922927856
dydtmhlkhl.mp4,0.9030609726905823
dyesrdnfia.mp4,0.9787324666976929
dyftroxrlv.mp4,0.9900000691413879
dyggbogcao.mp4,0.9711183309555054
dygqkwggyf.mp4,0.8998492360115051
dygsjlcqut.mp4,0.9842497706413269
dygvvksupx.mp4,0.8835023045539856
dyhnlrkhki.mp4,0.9516564607620239
dyifxrijyv.mp4,0.9899998307228088
dyjgbbvocn.mp4,0.9253368973731995
dyjtfbqrmt.mp4,0.7909926176071167
dykdovyrzi.mp4,0.9881147742271423
dykyivrvxo.mp4,0.9861122965812683
dylfraworx.mp4,0.9900001287460327
dylmbeyjub.mp4,0.10185132175683975
dymnwzerlb.mp4,0.7635318636894226
dymulfowor.mp4,0.926769495010376
dymuwnxxuc.mp4,0.9868899583816528
dymxcnijsb.mp4,0.9900000691413879
dynmsxtbup.mp4,0.9110550284385681
dyocqhemds.mp4,0.9860048294067383
dyotjlcnhf.mp4,0.9735245108604431
dyowjilyiv.mp4,0.9867381453514099
dypncubgem.mp4,0.9899320006370544
dyprovhtkx.mp4,0.9311856031417847
dyqeddqknx.mp4,0.8817093372344971
dyqggzcpxc.mp4,0.9851917028427124
dyrcppjudh.mp4,0.9598155617713928
dyrparmuyd.mp4,0.8656784296035767
dysayreyzb.mp4,0.4429929554462433
dysijtsjkv.mp4,0.9897859692573547
dytbiqhhzf.mp4,0.8973920345306396
dythhiiokb.mp4,0.13399867713451385
dytpllwlko.mp4,0.9149689674377441
dyuirqtols.mp4,0.817751407623291
dyukishyle.mp4,0.9321720004081726
dyuxqtrhxj.mp4,0.9716498255729675
dyvudcaipy.mp4,0.8655388951301575
dyvvxwyrau.mp4,0.8510602116584778
dywegzqyel.mp4,0.18133485317230225
dywsegvtvy.mp4,0.985524594783783
dyxbmpetbl.mp4,0.9844709038734436
dyxdggbmgk.mp4,0.6869828104972839
dyxhwddplw.mp4,0.9899998307228088
dyxmvodnfp.mp4,0.9667078852653503
dyyemtaizw.mp4,0.9279255270957947
dyzgapdmtk.mp4,0.20434103906154633
dyzjiomjcd.mp4,0.9761441946029663
dyzkwqexox.mp4,0.9705748558044434
dyzlyeclbs.mp4,0.9511430859565735
dyzowrafjy.mp4,0.9885876774787903
dzakrufkag.mp4,0.9899339079856873
dzauhngzwk.mp4,0.9180842041969299
dzbptdqivh.mp4,0.8539618849754333
dzbtoxlwnc.mp4,0.9790335297584534
dzcdamilyz.mp4,0.954260528087616
dzdiqfvapz.mp4,0.9514315128326416
dzelmotnxm.mp4,0.951298713684082
dzerihccix.mp4,0.9782571792602539
dzgfolcvpq.mp4,0.9899998307228088
dzgfxjhife.mp4,0.9892135858535767
dzhethcpbw.mp4,0.1341104358434677
dzhkiyfivt.mp4,0.13497674465179443
dzhrumagfs.mp4,0.9900000691413879
dzhugeqyah.mp4,0.9803104400634766
dziomdvusw.mp4,0.9849315881729126
dzjgfpssjx.mp4,0.9574801325798035
dzjikkybip.mp4,0.9807547926902771
dzjsckzcmq.mp4,0.9677913188934326
dzjzsbobdm.mp4,0.9882029294967651
dzkfjraptq.mp4,0.985177218914032
dzlkulrplo.mp4,0.9293971061706543
dzlnrbwdda.mp4,0.989331841468811
dzlvydjnkp.mp4,0.9784845113754272
dzmdabeasy.mp4,0.9899516105651855
dzmynqyozi.mp4,0.754465639591217
dznchaiaqh.mp4,0.22322095930576324
dznjykynmf.mp4,0.8413391709327698
dznofrvkfp.mp4,0.9879729747772217
dznonnujmx.mp4,0.9893556833267212
dzptrcpemh.mp4,0.964398205280304
dzpychqarm.mp4,0.7276173830032349
dzqirzkwon.mp4,0.09609011560678482
dzqnkdwrph.mp4,0.97991943359375
dzrgflxexs.mp4,0.13112595677375793
dzrjhrbppm.mp4,0.9199585914611816
dzrtfcvmxm.mp4,0.1358409821987152
dzsgbnotgw.mp4,0.9453137516975403
dzstrtwvix.mp4,0.9894063472747803
dztfgwfowu.mp4,0.9895010590553284
dztivnzyod.mp4,0.7401986718177795
dzuliuxzcj.mp4,0.9734988212585449
dzutxqywjo.mp4,0.971434473991394
dzuxxgokdh.mp4,0.9416862726211548
dzvaykngjf.mp4,0.9723778963088989
dzvijsbblm.mp4,0.7653565406799316
dzvxnkvwon.mp4,0.7945612668991089
dzxiokxmzp.mp4,0.07224955409765244
dzxiwecdvq.mp4,0.9103223085403442
dzxqjtzzjp.mp4,0.629546582698822
dzxsudpvwm.mp4,0.9879790544509888
dzxtgayaos.mp4,0.9798414707183838
dzyayxyzbx.mp4,0.9198821783065796
dzymzqavcd.mp4,0.988664448261261
dzywbvexqk.mp4,0.679202675819397
dzzbigqcpf.mp4,0.9584607481956482
dzzevfhzgv.mp4,0.5
dzzinekulq.mp4,0.9211017489433289
dzztxvsixn.mp4,0.9877377152442932
eaaksafhqq.mp4,0.9887704253196716
eaapbktdnv.mp4,0.9848266243934631
eaaysmdwlq.mp4,0.9584943056106567
eabghyltka.mp4,0.9639276266098022
eabucrvsij.mp4,0.14078855514526367
eabyiybnkn.mp4,0.1312548816204071
eabzzdgsfx.mp4,0.9900001287460327
eacjsuqenz.mp4,0.20614342391490936
eacsjvcmlp.mp4,0.930778980255127
eadirncnsr.mp4,0.9828299283981323
eadunjmjwk.mp4,0.9723949432373047
eaevlthzlv.mp4,0.8248855471611023
eagawpusdy.mp4,0.8205425143241882
eagiowqlut.mp4,0.8936758041381836
eagzlzukzh.mp4,0.9803954362869263
eahfxxbwtf.mp4,0.9887502193450928
eahgjoumll.mp4,0.984474241733551
eahhbyqhgj.mp4,0.9657772183418274
eahsqrwwum.mp4,0.9898614287376404
eaikuhffkj.mp4,0.9886289834976196
eajtsffbsf.mp4,0.9839825630187988
eajucugllb.mp4,0.9480923414230347
ealguqfocu.mp4,0.9872801899909973
ealngzauwe.mp4,0.9011015892028809
ealtwtwcbq.mp4,0.9899473190307617
ealvekafep.mp4,0.7898239493370056
eamixkghtw.mp4,0.9169855117797852
eamrsjonro.mp4,0.930621325969696
eanspddxov.mp4,0.9900001883506775
eaolaqoahr.mp4,0.4626207649707794
eaqfgjytez.mp4,0.29805493354797363
eaqkzccyga.mp4,0.9877640604972839
eaqpooegza.mp4,0.9589728713035583
eaqqrmewhd.mp4,0.12962792813777924
earcinbicd.mp4,0.1560121476650238
earyrbmojv.mp4,0.5652778148651123
eatqiqtytv.mp4,0.9539968371391296
eauzbdfdsx.mp4,0.9673416614532471
eaveotxisi.mp4,0.9100069403648376
eaxkilqqgu.mp4,0.8976619243621826
eaxmcrkbtm.mp4,0.1798071563243866
eayzufzneh.mp4,0.9390332102775574
eazsywdpgh.mp4,0.9639052152633667
eaztsmksng.mp4,0.9869846105575562
eazuxemota.mp4,0.5502394437789917
ebafpavapo.mp4,0.9715277552604675
ebagtzwylp.mp4,0.126845121383667
ebakrsmaqv.mp4,0.7745172381401062
ebaopkgfpx.mp4,0.9664891362190247
ebavidcenm.mp4,0.9820011258125305
ebcviipxzp.mp4,0.9142264127731323
ebdlffrebe.mp4,0.9788331389427185
ebdysevkut.mp4,0.6160944700241089
ebeaounzou.mp4,0.34814149141311646
ebejzdkxll.mp4,0.154470756649971
ebenjegtdw.mp4,0.742095410823822
ebenvuuxld.mp4,0.16333891451358795
ebfasahlma.mp4,0.9509482383728027
ebffuhuesn.mp4,0.8965910077095032
ebfqwugmjo.mp4,0.9894365072250366
ebfzzxgswf.mp4,0.9900000095367432
ebgmolbmjs.mp4,0.988901674747467
ebhimgkrjz.mp4,0.9643114805221558
ebhmsikovp.mp4,0.9472893476486206
ebhzhkizzd.mp4,0.96090167760849
ebjcqjslzz.mp4,0.5534473061561584
ebjdkllijf.mp4,0.9644742608070374
ebjflxoidl.mp4,0.9609944820404053
ebjloshjfk.mp4,0.8540188074111938
ebkcxeqyab.mp4,0.9400424957275391
ebkgmakwhy.mp4,0.6104779839515686
ebkowxhori.mp4,0.16883940994739532
eblzoeldgf.mp4,0.9725002646446228
ebmgcemgbu.mp4,0.8997517228126526
ebmintmsej.mp4,0.9864205121994019
ebmkpusppg.mp4,0.918415904045105
ebmnymgbgm.mp4,0.9261944890022278
ebmotsujrb.mp4,0.8287500739097595
ebnlvzkonj.mp4,0.7732071280479431
ebnswzlvrn.mp4,0.9899998903274536
ebofoaidos.mp4,0.1620161235332489
ebonugqvvy.mp4,0.8169525265693665
ebopmkcizs.mp4,0.975897490978241
eboqtnoxkv.mp4,0.12513220310211182
ebpyicqwue.mp4,0.977599561214447
ebrsglqviz.mp4,0.984100341796875
ebrtmonrma.mp4,0.9212331771850586
ebsvuoccfd.mp4,0.9852060675621033
ebtgcelpdh.mp4,0.9605698585510254
ebtkdczsdq.mp4,0.6093341708183289
ebubrjyqns.mp4,0.9899118542671204
ebubysoxsl.mp4,0.9700267314910889
ebuejzauxq.mp4,0.3095110058784485
ebuthbfhyn.mp4,0.9853674173355103
ebvanagxbt.mp4,0.9833263754844666
ebvmlmfspr.mp4,0.9837216138839722
ebwirtdlkj.mp4,0.9852041602134705
ebwjtjcspx.mp4,0.9841475486755371
ebxnhqeaab.mp4,0.30393168330192566
ebxrckrvig.mp4,0.9789438843727112
ebydtebztb.mp4,0.9889174699783325
ebzsbvkutx.mp4,0.9220378994941711
ebzspprfny.mp4,0.968066930770874
ecaetyjowd.mp4,0.915557861328125
ecaokdxkyd.mp4,0.9702708125114441
ecbdlzgwnb.mp4,0.41160932183265686
ecbdylimvv.mp4,0.9272820353507996
eccpdfpjel.mp4,0.09882141649723053
ececuhyxce.mp4,0.9686286449432373
eceeqbggko.mp4,0.9571285843849182
ecepjwtain.mp4,0.9118639230728149
ecetgjzzxa.mp4,0.9871093034744263
ecfcmnyxzr.mp4,0.9428970217704773
ecfvkaewto.mp4,0.8408422470092773
ecgvpejkiz.mp4,0.9543724656105042
eciaaifomk.mp4,0.9832020998001099
eciqmzhjpv.mp4,0.9806275963783264
eciwkxuihs.mp4,0.9864630699157715
eclbfxrelo.mp4,0.9839174151420593
eclmwgvast.mp4,0.7203765511512756
eclnhayuzs.mp4,0.9896932244300842
eclnowceyi.mp4,0.9466725587844849
eclpgjjies.mp4,0.918012261390686
ecmqlztklx.mp4,0.9671235680580139
ecndenhhar.mp4,0.9636642932891846
ecnhovxzfr.mp4,0.9351517558097839
ecnuekyfvy.mp4,0.10501781105995178
ecpcukyzsu.mp4,0.8682032227516174
ecpoizyscr.mp4,0.6902275085449219
ecptxiqiqp.mp4,0.962599515914917
ecqzntbaqf.mp4,0.9899999499320984
ecrskxqpav.mp4,0.9475231766700745
ecscbclfaa.mp4,0.9783838391304016
ecsjgdocyg.mp4,0.9900001287460327
ecsjyvknwr.mp4,0.9900001287460327
ectccevjdi.mp4,0.98760986328125
ecudvgsqtg.mp4,0.9887958765029907
ecutcsdroz.mp4,0.9680347442626953
ecveihaltc.mp4,0.985989511013031
ecvmcszigb.mp4,0.9796442985534668
ecwmsjcmfo.mp4,0.8146028518676758
ecydbcaucn.mp4,0.9603010416030884
eczcpjxzwv.mp4,0.4546700119972229
eczejwdufy.mp4,0.12701885402202606
eczoulhdgj.mp4,0.9828576445579529
edanjkaglb.mp4,0.949072003364563
edavfjsjzw.mp4,0.4628368020057678
edbpulmoms.mp4,0.16004325449466705
edcfsbfmgq.mp4,0.8974916338920593
edcmufkmfj.mp4,0.959867000579834
eddfbqjngn.mp4,0.988169252872467
eddocxyxea.mp4,0.9593286514282227
eddqbbzglr.mp4,0.6100100874900818
edemmtmucu.mp4,0.9795272946357727
edeswiwtiy.mp4,0.3129439949989319
edevpyuazf.mp4,0.23672404885292053
edfmwxmirk.mp4,0.980110764503479
edgruppmkq.mp4,0.9348046779632568
edgznrmukf.mp4,0.9320437908172607
edixsialsl.mp4,0.7543503642082214
edjfbhwszx.mp4,0.9230384230613708
edjsytrrth.mp4,0.8530486822128296
edjycjxyyn.mp4,0.7958556413650513
edldghszvx.mp4,0.33514586091041565
edmmhxrwls.mp4,0.7508222460746765
edmuvmtcde.mp4,0.8055275082588196
edmvpoaniw.mp4,0.8718137145042419
ednakzreoi.mp4,0.9868832230567932
edntyxboxd.mp4,0.9863388538360596
ednucjfqso.mp4,0.827133059501648
ednvnkmnze.mp4,0.9860262870788574
ednxpkgmqz.mp4,0.9554658532142639
edodholdem.mp4,0.8239694833755493
edosobmtzq.mp4,0.7196700572967529
edovkrceaj.mp4,0.9896657466888428
edovmwavuw.mp4,0.7659603953361511
edpbqnwtho.mp4,0.9855219721794128
edpffjbmai.mp4,0.9634702205657959
edpgkratsh.mp4,0.7569963932037354
edpjgsunfy.mp4,0.9417223930358887
edryvpqidj.mp4,0.9248224496841431
edsjrpcbqk.mp4,0.9895628094673157
edsxkhhcmd.mp4,0.9067652225494385
edtccalvgr.mp4,0.7214890122413635
edukarxbph.mp4,0.974860668182373
eduxitjqlq.mp4,0.8943219780921936
edvlekdczt.mp4,0.9705974459648132
edvtyrosef.mp4,0.9690780639648438
edvyiiycqu.mp4,0.835621178150177
edvyxmzpoy.mp4,0.649892270565033
edwbjpderw.mp4,0.9121696352958679
edweilpuxf.mp4,0.9499944448471069
edwmmaidud.mp4,0.16601301729679108
edwqoonrkm.mp4,0.5760474801063538
edylmobkop.mp4,0.6594409346580505
eeaowdnspv.mp4,0.8914955258369446
eebtzyoqyd.mp4,0.1296621710062027
eecjlreedm.mp4,0.9898080825805664
eecvubghfz.mp4,0.9882982969284058
eedwazoljh.mp4,0.98243647813797
eedwyzhipo.mp4,0.9762187600135803
eeekohpfpm.mp4,0.9550204277038574
eeeuyarirv.mp4,0.9900000691413879
eeeuzozcdc.mp4,0.9755139350891113
eeevqpmusf.mp4,0.5247460007667542
eeexurxfne.mp4,0.7192779183387756
eegeqglget.mp4,0.971709668636322
eegzqcqtrm.mp4,0.933219313621521
eehgcdgiok.mp4,0.3607847988605499
eehmfwoqrp.mp4,0.9507080316543579
eeiabruiqj.mp4,0.9677728414535522
eejdelozuo.mp4,0.964616596698761
eejgkudwwg.mp4,0.9719530940055847
eejnusvlxl.mp4,0.9853506088256836
eejsansfwg.mp4,0.9900000691413879
eekftvuvcl.mp4,0.638235330581665
eeldudssre.mp4,0.8973740935325623
eelegoxjwv.mp4,0.33769145607948303
eempfhjvbl.mp4,0.936981201171875
eencgyhphy.mp4,0.9821805357933044
eenmkbzwie.mp4,0.6309366822242737
eeohcepxjm.mp4,0.9391156435012817
eephmartuo.mp4,0.8748869299888611
eepogoslrw.mp4,0.9900000691413879
eepqrmtrdk.mp4,0.8846871852874756
eepqzrqyvg.mp4,0.9522851705551147
eepubbscmz.mp4,0.9395689368247986
eeqfqxwenp.mp4,0.9035995006561279
eeqtqmhxhc.mp4,0.9068325161933899
eeqxajletz.mp4,0.9178845286369324
eeqxmjwbhi.mp4,0.9898836016654968
eeriyvjsek.mp4,0.881560742855072
eerksicnlb.mp4,0.3606000244617462
eerytoiriw.mp4,0.9332889914512634
eetigtaciw.mp4,0.22450897097587585
eeuekpiwkh.mp4,0.10425011068582535
eeuhwigdaq.mp4,0.9883441925048828
eewysqrcjf.mp4,0.7334876656532288
eexqilyakb.mp4,0.8337832093238831
eeyrbkikrn.mp4,0.2674086391925812
eezmfnvxxt.mp4,0.9087606072425842
efaiqwiifj.mp4,0.11568699777126312
efakoetljk.mp4,0.9789831638336182
efazuieysm.mp4,0.9021981358528137
efbibsmgpw.mp4,0.32332277297973633
efbkgcgnnk.mp4,0.987483024597168
efbmvocbli.mp4,0.9313452839851379
efbsmnanjr.mp4,0.9615879654884338
efbwpzryhw.mp4,0.12705518305301666
efcdxjwwih.mp4,0.39130786061286926
efclidoyxb.mp4,0.9640178084373474
efdclayinw.mp4,0.951865017414093
efdidhtpfe.mp4,0.989271342754364
efdtgxwvqz.mp4,0.8974260091781616
efdzfglkij.mp4,0.9894624352455139
efekpstvwa.mp4,0.8086316585540771
efelqzmraz.mp4,0.9739640355110168
efeshzcjpb.mp4,0.9758893251419067
efexumqepp.mp4,0.9815068244934082
efezbuuywa.mp4,0.9587733745574951
effavbfvay.mp4,0.9873523116111755
effbozsxwq.mp4,0.2170957773923874
effdaakkfi.mp4,0.9468674063682556
effgbuweip.mp4,0.9347172975540161
efgbikipop.mp4,0.530743420124054
efgqvhbfqj.mp4,0.9828886985778809
efgvueaxxb.mp4,0.9644338488578796
efhxffocsi.mp4,0.9801383018493652
efianwppfc.mp4,0.9731395244598389
eficoxxbuo.mp4,0.8478492498397827
efifcvxhrj.mp4,0.9503353834152222
efipryhtum.mp4,0.3882400691509247
efjsowsghk.mp4,0.9899697303771973
efjtzmmzrw.mp4,0.13066308200359344
efkafgubac.mp4,0.9860153198242188
efktkdkcmi.mp4,0.16011817753314972
eflhlqmvek.mp4,0.6835319995880127
eflszerajt.mp4,0.968055009841919
efmefgbbmk.mp4,0.9714598655700684
efmkwlqfip.mp4,0.9009860754013062
efmnwgoyrj.mp4,0.9495782852172852
efmtxmmbfk.mp4,0.5332481861114502
efnhvieljj.mp4,0.11915384232997894
efoiowmcxr.mp4,0.9782359600067139
efosnegbxc.mp4,0.9899998903274536
efplrldzjr.mp4,0.9900000095367432
efpwzhmwot.mp4,0.9661405682563782
efqcwnyqdu.mp4,0.9884333610534668
efqfomvqac.mp4,0.8985570073127747
efrairxdnm.mp4,0.24238106608390808
efsctplmax.mp4,0.9899484515190125
efsjmhfaee.mp4,0.8018947243690491
efstpwwzpb.mp4,0.07984279841184616
efsukarxtn.mp4,0.989258348941803
efsxoprojd.mp4,0.9900000095367432
eftlgmpiaw.mp4,0.7504926919937134
eftsoaodey.mp4,0.9851956367492676
efttfxdapw.mp4,0.8143855333328247
efudijaxql.mp4,0.9900000691413879
efudwfbimj.mp4,0.1068442240357399
efufmaxost.mp4,0.9893482327461243
efuwlafayn.mp4,0.9488878846168518
efvsfftuqr.mp4,0.9834316372871399
efwctulsjy.mp4,0.9899548888206482
efwonrvqvy.mp4,0.843010663986206
efwvynstiq.mp4,0.9313075542449951
efxbkgszyu.mp4,0.9619362354278564
efxkpdxsjs.mp4,0.9682732224464417
efydxghsro.mp4,0.9847844243049622
efyphrhpsw.mp4,0.9282277226448059
efyvmzqltw.mp4,0.7812404632568359
efzotvfgsh.mp4,0.969765841960907
efzqlpbdfm.mp4,0.09439848363399506
efzuagfooh.mp4,0.572908878326416
egagtyxwzl.mp4,0.8855825662612915
egamepwdao.mp4,0.9863155484199524
egbgzhqgwd.mp4,0.8123503923416138
egbkdnafdv.mp4,0.9209700226783752
egbllgwolp.mp4,0.9886218309402466
egbraautld.mp4,0.9892587065696716
egcaufhmql.mp4,0.9363323450088501
egcggwtorf.mp4,0.15909747779369354
egcizcdwjn.mp4,0.9679932594299316
egcliesbel.mp4,0.9322618842124939
egclqvbnus.mp4,0.726423978805542
egcnwhidnx.mp4,0.9878588914871216
egcovnwlvk.mp4,0.9898152351379395
egcugeafxw.mp4,0.8206531405448914
egdhgkhcwo.mp4,0.9897371530532837
egdsycypqd.mp4,0.9506282210350037
egeazrsikj.mp4,0.9795767068862915
egeomopbmn.mp4,0.2757936716079712
egfscjuldp.mp4,0.9283717274665833
egfuigjmtu.mp4,0.9715183973312378
eghhfgzxme.mp4,0.9900000095367432
eghloowibn.mp4,0.2432904839515686
eghvuzdbpi.mp4,0.9252536296844482
egidkvnqlz.mp4,0.9620158076286316
egjrqbcgym.mp4,0.9887029528617859
egjwyrjipy.mp4,0.49941718578338623
egkddnuimv.mp4,0.6066678166389465
egkqlmafpr.mp4,0.24661773443222046
egkwbrsnbl.mp4,0.9892932176589966
egkzonvoze.mp4,0.9899430871009827
eglbpmqqbu.mp4,0.9900001883506775
eglmnhfbop.mp4,0.9186680912971497
eglxlqogub.mp4,0.6358200907707214
egmweglpxm.mp4,0.9623093008995056
egnqyvikah.mp4,0.98807692527771
egnwccuxvw.mp4,0.9760950803756714
egolbmkdql.mp4,0.9509608149528503
egoxvspxpt.mp4,0.9897733926773071
egpvnriqsj.mp4,0.900601863861084
egqkdzwaxb.mp4,0.9878029823303223
egqszphwcg.mp4,0.9900000691413879
egqugnqibo.mp4,0.9757698774337769
egrpjvuozo.mp4,0.9895574450492859
egrrujwgsm.mp4,0.09439752995967865
egrtychdmx.mp4,0.9766871929168701
egsaglisze.mp4,0.8899816870689392
egtrjvgggy.mp4,0.7592549920082092
egtxdxsgxa.mp4,0.9899142980575562
egvkxaaams.mp4,0.9890801310539246
egvnshhsod.mp4,0.10899427533149719
egvtogliqb.mp4,0.9499428868293762
egwapsifcv.mp4,0.897848904132843
egwodjebum.mp4,0.9899998903274536
egwzzhemvk.mp4,0.9894580245018005
egxbehzmza.mp4,0.23835746943950653
egydpqaqrc.mp4,0.9688122272491455
egyemqrvna.mp4,0.2922667860984802
egykjflrjp.mp4,0.08915065973997116
egyxkzfdec.mp4,0.8816667795181274
egzdspgmem.mp4,0.8306354880332947
egzfaoiuwo.mp4,0.10809409618377686
egztpetrgt.mp4,0.9115367531776428
eharakfchp.mp4,0.9607407450675964
ehcezdniyx.mp4,0.18067169189453125
ehdyzxlyra.mp4,0.9893923997879028
ehdzakapuz.mp4,0.9857248663902283
ehetlufgmx.mp4,0.10291726887226105
eheuapnenp.mp4,0.8716044425964355
ehexpzhdjn.mp4,0.989807665348053
ehfrnagsqf.mp4,0.6804021000862122
ehftosntej.mp4,0.952479898929596
ehglixdkng.mp4,0.884762167930603
ehjkdsbmcm.mp4,0.9471153020858765
ehjkvtgdkm.mp4,0.9746349453926086
ehkhjxtdzp.mp4,0.987975001335144
ehlhxncasy.mp4,0.9837322235107422
ehlzgsgrgm.mp4,0.8835963010787964
ehmlnfjniv.mp4,0.8390032649040222
ehmtrgjafl.mp4,0.9821242690086365
ehmvilvlvj.mp4,0.9274184107780457
ehmxtsynns.mp4,0.9892703294754028
ehnvjqosux.mp4,0.916925311088562
ehobuslnal.mp4,0.22816644608974457
ehodfjcnbc.mp4,0.9889882802963257
ehojxfiaap.mp4,0.9658183455467224
ehovqehcia.mp4,0.9493477940559387
ehpqtlflru.mp4,0.9352675080299377
ehprcizkpq.mp4,0.9654482007026672
ehpwmtyvwm.mp4,0.2925826907157898
ehqfpnfynf.mp4,0.8622592091560364
ehqyvztebg.mp4,0.5822688937187195
ehrbdspppd.mp4,0.9712622761726379
ehsxbdyiog.mp4,0.41369935870170593
ehtbcrzwed.mp4,0.8208773732185364
ehtbiqorco.mp4,0.9836745858192444
ehtdvrunlh.mp4,0.8503623008728027
ehtvcnlsfl.mp4,0.976198673248291
ehudnzecnx.mp4,0.9583277106285095
ehvdzmzoiq.mp4,0.943027138710022
ehvjruzsyj.mp4,0.9864708781242371
ehvvslnvry.mp4,0.9660297632217407
ehwcyxmtmb.mp4,0.960182785987854
ehwhbqciyf.mp4,0.7121219635009766
ehwjfenbgu.mp4,0.8923373222351074
ehwoohpulw.mp4,0.9689235687255859
ehwxlndsmd.mp4,0.9899999499320984
ehxxnbbgbf.mp4,0.9552080035209656
ehxzrvgvtx.mp4,0.9868394732475281
ehybveurpz.mp4,0.9296735525131226
ehyfxxxftq.mp4,0.8849586248397827
ehzfwxkwhd.mp4,0.9890395402908325
eibcvggmsf.mp4,0.9303152561187744
eibeoodnpu.mp4,0.9588661789894104
eiblikazji.mp4,0.9694146513938904
eibvbudwaa.mp4,0.9234176874160767
eibvvpheen.mp4,0.6057754755020142
eiciutahwn.mp4,0.8615561723709106
eicngtwvoh.mp4,0.20431837439537048
eiczxyyqbi.mp4,0.9613666534423828
eiduiphlgm.mp4,0.9327411651611328
eiewfmymhx.mp4,0.7957537770271301
eifdjwcjnq.mp4,0.9261482357978821
eifujvlrzd.mp4,0.9892194867134094
eiheiceuxo.mp4,0.9637613892555237
eihucwigue.mp4,0.9159345030784607
eihxhddeou.mp4,0.7671971917152405
eiiizbbmop.mp4,0.98837810754776
eiitvcurxz.mp4,0.8073610067367554
eijbjnpqua.mp4,0.976256787776947
eijchtxdae.mp4,0.9389528632164001
eijuqrgaqp.mp4,0.11992108076810837
eikgmiykos.mp4,0.952963650226593
eikgoxbhht.mp4,0.3987688422203064
eiklavlmtk.mp4,0.9759833812713623
eilxyvmvvn.mp4,0.9079764485359192
eindiyyyec.mp4,0.983596682548523
einuilwwyq.mp4,0.9875176548957825
einzjxuova.mp4,0.9872478246688843
eiozvdohir.mp4,0.9370455145835876
eipgrasgik.mp4,0.9897603988647461
eiqjqnjdpj.mp4,0.9841820597648621
eirhvynauf.mp4,0.9888721704483032
eirndiltfu.mp4,0.9900001287460327
eisgeotlay.mp4,0.9426368474960327
eissylsysf.mp4,0.8972324132919312
eitvkszvas.mp4,0.8535118103027344
eitzzrryrp.mp4,0.9550809264183044
eiumscwqwk.mp4,0.8423163294792175
eiuqpbsxvv.mp4,0.9206869006156921
eivjfbudaj.mp4,0.9824243187904358
eiwwftakrx.mp4,0.22771313786506653
eixapfhlww.mp4,0.9742255806922913
eixntxxxcl.mp4,0.9896374344825745
eiygtsqxco.mp4,0.18409933149814606
eiyhctwtne.mp4,0.9673952460289001
eiyjrjgvih.mp4,0.12099193781614304
eiyozfeewp.mp4,0.9900000095367432
eizdnwhclo.mp4,0.9788788557052612
ejarlcecxs.mp4,0.7164832949638367
ejaydbdptx.mp4,0.97856205701828
ejcglpcihz.mp4,0.7091853022575378
ejdscdudfg.mp4,0.9474446177482605
ejduevqyce.mp4,0.4110092520713806
ejelabznep.mp4,0.9462866187095642
ejemhaucbz.mp4,0.9670547246932983
ejeucyrpbn.mp4,0.8389953374862671
ejevdfyyzw.mp4,0.9606872200965881
ejewrmwvbs.mp4,0.9898580312728882
ejfqzyxrqc.mp4,0.9883902668952942
ejgnnocwwf.mp4,0.9888546466827393
ejgukcmwdk.mp4,0.9887211322784424
ejhhriogdr.mp4,0.9375097751617432
ejhxgasndv.mp4,0.13608621060848236
ejiegvzplj.mp4,0.6906545162200928
ejihadjcos.mp4,0.6822540760040283
ejihiqyvtf.mp4,0.17766086757183075
ejijwbwnkv.mp4,0.9638808369636536
ejivdcrlnv.mp4,0.9732149839401245
ejkjrdkwci.mp4,0.9837246537208557
ejklzppjqd.mp4,0.9900000095367432
ejkmfyvlwa.mp4,0.9801276922225952
ejldxbgeiz.mp4,0.9864286184310913
ejmmjzxuon.mp4,0.9787379503250122
ejncblwuej.mp4,0.9749988913536072
ejobauwpjq.mp4,0.9857145547866821
ejpftkbwln.mp4,0.9520487189292908
ejpywzaser.mp4,0.9615999460220337
ejqkcermdx.mp4,0.23721329867839813
ejrbdkjhhn.mp4,0.94637531042099
ejsnniudtz.mp4,0.4175495505332947
ejtimuprkr.mp4,0.7057245373725891
ejtoceqagd.mp4,0.900107741355896
ejtondldnk.mp4,0.9529514312744141
ejufyjjskz.mp4,0.8918007612228394
ejughyndqp.mp4,0.9579876661300659
ejvekgctfu.mp4,0.9632233381271362
ejvhpsisii.mp4,0.9630756974220276
ejvpuctmyr.mp4,0.9334225058555603
ejvqsahfcz.mp4,0.9626375436782837
ejvutjytwt.mp4,0.9801575541496277
ejwkklumeg.mp4,0.12015582621097565
ejwwivhszc.mp4,0.9861479997634888
ejxniublbo.mp4,0.8494821786880493
ejxrhjfhak.mp4,0.9247528910636902
ejybewlkze.mp4,0.9863002300262451
ejyhzcuytn.mp4,0.9585778713226318
ejymqfawpz.mp4,0.8276342153549194
ejyoybicax.mp4,0.8927666544914246
ejzkecngzf.mp4,0.9709113836288452
ekakeosslm.mp4,0.9887405037879944
ekbcrbtmmc.mp4,0.1587676852941513
ekbeqygtrq.mp4,0.20153667032718658
ekblnquxhq.mp4,0.36114367842674255
ekbntmuqhj.mp4,0.11175764352083206
ekbnytgwbc.mp4,0.9353057146072388
ekbqwgwevm.mp4,0.585041344165802
ekbywoogqt.mp4,0.9213523268699646
ekcztejffy.mp4,0.3199255168437958
ekdgndagyc.mp4,0.7762311100959778
ekdytdjsax.mp4,0.6522407531738281
ekelpjsrmk.mp4,0.972158670425415
ekensuxkkt.mp4,0.8739252090454102
ekexblgylm.mp4,0.18788130581378937
ekfhckgwbe.mp4,0.9828050136566162
ekfjpswjug.mp4,0.6236284971237183
ekfknmwrev.mp4,0.9619300961494446
ekgccotacg.mp4,0.9808879494667053
ekgojnyvby.mp4,0.8723658919334412
ekhjgthkoc.mp4,0.9871079325675964
ekhqsatjuo.mp4,0.9374247193336487
ekidiquivf.mp4,0.9647169709205627
ekihvvriqm.mp4,0.9000356793403625
ekinylkxkt.mp4,0.9899836182594299
ekjgzumgtq.mp4,0.40047159790992737
ekjifbzrfr.mp4,0.9883893728256226
ekkksdqgzl.mp4,0.9698342680931091
ekkufyfcon.mp4,0.19241183996200562
ekldiuludx.mp4,0.9900000691413879
eklgbwceyi.mp4,0.9886227250099182
ekllmudlwi.mp4,0.9894872307777405
eklmkbktzs.mp4,0.9290996193885803
eklmqoycqb.mp4,0.9396482110023499
ekmbotgxyr.mp4,0.11801230907440186
ekmpricrrr.mp4,0.9899999499320984
ekmwbuaedp.mp4,0.9652377963066101
ekndxpycvw.mp4,0.9878534078598022
ekoyxvfxwi.mp4,0.9873253703117371
ekozfobxxw.mp4,0.9899981021881104
ekppovddnl.mp4,0.659183919429779
ekqtlhsclp.mp4,0.1693936586380005
ekquarsplg.mp4,0.9900000691413879
ekreepcbid.mp4,0.21746182441711426
ekrooluwcl.mp4,0.9705767035484314
ektblhodgo.mp4,0.9074149131774902
ektcauseus.mp4,0.808451235294342
ektrtuwidv.mp4,0.907696545124054
ektwmkryvm.mp4,0.9101645946502686
ekunwvpbzd.mp4,0.8924649953842163
ekusbammok.mp4,0.857022225856781
ekutbiitqk.mp4,0.20991162955760956
ekvapshklb.mp4,0.297230988740921
ekvhyeycpr.mp4,0.3738507032394409
ekvwqojmnz.mp4,0.9716762900352478
ekwczkvszi.mp4,0.9155526161193848
ekwglpkqms.mp4,0.989978551864624
ekwhsbcxdd.mp4,0.9873731136322021
ekxiidkjpq.mp4,0.9572440981864929
ekxjfqulyc.mp4,0.6645393371582031
ekxowxtdfj.mp4,0.9735051393508911
ekxsduhvwh.mp4,0.1677960902452469
ekxsotfdup.mp4,0.9893713593482971
ekxxlzflnb.mp4,0.9494373202323914
ekydnznbkd.mp4,0.9896623492240906
ekyqfnbgrm.mp4,0.973773181438446
ekyycsaoqv.mp4,0.7152000069618225
ekzfjqzrnp.mp4,0.6329379677772522
ekzgrobucr.mp4,0.8867133855819702
ekziyatdew.mp4,0.9843393564224243
ekzlovqjbv.mp4,0.9884687662124634
ekzojdwvzr.mp4,0.9885820150375366
ekzrprxyby.mp4,0.9054071307182312
ekzsevwpij.mp4,0.44139379262924194
ekzuhbtnqf.mp4,0.7349655628204346
elbcgmkdrw.mp4,0.08826235681772232
elbcslsoee.mp4,0.9857978224754333
elbelnfogt.mp4,0.9620950818061829
elbmrziana.mp4,0.9164695143699646
elboymgolh.mp4,0.9497754573822021
elbqkcpape.mp4,0.3912394344806671
elcnndreoc.mp4,0.980565071105957
elcolhrlnp.mp4,0.9876116514205933
eldfrkuxtd.mp4,0.9607356190681458
eleccezzfk.mp4,0.9899999499320984
elefkzmxey.mp4,0.11973116546869278
elepzolpfv.mp4,0.7386752367019653
elernullyn.mp4,0.9734928607940674
eleyeeybqi.mp4,0.13452118635177612
elfqgfzyid.mp4,0.8374648094177246
elhiudovby.mp4,0.7965958714485168
eliazncrwl.mp4,0.18334494531154633
elibzwmjie.mp4,0.4888082444667816
elikgbssgh.mp4,0.9853950142860413
elimogcqmt.mp4,0.979534387588501
elinrhmuzg.mp4,0.743812620639801
eljtgmcpfw.mp4,0.9401694536209106
eljvhsixvx.mp4,0.076919786632061
elkvwoacwh.mp4,0.91140216588974
ellerbzgmz.mp4,0.9900000095367432
elljrxzeau.mp4,0.893826425075531
ellvxntech.mp4,0.9824680089950562
elondavtxd.mp4,0.9110741019248962
elovfrblwp.mp4,0.9679561257362366
elqbvncdpe.mp4,0.9338986277580261
elqwqccmot.mp4,0.9876803755760193
elrkacifos.mp4,0.9824449419975281
elscuighwc.mp4,0.9144999384880066
elsvnmrlue.mp4,0.2590659558773041
eltdfmwgji.mp4,0.9896363019943237
eltegvmovm.mp4,0.9880852103233337
eluhuvocwr.mp4,0.8566168546676636
elujuuvdib.mp4,0.892022430896759
elvdfqptjk.mp4,0.6944203972816467
elvorjwdut.mp4,0.9320023059844971
elyuapcyhc.mp4,0.9890061020851135
elyyepyjrz.mp4,0.14703767001628876
elztrnjyjz.mp4,0.9753552675247192
embhtiswqh.mp4,0.598247230052948
embjjaybmt.mp4,0.8744220733642578
emdoggnrga.mp4,0.9674479365348816
emecmfeykx.mp4,0.9774106740951538
emexwanqpg.mp4,0.9264039993286133
emffqrjhyk.mp4,0.23460854589939117
emfzmpxvfa.mp4,0.8776222467422485
emgciwmtuj.mp4,0.114010289311409
emgdobptvi.mp4,0.375081330537796
emgwaijgbx.mp4,0.9595364928245544
emhfdagxes.mp4,0.9885886907577515
emiyuzydgw.mp4,0.15146104991436005
emjrvrkdsj.mp4,0.9851235747337341
emjtexvqxo.mp4,0.9648838043212891
emjurnjsns.mp4,0.8439388275146484
emkzigwhnz.mp4,0.7428265810012817
emluajmkqr.mp4,0.9866690039634705
emlxorhbwc.mp4,0.983720600605011
emmddtvyal.mp4,0.9895659685134888
emmompdpbp.mp4,0.8815410733222961
emmygleyft.mp4,0.18761688470840454
emmzfsmqfb.mp4,0.9879083037376404
emouqgcvda.mp4,0.9734237790107727
empibqxyvt.mp4,0.8678269982337952
emqrzuchea.mp4,0.9887351989746094
emrcntxdgx.mp4,0.9095799326896667
emrdfyhgoo.mp4,0.9807766079902649
emrhtomwpy.mp4,0.21453900635242462
emruzzbtpp.mp4,0.9710750579833984
emstbyvehc.mp4,0.23271505534648895
emtqhgpbkk.mp4,0.9646322727203369
emudwmtiku.mp4,0.869290292263031
emusyxkytu.mp4,0.11450735479593277
emvefvjhxs.mp4,0.9352282285690308
emvfaleomu.mp4,0.954714834690094
emvikmmndn.mp4,0.9718797206878662
emvryijqlx.mp4,0.9231591820716858
emvyjelukj.mp4,0.7384984493255615
emwftcfjxv.mp4,0.7121026515960693
emwwxngstk.mp4,0.9728236794471741
emxqsgqtdz.mp4,0.24954965710639954
emyieqewtf.mp4,0.3754495084285736
emyxhllxsy.mp4,0.9574062824249268
emzbasnefg.mp4,0.9900000095367432
emzhjvmihq.mp4,0.889079213142395
emzpwwqnbu.mp4,0.9467810392379761
emzvhjgvil.mp4,0.4228582978248596
enaupjigsj.mp4,0.9899986386299133
encmazdvub.mp4,0.8694830536842346
encpspxssi.mp4,0.10081644356250763
encvnokybd.mp4,0.1653512716293335
encyyfekai.mp4,0.9874928593635559
endblutfop.mp4,0.18980750441551208
eneknlfodw.mp4,0.9894905686378479
enexnymsbr.mp4,0.8523520231246948
enfdiglvvt.mp4,0.9845445156097412
engswoxwys.mp4,0.9039250016212463
enhioxigpa.mp4,0.9866647720336914
enhnmsqyqj.mp4,0.8045613169670105
enhqfydjvr.mp4,0.9563448429107666
enhrmlgvnt.mp4,0.9517929553985596
enhxubddhk.mp4,0.7545279264450073
enizxofene.mp4,0.8457878232002258
enjcgntrbu.mp4,0.8665429949760437
enjlezwnxf.mp4,0.9842419028282166
enkpwtwwnf.mp4,0.26089566946029663
enkpxzkvni.mp4,0.941383957862854
enlbqlghpj.mp4,0.9896944165229797
enllemybiz.mp4,0.11525824666023254
enlyxqyizx.mp4,0.983852744102478
enmgplmpni.mp4,0.839938223361969
enmowffmak.mp4,0.9015946388244629
ennbmnoygj.mp4,0.22125722467899323
ennggwgewg.mp4,0.32551172375679016
ennkjirvtk.mp4,0.9052104949951172
enpqwqmztj.mp4,0.9899999499320984
enpryzieyc.mp4,0.10127457231283188
enpshnkugu.mp4,0.9867238402366638
enqojjephh.mp4,0.9899998903274536
enqxmaplyw.mp4,0.9818937182426453
entdaiqrgf.mp4,0.9351885914802551
enuvbqyode.mp4,0.9385421276092529
envgqunrmz.mp4,0.895237922668457
envlpcyqsu.mp4,0.942013680934906
envzcooavo.mp4,0.6555463075637817
enwhstvrpt.mp4,0.6881362199783325
enwsrtwsnm.mp4,0.9900001287460327
enxazpptrf.mp4,0.9658178091049194
enxxwptxzh.mp4,0.9822661876678467
enyfsmfgvb.mp4,0.988283634185791
enyhgljqwr.mp4,0.9724875092506409
enyytoyguq.mp4,0.9869088530540466
enzlliylet.mp4,0.9856365323066711
enznkxtllv.mp4,0.9724292159080505
enzsbbnwyz.mp4,0.956894040107727
eoaviddrkc.mp4,0.8450483679771423
eobwpnjgld.mp4,0.9678474068641663
eoclcdruis.mp4,0.9900000095367432
eocqzwmtxp.mp4,0.13824070990085602
eoczvkvxer.mp4,0.8783257007598877
eodeiyybfk.mp4,0.7409808039665222
eodrioissz.mp4,0.9595098495483398
eoecyagmwn.mp4,0.9892770051956177
eoetruoced.mp4,0.9884606003761292
eoextlfkjh.mp4,0.9213029742240906
eofajrswbe.mp4,0.7825217247009277
eogoxcbumn.mp4,0.9137020707130432
eohifcejnd.mp4,0.9854164123535156
eohwdmwtvb.mp4,0.9294527173042297
eoighdabxr.mp4,0.5550069212913513
eoijiohjqy.mp4,0.8925971984863281
eoljscsixt.mp4,0.9264490604400635
eomckefhqz.mp4,0.9784672856330872
eomkkrghqx.mp4,0.8300110101699829
eomqauazvs.mp4,0.8224664330482483
eomsdkukdd.mp4,0.3246424198150635
eomywmlzyj.mp4,0.7894085049629211
eonmclkdvc.mp4,0.9650176763534546
eoohrrbolh.mp4,0.6872343420982361
eoolybdaxo.mp4,0.8798702955245972
eoourklmjk.mp4,0.16107027232646942
eoovtabijc.mp4,0.9474372863769531
eopcxgdhmb.mp4,0.9066600203514099
eorfnapwtw.mp4,0.9857662916183472
eorlkzlhod.mp4,0.8996241092681885
eornwqtqsm.mp4,0.9765625
eorpfyvlok.mp4,0.8730259537696838
eoshdeycui.mp4,0.9562245607376099
eotmblattz.mp4,0.9715573787689209
eotmtjvvny.mp4,0.625702977180481
eotxapyhnr.mp4,0.9024696946144104
eowzujrqgy.mp4,0.9621049761772156
eoxcfhtroc.mp4,0.9730266332626343
eoxfxdocyx.mp4,0.9827941656112671
eoxmjrjlyz.mp4,0.9888186454772949
eoyzkmpjem.mp4,0.9900000095367432
eozcbgtdmo.mp4,0.9419417977333069
eozpgpsgpt.mp4,0.9900000691413879
epbhocgjxi.mp4,0.9692361354827881
epbkfxmcnq.mp4,0.9900000691413879
epbybxkzae.mp4,0.9870197772979736
epctzprswe.mp4,0.9865009784698486
epefspyufn.mp4,0.5168360471725464
epetovyqho.mp4,0.9429922699928284
epezasvfty.mp4,0.7391331195831299
epezdgjeji.mp4,0.9875338077545166
epfeounjus.mp4,0.9886524081230164
epgfqrvwlr.mp4,0.08101212233304977
epgokhdfyh.mp4,0.9787585139274597
epgpnifmwk.mp4,0.9068063497543335
ephnqagghe.mp4,0.9567187428474426
epjborbgzq.mp4,0.44297370314598083
epjhqzeweb.mp4,0.9720664620399475
epjkmysvmn.mp4,0.9480481743812561
epjstuklzg.mp4,0.9601130485534668
epkmvescaj.mp4,0.5672853589057922
epktjbgnju.mp4,0.9566248655319214
epmjvvfqnb.mp4,0.13108383119106293
epnwuvxzxw.mp4,0.9869809150695801
epnzmghgbt.mp4,0.9900001287460327
epqjwfuruc.mp4,0.1273309886455536
eprdgmcksq.mp4,0.978866696357727
eprhdfsljo.mp4,0.9720700979232788
epsguwpsbn.mp4,0.9867557883262634
epsrffjokm.mp4,0.9290976524353027
epssdfmtjy.mp4,0.783972442150116
eptivcmfdt.mp4,0.9006825089454651
epuzqxggwu.mp4,0.885788083076477
epvnrjtjsi.mp4,0.9786580204963684
epwbrtgupr.mp4,0.934695839881897
epwspldhvx.mp4,0.9884760975837708
epxcmrrwwi.mp4,0.9894339442253113
epxotdneee.mp4,0.8828576803207397
epxubxovhy.mp4,0.8189913630485535
epxwangnvl.mp4,0.7224552035331726
epyfkqlnhk.mp4,0.9900000095367432
epznxyujvz.mp4,0.9740674495697021
eqabuehals.mp4,0.1378714144229889
eqahzafnym.mp4,0.9850544333457947
eqakmmwngj.mp4,0.9896621704101562
eqamptvplr.mp4,0.45431745052337646
eqbhmqbwak.mp4,0.9077028036117554
eqbksplsqc.mp4,0.9595009088516235
eqboxsomoz.mp4,0.22212140262126923
eqbscfnyaa.mp4,0.959172785282135
eqdhbelkdl.mp4,0.9792196154594421
eqemoxvlgt.mp4,0.9874085783958435
eqffckkduj.mp4,0.9051529169082642
eqftvfwfhk.mp4,0.850904643535614
eqhjyhhtcb.mp4,0.9635180830955505
eqhltmstho.mp4,0.9505161643028259
eqhpdwysuw.mp4,0.2768234610557556
eqhqvcyfri.mp4,0.9900000095367432
eqiccxqnjb.mp4,0.9710813164710999
eqihscbsti.mp4,0.841724693775177
eqilhfaxqn.mp4,0.42687439918518066
eqitwdggyk.mp4,0.8997491598129272
eqjiagoygx.mp4,0.4321380853652954
eqjkjfdbch.mp4,0.9682208895683289
eqjyrvpfmz.mp4,0.30495133996009827
eqkegfxmur.mp4,0.39095771312713623
eqkmcistey.mp4,0.2462695986032486
eqkodjrjyz.mp4,0.8913021683692932
eqkybjnuea.mp4,0.26440298557281494
eqkymdlspg.mp4,0.9514275789260864
eqlhnwfxze.mp4,0.1743186116218567
eqlxpvxtvo.mp4,0.96511310338974
eqlygriwog.mp4,0.9215876460075378
eqmrmdwnyo.mp4,0.11419760435819626
eqmxbrgkdd.mp4,0.8301076889038086
eqngodbndt.mp4,0.984747052192688
eqnmiwvxow.mp4,0.9639936089515686
eqnrhfnypx.mp4,0.9890149831771851
eqnyjdtfxs.mp4,0.11230538785457611
eqoknwfyci.mp4,0.10343920439481735
eqpbudnwga.mp4,0.950659453868866
eqpeiboklv.mp4,0.9799997806549072
eqpkecgzpu.mp4,0.980345606803894
eqpmhxxgzu.mp4,0.9886245131492615
eqqkryvzcu.mp4,0.9794759154319763
eqqmxgktvw.mp4,0.9613045454025269
eqqrggcmrx.mp4,0.9729638695716858
eqrachdzog.mp4,0.958768367767334
eqrjhjzpyg.mp4,0.8858295679092407
eqsmwnadad.mp4,0.9900000691413879
eqsntricik.mp4,0.916656494140625
eqstliqzef.mp4,0.6369758248329163
eqszckrudp.mp4,0.9886828660964966
eqtnwfjxgu.mp4,0.9777377247810364
eqtnypkqul.mp4,0.6835777163505554
eqtvtmtgqi.mp4,0.9412417411804199
eqtwkqxolz.mp4,0.1406606286764145
equvuhnfmu.mp4,0.6335862278938293
eqwjrvlrbd.mp4,0.9896425604820251
eqxqgckeaa.mp4,0.8608828186988831
eqxqlfglra.mp4,0.9871323108673096
eqxvuwzyke.mp4,0.9081646800041199
eqzhmbwvip.mp4,0.7880380749702454
eqzhzhvfuk.mp4,0.9893192648887634
eqzizahfxi.mp4,0.9527280330657959
eqzqwjmzmu.mp4,0.9870359301567078
eqzsejevjm.mp4,0.974571704864502
eqztafqimw.mp4,0.6272658109664917
erbcdnkjqv.mp4,0.9776093363761902
erbohkvmhv.mp4,0.951612114906311
erbqtjngvc.mp4,0.17901331186294556
erdciikvep.mp4,0.2773347496986389
erdifqqhyf.mp4,0.988032877445221
erdlswrxdt.mp4,0.9899999499320984
erdulktysn.mp4,0.946185290813446
eredlckdyf.mp4,0.9899118542671204
eregzipklo.mp4,0.9896628260612488
eretmsrysr.mp4,0.9831282496452332
erfjrsvubh.mp4,0.10851962864398956
erggnnfmou.mp4,0.9861628413200378
erhqztizqn.mp4,0.6583885550498962
eriblluuxr.mp4,0.9899885058403015
eriidarzax.mp4,0.927471399307251
eriqwbobly.mp4,0.9900000095367432
erjwrksgsu.mp4,0.16638429462909698
erkllhrjkt.mp4,0.8751170635223389
erluerwkwn.mp4,0.9751202464103699
ermnqsqory.mp4,0.9900000691413879
erodeehozy.mp4,0.9447371363639832
eronefamtp.mp4,0.9030815362930298
erotdfkdnr.mp4,0.9713231325149536
erotfcrebp.mp4,0.6646407246589661
erpaijomxg.mp4,0.9899458289146423
errmvmgrme.mp4,0.11330843716859818
errsybjnsi.mp4,0.9718825817108154
erudqctwfx.mp4,0.9860603213310242
ervfdioksl.mp4,0.09557965397834778
ervxfukcgz.mp4,0.985771656036377
erxlsxdfwi.mp4,0.8532453775405884
erxslhffam.mp4,0.9899999499320984
eryipdpinw.mp4,0.8550235629081726
erzzhffzvu.mp4,0.10035696625709534
esaboezwps.mp4,0.9593329429626465
esacncvhun.mp4,0.9377433657646179
escfavemij.mp4,0.978404700756073
escgwtehtk.mp4,0.21656206250190735
eschwpqksb.mp4,0.9748054146766663
esctaaylif.mp4,0.9899962544441223
escubycnrb.mp4,0.9288347363471985
escwmsthiz.mp4,0.5103519558906555
esdeajcfxn.mp4,0.9876308441162109
esdmcqxzjh.mp4,0.9884089827537537
esdmehlyhe.mp4,0.08343775570392609
esgqftxfky.mp4,0.98274165391922
eshcmegogv.mp4,0.13755370676517487
eshesftdmp.mp4,0.9827951788902283
eshthpimvh.mp4,0.9782244563102722
eshtvbrsld.mp4,0.751217246055603
esibskwqwn.mp4,0.9670417308807373
esijwoctuo.mp4,0.9764904379844666
esiotbeupd.mp4,0.9455209374427795
esixjxfsms.mp4,0.9753725528717041
esiyzsjmfq.mp4,0.9879708886146545
esjeepgsbm.mp4,0.31253811717033386
eskgxjnagp.mp4,0.1991456151008606
eskhoguunr.mp4,0.9718579649925232
eskluhxdrc.mp4,0.7231420278549194
eslcazibhu.mp4,0.6134273409843445
eslcjjrvmo.mp4,0.9474979639053345
eslibwktlt.mp4,0.07291316986083984
eslwqsqxuo.mp4,0.9816014766693115
esnqklpomp.mp4,0.8911915421485901
esnzqdwpbc.mp4,0.9318005442619324
esobntxlad.mp4,0.12524089217185974
esouzsaubb.mp4,0.9892049431800842
espaodgzxa.mp4,0.9899999499320984
espkgxnlfw.mp4,0.9787968397140503
espkkzobwi.mp4,0.758901834487915
espvgdoaem.mp4,0.9388346076011658
esqapmjzwm.mp4,0.9083128571510315
esqlozyxwo.mp4,0.8790913224220276
esqqatspvz.mp4,0.12651607394218445
esqqrzgtzo.mp4,0.9842702150344849
esqvrydrim.mp4,0.888911783695221
esrkewmeqt.mp4,0.7640295028686523
esrlprirvx.mp4,0.9835394024848938
esrukfrnpx.mp4,0.8844295144081116
essbuwkggo.mp4,0.972519040107727
estwtsbkge.mp4,0.9866873025894165
estygoobsr.mp4,0.9870790243148804
estykblkaw.mp4,0.7023034691810608
esuweuifts.mp4,0.8559739589691162
esvfbnxbfk.mp4,0.9672774076461792
eswjxjblzy.mp4,0.894770085811615
eswzqomvye.mp4,0.6774559020996094
esxqgermfl.mp4,0.8630300164222717
esxygefppr.mp4,0.987895131111145
esydswnyko.mp4,0.10022646188735962
eszivwjcls.mp4,0.9806879162788391
esznerjdma.mp4,0.9881515502929688
eszrckbsto.mp4,0.6480860710144043
esztkevzfj.mp4,0.9897750020027161
etaaaibzns.mp4,0.9246906638145447
etacemolnz.mp4,0.8271207809448242
etagpnouis.mp4,0.9598507285118103
etawendpkv.mp4,0.9829738736152649
etaxwwpsls.mp4,0.14305999875068665
etcvrzyacw.mp4,0.9857817888259888
etdiyaufib.mp4,0.9859231114387512
etfmtolikj.mp4,0.9884791970252991
etgmmymetr.mp4,0.8988023400306702
etgnudemya.mp4,0.8112010955810547
etgnykrkkp.mp4,0.8289476037025452
etgrqvtfwt.mp4,0.9717004895210266
ethbvtvahp.mp4,0.6320408582687378
ethiruvhfg.mp4,0.9840416312217712
ethkiptljh.mp4,0.16196191310882568
etiihqouos.mp4,0.3750220537185669
etinyifrcj.mp4,0.9871780872344971
etioprbaww.mp4,0.9134517312049866
etjonsboxi.mp4,0.3131161332130432
etjupcirhj.mp4,0.8811017870903015
etktbymzhx.mp4,0.22956140339374542
etkwneghea.mp4,0.983610987663269
etlpvrbugw.mp4,0.29535436630249023
etlroolqer.mp4,0.1342514008283615
etltdsoubb.mp4,0.8486149311065674
etmpigursu.mp4,0.9631096124649048
etmsvuymep.mp4,0.9394671320915222
etmtlobhjl.mp4,0.9681203961372375
etnricjray.mp4,0.9194293022155762
etodejdqoj.mp4,0.9822089076042175
etoezdmbjh.mp4,0.838506817817688
etofetloij.mp4,0.04590870812535286
etphkpokgh.mp4,0.737073540687561
etpketrlnd.mp4,0.8104622960090637
etqefqwfem.mp4,0.9799484610557556
etqopucvsa.mp4,0.9611912369728088
etqulfbomt.mp4,0.9877324104309082
etrbofjhyj.mp4,0.9515583515167236
etrdptdued.mp4,0.13545869290828705
etspyajinh.mp4,0.9751155972480774
etsvhdjyhg.mp4,0.7859317064285278
etswgogitb.mp4,0.9630553126335144
etswywimft.mp4,0.9877793192863464
ettolxlpdx.mp4,0.9858703017234802
ettthorxxv.mp4,0.9757212996482849
etttsckqzg.mp4,0.755082905292511
etuhfvfswk.mp4,0.06856157630681992
etuiyfidqe.mp4,0.9874022603034973
etuyyfpvpz.mp4,0.6005043983459473
etuzvpxbod.mp4,0.6488813757896423
etvagcrift.mp4,0.9710260629653931
etvcdyryxq.mp4,0.9807314872741699
etvmuiutxj.mp4,0.9872109889984131
etvnftwxgr.mp4,0.9858881235122681
etwejymoqt.mp4,0.09812619537115097
etwgmmiyfl.mp4,0.8731428384780884
etwpngxyoo.mp4,0.9185313582420349
etwuvriiws.mp4,0.9806129932403564
etxzgzjwfp.mp4,0.9899156093597412
etygjbrhzn.mp4,0.8185416460037231
etymlovigx.mp4,0.9859650135040283
etyysejqhe.mp4,0.9899537563323975
etyyuclunv.mp4,0.9464097619056702
euaugumzog.mp4,0.5878439545631409
euavixhbsq.mp4,0.5632097125053406
eubcovafds.mp4,0.9763340950012207
eubgacitww.mp4,0.2901875078678131
eubjjvbxss.mp4,0.08780831098556519
eubzpsdqei.mp4,0.19487746059894562
euclhezhps.mp4,0.9863168597221375
eudnjqzhac.mp4,0.21645896136760712
eudqyrnjoo.mp4,0.20664696395397186
euegygpzez.mp4,0.28538981080055237
euenttouyr.mp4,0.852102518081665
euevtellaq.mp4,0.9353720545768738
eufxjsolyv.mp4,0.976740300655365
eughjmhnwg.mp4,0.6680852770805359
eugizkqdla.mp4,0.5751625895500183
eugjbxtszt.mp4,0.9207377433776855
eugpvwbpiz.mp4,0.9798364043235779
eugszzdbxy.mp4,0.9495247602462769
eugucyqvce.mp4,0.9877925515174866
euhduijesf.mp4,0.5060456395149231
euhfncixdc.mp4,0.144505575299263
euhfpjfbrt.mp4,0.9304068088531494
euhnopdghl.mp4,0.9363930225372314
euidgxgpff.mp4,0.11128614097833633
euiiarygve.mp4,0.8130353689193726
euilhfyjkj.mp4,0.9876224398612976
euilltgsrq.mp4,0.981475830078125
euiqtmvnja.mp4,0.9065725207328796
eujsvdhrdm.mp4,0.9891318678855896
eujvhvrzyj.mp4,0.7926647663116455
eukbmcdsbq.mp4,0.8769829869270325
eukebgiccw.mp4,0.985798180103302
eukutnkwkh.mp4,0.9453367590904236
eukxkhumll.mp4,0.07562339305877686
eukyyxopvt.mp4,0.9559062123298645
eulmapihck.mp4,0.9897560477256775
eulslskxei.mp4,0.9373542070388794
eumfzayvdz.mp4,0.9860098958015442
eumlufqcfn.mp4,0.9900000691413879
eummwjqbpd.mp4,0.9465632438659668
eumqvwtksc.mp4,0.8139783143997192
eundchcedg.mp4,0.983684241771698
eunsttomkc.mp4,0.7445056438446045
eupbthgsbs.mp4,0.47765010595321655
eupvhqwmpe.mp4,0.9726851582527161
euqeauccmw.mp4,0.9460183382034302
euqujvlnnb.mp4,0.9812186360359192
eurfdjzxng.mp4,0.9773346185684204
eurjsnbbug.mp4,0.9817172288894653
eurtdahlrz.mp4,0.9171512126922607
eusshevuiy.mp4,0.9899999499320984
eusvkbaogc.mp4,0.7390300035476685
eusxhfybrd.mp4,0.9761571288108826
euttnardyg.mp4,0.9859588146209717
eutvitygbh.mp4,0.9895599484443665
euurmiutnv.mp4,0.9812479615211487
euvhbpgluc.mp4,0.7808902263641357
euwtvrqjog.mp4,0.977325439453125
euxofyxagh.mp4,0.8156929016113281
euydqohhqn.mp4,0.9867588877677917
euyynvauyv.mp4,0.1769704669713974
euzlhdnsid.mp4,0.9864254593849182
evanozbfoa.mp4,0.614592432975769
evauagoyun.mp4,0.9712234139442444
evctyqapap.mp4,0.98386549949646
evdarxrenf.mp4,0.5875352621078491
evecwbqsfu.mp4,0.9823675751686096
evfepuimjg.mp4,0.9899794459342957
evfzpitpgc.mp4,0.6642962694168091
evgdrmajqt.mp4,0.984938383102417
evgsgtzsmq.mp4,0.9893154501914978
evgzjtwveg.mp4,0.9752063751220703
evhjkghtmq.mp4,0.9785172343254089
evhtpeyqsc.mp4,0.9762125611305237
evhwvefsle.mp4,0.9581599831581116
evhykxalmi.mp4,0.9481174945831299
evirwnkqms.mp4,0.07839453220367432
evjumxcwur.mp4,0.9664100408554077
evkmmqbdgq.mp4,0.13542325794696808
evlkhfbyaa.mp4,0.9218195080757141
evmgtesofz.mp4,0.9898166656494141
evmrcinjdq.mp4,0.9669173359870911
evmrudfvbf.mp4,0.8295013904571533
evnfjvobno.mp4,0.9282734990119934
evnpfradix.mp4,0.9876955151557922
evojufsbso.mp4,0.9899858236312866
evoolgcqip.mp4,0.197951078414917
evoxksjmtv.mp4,0.9852436780929565
evppthjsbd.mp4,0.5369181632995605
evqfdqvvks.mp4,0.952191174030304
evqpfithgd.mp4,0.9768849015235901
evqpppnrfs.mp4,0.9890192151069641
evqumrxyfs.mp4,0.9880000948905945
evrgcrznre.mp4,0.17009860277175903
evsbufgkbn.mp4,0.9536775946617126
evsrwoifxu.mp4,0.9770177602767944
evtizpbsrt.mp4,0.9864053130149841
evtqlcanne.mp4,0.9893596768379211
evttikralx.mp4,0.9900001287460327
evutrhbglp.mp4,0.07839199900627136
evuyarrqcb.mp4,0.9899999499320984
evvbmiusjr.mp4,0.24645566940307617
evvotowfkw.mp4,0.9613550901412964
evwgkntebg.mp4,0.9886502027511597
evwtxpowgd.mp4,0.9290828704833984
evwwcybbol.mp4,0.984140157699585
evxtqswetb.mp4,0.9767915606498718
evxyexlrgp.mp4,0.9889394640922546
evypufjvtr.mp4,0.27506762742996216
evyqbkbsiv.mp4,0.989979088306427
evziryftvx.mp4,0.9886483550071716
evzmijhthq.mp4,0.14339783787727356
ewapjbcfuv.mp4,0.9899998903274536
ewavdsgjyf.mp4,0.9489151835441589
ewbgvlunzf.mp4,0.9892740845680237
ewbgymjvos.mp4,0.9892319440841675
ewboiokegt.mp4,0.9893162250518799
ewcjerkrwq.mp4,0.1329391598701477
ewdeufyoic.mp4,0.9876928925514221
ewdonszwnn.mp4,0.876467227935791
ewdpatntaf.mp4,0.8273356556892395
ewdubecsnk.mp4,0.9900000095367432
ewehqnfmvr.mp4,0.8765797019004822
eweohmorwm.mp4,0.9491562247276306
ewfnvcuvnn.mp4,0.9069469571113586
ewglmznvxe.mp4,0.9860997796058655
ewgoylxwgv.mp4,0.9769927263259888
ewgyrkfkmq.mp4,0.41260969638824463
ewhtjwbuqy.mp4,0.9855453968048096
ewhwxhjogw.mp4,0.9880751371383667
ewimhhuovr.mp4,0.8810716271400452
ewivyisjtm.mp4,0.9806517362594604
ewiyhypsgq.mp4,0.9313843846321106
ewjrqhcwbn.mp4,0.9637411236763
ewjwkmevus.mp4,0.8862766623497009
ewkdvemmff.mp4,0.8666753768920898
ewlyehxfzb.mp4,0.9762004017829895
ewmhzluvgm.mp4,0.9397976398468018
ewnlkyprvh.mp4,0.6395536661148071
ewnoyoiotj.mp4,0.9699215292930603
ewoefcghuy.mp4,0.9783667325973511
ewokvfyjsz.mp4,0.9900000691413879
ewpkflkuah.mp4,0.21753643453121185
ewqffplnea.mp4,0.9441021084785461
ewqrfiisqe.mp4,0.09410985559225082
ewreissupj.mp4,0.5679723620414734
ewrgbnztgs.mp4,0.9899999499320984
ewrlrkjock.mp4,0.21376484632492065
ewrtxhsahr.mp4,0.9670425057411194
ewuhuebngm.mp4,0.2504414916038513
ewwkfljrua.mp4,0.8859784603118896
ewxddjqzml.mp4,0.14754867553710938
ewyeaqhmfe.mp4,0.9842615723609924
ewygzrrcft.mp4,0.9899999499320984
ewzvqdqchc.mp4,0.9843814373016357
exactiudfy.mp4,0.9763337969779968
exanjjxzre.mp4,0.8121377825737
exapoobbmo.mp4,0.988612711429596
exatrzuvgq.mp4,0.8816701769828796
exbcpxkyuv.mp4,0.5963121056556702
excdqgwwuy.mp4,0.1370861679315567
excmyfrwzp.mp4,0.9691939949989319
excumhymko.mp4,0.9065597057342529
excvtyvuto.mp4,0.6125516295433044
exdiqsgncd.mp4,0.3883943557739258
exdxpotzrw.mp4,0.9746527671813965
exegqniiaj.mp4,0.9686086177825928
exewzykbsv.mp4,0.39729517698287964
exfbtfriwb.mp4,0.9872833490371704
exfpnvnfwa.mp4,0.12643364071846008
exfpupyhhl.mp4,0.4835391044616699
exgbqfgaoj.mp4,0.8892853856086731
exggwnyfiz.mp4,0.9886305332183838
exgmypzisd.mp4,0.9385663866996765
exhfwnjwrh.mp4,0.9809269309043884
exhzzxwghl.mp4,0.9760547876358032
exikkzaesy.mp4,0.0659046620130539
exipptdkki.mp4,0.8608167171478271
exjhqhkiiq.mp4,0.9104238152503967
exjmfjwuvn.mp4,0.891838788986206
exjmtejyxo.mp4,0.9603742361068726
exjnpsilrw.mp4,0.7337082028388977
exlbmtpqbt.mp4,0.9761214852333069
exlymefpqh.mp4,0.9682319164276123
exmuhuamql.mp4,0.9846617579460144
exngsbdjkg.mp4,0.9766983389854431
exnqtksnsd.mp4,0.9608662128448486
exnxonosso.mp4,0.9508522152900696
exoiljxgnb.mp4,0.9894662499427795
exotjouiuv.mp4,0.9893357157707214
exouxhurex.mp4,0.6261877417564392
exprsetrwv.mp4,0.9899752140045166
exqaaevevx.mp4,0.9829069972038269
exrdfjblnj.mp4,0.8838074207305908
exrlkypabt.mp4,0.9267260432243347
exruieyion.mp4,0.9036802649497986
exsteszbhp.mp4,0.9118406176567078
exsuygvela.mp4,0.6220496296882629
extihvlsxg.mp4,0.08396580070257187
extmbbwsdy.mp4,0.10897932201623917
extthfnusg.mp4,0.967676043510437
exuqawztwn.mp4,0.14050863683223724
exuxoisxyl.mp4,0.9563530087471008
exvwmgobwc.mp4,0.7468970417976379
exwbzleeek.mp4,0.34411075711250305
exwwkhjkbw.mp4,0.9824386239051819
exwwmdzioh.mp4,0.9286834597587585
exxdugnweb.mp4,0.19464926421642303
exxfhkgnvx.mp4,0.7847571969032288
exxmdbzkyr.mp4,0.9849623441696167
exzkbgzgib.mp4,0.6858931183815002
exzlkzguxl.mp4,0.7298343777656555
eyacdtciqm.mp4,0.9709339141845703
eyacmcjknj.mp4,0.9899998903274536
eyaseuvaal.mp4,0.87822425365448
eybhzkzvhd.mp4,0.9341273307800293
eybluknonz.mp4,0.1131841242313385
eybvpbhezl.mp4,0.9793943762779236
eycdlgettr.mp4,0.9681960344314575
eycfnmrhdt.mp4,0.9077765345573425
eycwvdpqbo.mp4,0.9649245738983154
eydmpkgqeq.mp4,0.9894633293151855
eyeboujggi.mp4,0.9456275701522827
eyeeizenid.mp4,0.13948319852352142
eyevwdohgf.mp4,0.9882723093032837
eyffoapcce.mp4,0.9900000095367432
eygcphespr.mp4,0.9855026006698608
eygcpssvws.mp4,0.951651394367218
eyggyzewzb.mp4,0.9868232607841492
eygwtqpnue.mp4,0.2808113098144531
eyhhnebwcs.mp4,0.092738077044487
eyhjqwikza.mp4,0.2661557197570801
eyhphpspew.mp4,0.6732606887817383
eyivatspar.mp4,0.9844940900802612
eyjiwmclao.mp4,0.6849424242973328
eyjpughmmi.mp4,0.9752001166343689
eylmytvbqt.mp4,0.9880658984184265
eylwvdgbcy.mp4,0.13977673649787903
eymbhwikgh.mp4,0.7108896970748901
eynvbesfsi.mp4,0.9884442090988159
eynzqgzqwc.mp4,0.9586561918258667
eypevytikz.mp4,0.6001231670379639
eyqjufadve.mp4,0.9199719429016113
eyrphmtciv.mp4,0.9809390306472778
eyrvyndpjs.mp4,0.7596340775489807
eyserqjwlg.mp4,0.7465100884437561
eyudklhxjj.mp4,0.8783371448516846
eyujrtghok.mp4,0.9395938515663147
eyulbxiwne.mp4,0.9795787334442139
eyusbqspuh.mp4,0.970811665058136
eywxpimyad.mp4,0.32222601771354675
eyxjlhkadh.mp4,0.833925724029541
eyxkycclyx.mp4,0.9790690541267395
eyxmouvody.mp4,0.15624520182609558
eyyafuqxuj.mp4,0.8629575967788696
eyywfiialh.mp4,0.6097784638404846
eyzewpjtzp.mp4,0.9643073678016663
eyzgzdgtyn.mp4,0.9691991209983826
eyzrwpudox.mp4,0.12778545916080475
eyzudnrcnp.mp4,0.9782361388206482
ezaaqjpswx.mp4,0.2615446448326111
ezadehoecy.mp4,0.9891600608825684
ezajsnknkc.mp4,0.34181761741638184
ezckbwmnvc.mp4,0.7137885689735413
ezehdjvwvy.mp4,0.9898590445518494
ezfjywtlpn.mp4,0.9692515730857849
ezgruvwexl.mp4,0.3345071077346802
ezgusylcyf.mp4,0.3487991392612457
ezjfyxslqt.mp4,0.7413234114646912
ezkidfosnl.mp4,0.9156453013420105
ezkyiounzg.mp4,0.9900000691413879
ezljdafkkh.mp4,0.954387366771698
ezltfgktsa.mp4,0.9819800853729248
ezmhgyjwqt.mp4,0.9501209259033203
eznfhmennm.mp4,0.41066837310791016
ezpgbzhejw.mp4,0.8925398588180542
ezpialoqyh.mp4,0.9289543628692627
ezpsqjytug.mp4,0.9889914393424988
ezpulhyrqd.mp4,0.5
ezqscppooh.mp4,0.916853129863739
ezrfihipbi.mp4,0.98307865858078
ezrgemzvju.mp4,0.1620708405971527
ezrlpsoczz.mp4,0.9454795122146606
eztgdxslyf.mp4,0.8844274878501892
eztkfvorxo.mp4,0.9882603883743286
eztwadaxde.mp4,0.117353156208992
ezupajzwdl.mp4,0.9832231998443604
ezupovqlhq.mp4,0.9741310477256775
ezvqjcunnf.mp4,0.9275282621383667
ezvsimvagj.mp4,0.9785133004188538
ezvxqunobu.mp4,0.10721530020236969
ezwbapbpgw.mp4,0.8443753123283386
ezwqacetdx.mp4,0.9087181687355042
ezwswnpxgw.mp4,0.8768289685249329
ezxkqqqeqn.mp4,0.3903469145298004
ezxnapocrl.mp4,0.8099598288536072
ezyjpzfnxs.mp4,0.968015193939209
ezyttpijys.mp4,0.9846524596214294
ezzxtovqvz.mp4,0.9113115668296814
fabfbolhsn.mp4,0.2535034418106079
fabnzwzwjd.mp4,0.9891490936279297
facfirssno.mp4,0.9899486899375916
fachvpmjpg.mp4,0.9863641262054443
factpeezlu.mp4,0.9899041652679443
fadcaxaafk.mp4,0.489106684923172
fadljknvrx.mp4,0.9858148097991943
faeyfjgska.mp4,0.9594132304191589
fafelguets.mp4,0.17378771305084229
fafihcaagb.mp4,0.9730170965194702
fagnwmedog.mp4,0.21315953135490417
fahevlhtcx.mp4,0.981553316116333
fahnvsfiwj.mp4,0.9288551211357117
fahykeifgz.mp4,0.9783068895339966
faicwfivhj.mp4,0.9302130341529846
faikkamrdw.mp4,0.9899998903274536
fakfkpzenm.mp4,0.7441086769104004
fakhglygte.mp4,0.8319518566131592
fakiuygxwr.mp4,0.9208642840385437
faklcbjoln.mp4,0.9815729260444641
fakquybnpz.mp4,0.9419837594032288
falfxrjier.mp4,0.5905733108520508
falquxjgcs.mp4,0.9297844171524048
famavifufv.mp4,0.09924227744340897
famcnvqqjv.mp4,0.9570719003677368
famywizotu.mp4,0.9725271463394165
fandwknulr.mp4,0.9688295125961304
fangjhyrzp.mp4,0.10956436395645142
fapazklyby.mp4,0.9533700942993164
fapupenfkl.mp4,0.17468152940273285
faqniwwbxq.mp4,0.9801949262619019
fardukltij.mp4,0.8159873485565186
farkayufbk.mp4,0.937798798084259
fashimyayn.mp4,0.9243989586830139
fassenuwad.mp4,0.9263836145401001
fasuaiwqpu.mp4,0.9869922995567322
fasyguwpmg.mp4,0.924771785736084
faszsqdqgn.mp4,0.9897177219390869
fatnoezenh.mp4,0.9761263132095337
fauqtiiztx.mp4,0.9639341831207275
faurwndulk.mp4,0.9900001287460327
favklanlaa.mp4,0.2974129021167755
favpbouums.mp4,0.975770115852356
favrjgshqi.mp4,0.19018417596817017
favwudatxe.mp4,0.9835057854652405
favydhlbyj.mp4,0.47959864139556885
fayetmfgru.mp4,0.5605354905128479
faygjfrrcq.mp4,0.18581345677375793
fazkvrvuzb.mp4,0.20468127727508545
fazvawknmy.mp4,0.8623703122138977
fbajsjwfpe.mp4,0.982068657875061
fbamquqxcp.mp4,0.9825209379196167
fbbhzabvxd.mp4,0.9338966012001038
fbbmsckgkj.mp4,0.9899182915687561
fbbtlcjktz.mp4,0.9883944988250732
fbcdrnxhcx.mp4,0.16135939955711365
fbcoqrklhy.mp4,0.10478698462247849
fbdorsyrek.mp4,0.9855336546897888
fbdxjscbzc.mp4,0.950395405292511
fbdzfxddvk.mp4,0.98709636926651
fbeqqyemsi.mp4,0.22608022391796112
fbfnlcqjjp.mp4,0.11998053640127182
fbfxiwunri.mp4,0.8871431350708008
fbgsueqwxv.mp4,0.8548115491867065
fbibpnbjox.mp4,0.9694874882698059
fbibtubooo.mp4,0.9892327785491943
fbicfztldi.mp4,0.22744214534759521
fbifigmjzk.mp4,0.9812994003295898
fbkepsruif.mp4,0.988822340965271
fbkfmzjyey.mp4,0.9479022026062012
fblcxngbtt.mp4,0.8988462686538696
fblimgipds.mp4,0.984829843044281
fblyakialo.mp4,0.9165033102035522
fbmbhjzgie.mp4,0.31221073865890503
fborahodiq.mp4,0.9894984364509583
fbosopvlqz.mp4,0.8355419635772705
fbplhwdvuy.mp4,0.9745065569877625
fbpnwtilgt.mp4,0.7014451622962952
fbqjyxiwgc.mp4,0.16277848184108734
fbqmpjccpr.mp4,0.986514687538147
fbqnobjdip.mp4,0.9543184041976929
fbqrdsclny.mp4,0.35356226563453674
fbqwomdehr.mp4,0.8293697834014893
fbrnfldzje.mp4,0.9899722337722778
fbrnkwsgrh.mp4,0.11010944098234177
fbtgsjghee.mp4,0.9645909070968628
fbujpbnkys.mp4,0.7097174525260925
fbwfpmbwin.mp4,0.2761026918888092
fbxaamoucp.mp4,0.8703569769859314
fbxgytacoa.mp4,0.8468919396400452
fbxycbrpnd.mp4,0.9835113883018494
fbybejwonv.mp4,0.8593592047691345
fbyetasxrt.mp4,0.31156352162361145
fbykdbonvn.mp4,0.9598185420036316
fbyqfeausr.mp4,0.9860185384750366
fbyxcxtpsw.mp4,0.07704142481088638
fbzamdxgjw.mp4,0.6268512010574341
fbzclcxmxh.mp4,0.9819614887237549
fbzpezjuac.mp4,0.9846948981285095
fbzvbtnwuo.mp4,0.9574659466743469
fbzztilvpn.mp4,0.1142914742231369
fcacovhtqc.mp4,0.9617404341697693
fcagoxvfam.mp4,0.7390533089637756
fcaigwoatg.mp4,0.9248003363609314
fcawschzhs.mp4,0.9369828701019287
fcbcugpyqb.mp4,0.8885517120361328
fcbgcmzvgo.mp4,0.9385685920715332
fcckanhaqo.mp4,0.9781503677368164
fccofumcjd.mp4,0.9607567191123962
fcdlkuwhgc.mp4,0.24322113394737244
fceaefbruz.mp4,0.9641055464744568
fceobmlgdo.mp4,0.9897475838661194
fcevppjtel.mp4,0.26126477122306824
fcgdkbrhob.mp4,0.7626547813415527
fcgdrvwpgy.mp4,0.9704737067222595
fcgsaskflq.mp4,0.7464069724082947
fcgttspyiy.mp4,0.9415006041526794
fcgzegqfhu.mp4,0.4890192151069641
fchawobtti.mp4,0.400095671415329
fchfxbjlmu.mp4,0.8245902061462402
fchswmskuw.mp4,0.8839610815048218
fcjcpqsqdl.mp4,0.9859506487846375
fcjgetycim.mp4,0.7767442464828491
fcjrqmqheq.mp4,0.9041616916656494
fckedzldka.mp4,0.9899303317070007
fckhrlmdps.mp4,0.9899729490280151
fckyqnljcw.mp4,0.9084311127662659
fclbpdxgxz.mp4,0.9880203604698181
fclghwxfyv.mp4,0.32303133606910706
fclnkaotuf.mp4,0.0963534265756607
fcmexsbxbl.mp4,0.938793420791626
fcmvdopkgg.mp4,0.9231275320053101
fcmymgffth.mp4,0.975851833820343
fcniblddhn.mp4,0.3603023290634155
fcnosnknhr.mp4,0.9516806602478027
fcnrttrfjd.mp4,0.9250503778457642
fcnvslbvkp.mp4,0.9518806338310242
fcpjjajbrs.mp4,0.9762945175170898
fcqgzoqwnq.mp4,0.140607550740242
fcqkakrkkt.mp4,0.6260246634483337
fcqoeufwso.mp4,0.1800590306520462
fcqotwdluv.mp4,0.9899999499320984
fcrhnotouh.mp4,0.10109231621026993
fcroeeiwbw.mp4,0.6298292279243469
fcrwgettrv.mp4,0.9329442977905273
fctupjcqsd.mp4,0.9900000095367432
fctxyczvjr.mp4,0.8472619652748108
fctyywfhmh.mp4,0.9889094233512878
fcubvqwhzp.mp4,0.7944419384002686
fcussypxwn.mp4,0.9899308085441589
fcvalghdjp.mp4,0.9498921632766724
fcvzlzfufb.mp4,0.8924436569213867
fcwgjggqub.mp4,0.607154130935669
fcwisgaaro.mp4,0.9739658832550049
fcwrhhfado.mp4,0.9822925925254822
fcxentjmzf.mp4,0.097282774746418
fcytwslmhe.mp4,0.9617375731468201
fcyzsnnext.mp4,0.9417579174041748
fczrttsakk.mp4,0.40826931595802307
fczvffyrza.mp4,0.9772816896438599
fczvlbhexk.mp4,0.9775785803794861
fdazieinpw.mp4,0.5073375105857849
fdbmplikfr.mp4,0.8977981209754944
fdbmvivkyk.mp4,0.9431443214416504
fdbuudgvxk.mp4,0.8978412747383118
fdczuwyugc.mp4,0.9427027702331543
fddjyuntaw.mp4,0.9877047538757324
fdehcexxls.mp4,0.8629230260848999
fdezrogbya.mp4,0.8630431890487671
fdfcclojex.mp4,0.979539155960083
fdffsphdrs.mp4,0.6057373285293579
fdfkgybqpx.mp4,0.9733453989028931
fdfncdwcsp.mp4,0.9766613841056824
fdfstbxbjh.mp4,0.9626548290252686
fdgjxunkbg.mp4,0.9639585018157959
fdgotycxcs.mp4,0.9890792965888977
fdibsyxhwu.mp4,0.8802441954612732
fdiiiafqra.mp4,0.9174194931983948
fdirkafogc.mp4,0.9850918054580688
fdisgqcvpz.mp4,0.9807001352310181
fdknmtrfjm.mp4,0.9717370271682739
fdktkvlziu.mp4,0.9887874722480774
fdkywoylxe.mp4,0.9894890189170837
fdljwgcbvb.mp4,0.7685713171958923
fdlrrbroar.mp4,0.17622342705726624
fdmfxcherk.mp4,0.7992540001869202
fdmkdahhwb.mp4,0.9864668250083923
fdmsyypemb.mp4,0.09932100027799606
fdnrhgictd.mp4,0.42179644107818604
fdnvmmoobs.mp4,0.7271860837936401
fdogmnyird.mp4,0.9892531037330627
fdooucyjuw.mp4,0.9381861686706543
fdoxhvqlcu.mp4,0.9233881831169128
fdpkflecgj.mp4,0.9899276494979858
fdpmnucvqi.mp4,0.9282876253128052
fdppujxagz.mp4,0.9439998865127563
fdqzjdfeca.mp4,0.6430433392524719
fdrizqnsqt.mp4,0.9697833061218262
fdroxpavml.mp4,0.9553949236869812
fdstzkwgrw.mp4,0.9891515970230103
fdtynawrpy.mp4,0.06588395684957504
fdubcqyphb.mp4,0.2099960893392563
fduexmmqer.mp4,0.9830893874168396
fduhwlydlg.mp4,0.21473191678524017
fdurwujpok.mp4,0.911419153213501
fduzwmyecl.mp4,0.9881429672241211
fdvbsmpmge.mp4,0.1541701704263687
fdvgiqipzx.mp4,0.9183463454246521
fdwghvaliw.mp4,0.9897827506065369
fdxeaxhnxh.mp4,0.9696483016014099
fdxnlcyvcl.mp4,0.896462619304657
fdxvlxsuxv.mp4,0.9665102362632751
fdzexbsksd.mp4,0.2457880973815918
fdzgqqpqua.mp4,0.9656790494918823
fdziwiuoer.mp4,0.7588914036750793
fdzrqygbuc.mp4,0.8827619552612305
feaqnlczwc.mp4,0.9832831621170044
febvxdmywc.mp4,0.8383924961090088
feclrivjqi.mp4,0.9542991518974304
fecnpaovgx.mp4,0.8843182325363159
fecrkedono.mp4,0.9899170994758606
feculiepto.mp4,0.9205130934715271
fedelidbyz.mp4,0.8673682808876038
fednyefrrm.mp4,0.9191447496414185
fehsidvxnq.mp4,0.6625863313674927
fehvqagskg.mp4,0.9889736175537109
fejacnpjzo.mp4,0.8691093325614929
fejoztpznc.mp4,0.9897921681404114
fekazhlpdr.mp4,0.9841480851173401
fekbyyzjxi.mp4,0.9852691292762756
fekdyrzfda.mp4,0.9686501622200012
fekecdkzfx.mp4,0.9674835801124573
fekfqkxcmg.mp4,0.7890536785125732
feklsyhydc.mp4,0.9748082160949707
fektpafggz.mp4,0.9804409742355347
fekttfvyio.mp4,0.9836482405662537
fekufemysq.mp4,0.9817509055137634
felvphspwq.mp4,0.4733026921749115
femcomojjl.mp4,0.9723804593086243
femslxrqzs.mp4,0.891011118888855
fenkagfgpz.mp4,0.9900000095367432
fenvutkjgf.mp4,0.9436843991279602
feocfndoxy.mp4,0.9717423915863037
feotkojcfj.mp4,0.9727377891540527
fepcaxmpzk.mp4,0.7245162725448608
fepdwndilf.mp4,0.9886888861656189
fepjgkpkva.mp4,0.9270416498184204
fepzrvdwje.mp4,0.9239963889122009
feqbzkgihs.mp4,0.11954633891582489
feqzsacurr.mp4,0.9858390092849731
fermszanqp.mp4,0.3812847435474396
fersuzuomu.mp4,0.9366894364356995
ferxzqugjl.mp4,0.9820027351379395
ferymajfia.mp4,0.11076643317937851
fesdxiprfd.mp4,0.8301876783370972
feshilyojm.mp4,0.9158086776733398
fetxwjfque.mp4,0.28962084650993347
feuawxyxue.mp4,0.4380033612251282
fevurxrrgf.mp4,0.9798451066017151
fewjjgfokg.mp4,0.9896698594093323
fewvptnlit.mp4,0.9879142045974731
fexafazetd.mp4,0.9774917364120483
fexhvxfiwe.mp4,0.10340071469545364
fezasvqvsw.mp4,0.9896117448806763
fezdsrxjuz.mp4,0.9801101088523865
fezfsagvyo.mp4,0.8918914198875427
ffadtqptvw.mp4,0.988193154335022
ffbcwbelsp.mp4,0.9505424499511719
ffbjlbsudv.mp4,0.9900000691413879
ffblorryhi.mp4,0.96396803855896
ffbwehugnp.mp4,0.08923747390508652
ffcommhoby.mp4,0.10696252435445786
ffczscfkkp.mp4,0.9899142384529114
ffdbabjuix.mp4,0.9900000691413879
ffeimzbwnc.mp4,0.9899251461029053
ffeuakygvq.mp4,0.9792672991752625
ffevfcjxva.mp4,0.2428339123725891
fffabxflxz.mp4,0.9652463793754578
fffpksykni.mp4,0.9879493713378906
ffgjubpsrv.mp4,0.9194793105125427
ffgpwcfvgi.mp4,0.12347520142793655
ffhdgsvsmb.mp4,0.9823416471481323
ffhxvrcxjp.mp4,0.37507522106170654
ffhzeodora.mp4,0.9895609021186829
ffidvaqcfh.mp4,0.9899998903274536
ffikhwxjgm.mp4,0.24908941984176636
ffipepamkk.mp4,0.9612057209014893
ffjdqkgdns.mp4,0.9729970693588257
ffjyjsdzcx.mp4,0.8877034783363342
ffkaazomkg.mp4,0.8801213502883911
ffkhritile.mp4,0.9392467737197876
fflgzydmzd.mp4,0.08938486129045486
fflhlodwnf.mp4,0.9899075031280518
fflspkgjah.mp4,0.9610340595245361
ffmpcikyaf.mp4,0.9802426099777222
ffmtwqvngl.mp4,0.9126904606819153
ffmyqpdqdb.mp4,0.3567984402179718
ffnaeknjds.mp4,0.9879659414291382
ffpmxeaahd.mp4,0.9888849854469299
ffpwtqfazl.mp4,0.9152387976646423
ffqfbvsmkq.mp4,0.804495632648468
ffqgsmxvuq.mp4,0.9827755689620972
ffqtwsnbjy.mp4,0.9374169111251831
ffqxkomedp.mp4,0.9861935377120972
ffqztpmqht.mp4,0.28568384051322937
ffsofssjon.mp4,0.6047497391700745
fftfdezrnh.mp4,0.9833698868751526
ffuegayswn.mp4,0.9731435775756836
ffuhlmaxue.mp4,0.870971143245697
ffvoqimwmv.mp4,0.7908110022544861
ffvwladfuh.mp4,0.9450279474258423
ffvyaaolvh.mp4,0.9729082584381104
ffxiutfknw.mp4,0.07412435859441757
ffzeueddpx.mp4,0.6071945428848267
fgaaxwisyh.mp4,0.9728363752365112
fgahummvmc.mp4,0.773226797580719
fgasybrtob.mp4,0.48882734775543213
fgaztzxuix.mp4,0.8140513300895691
fgcazspzuy.mp4,0.9899576306343079
fgcrbinglk.mp4,0.8866867423057556
fgdpgztcaw.mp4,0.989875078201294
fgdriqscyw.mp4,0.9779819250106812
fgeepyrgsa.mp4,0.9848471283912659
fgeuhffsss.mp4,0.8863682746887207
fgexjqzsti.mp4,0.9900000095367432
fggnisskhq.mp4,0.9886947870254517
fggvitjdji.mp4,0.9046226143836975
fghajiuvet.mp4,0.9612155556678772
fghsaovswi.mp4,0.8657167553901672
fgicfmosym.mp4,0.9701566696166992
fgirrgiuzr.mp4,0.972058117389679
fgjenewzsg.mp4,0.9473711848258972
fgkkhtjosp.mp4,0.9502159357070923
fgkpembbpv.mp4,0.09808611124753952
fglfkwlujv.mp4,0.16543395817279816
fglguggmiy.mp4,0.20138128101825714
fgliksrdtq.mp4,0.8273414373397827
fgmbxfqoze.mp4,0.09385368973016739
fgmvhqzppo.mp4,0.8964669108390808
fgnfghzzas.mp4,0.9001954197883606
fgnmillpcj.mp4,0.938892662525177
fgnofuaqga.mp4,0.8983575105667114
fgoarsegvt.mp4,0.4265744984149933
fgpfxeovsh.mp4,0.12142027914524078
fgpjczpejr.mp4,0.9880411028862
fgpomttfog.mp4,0.8862432837486267
fgqmmehmev.mp4,0.9480524063110352
fgrfpbvrkv.mp4,0.7459268569946289
fgrnwqhoan.mp4,0.33090996742248535
fgrxdtkqod.mp4,0.8660775423049927
fgsjbkxyjk.mp4,0.9616339802742004
fgsulgqrgk.mp4,0.9711582660675049
fgtdbexjtp.mp4,0.7657429575920105
fgtpkjnclo.mp4,0.97799152135849
fgueschpvr.mp4,0.9788203835487366
fgulametef.mp4,0.98853999376297
fgutlhwbua.mp4,0.9832031726837158
fgvfeubemr.mp4,0.927677571773529
fgvolxxsnq.mp4,0.9848921895027161
fgvvgcdflc.mp4,0.382290780544281
fgwhvbmraa.mp4,0.9864476919174194
fgwnqpoakk.mp4,0.973192572593689
fgwxkmbrfn.mp4,0.9032055735588074
fgydlejwbw.mp4,0.9898460507392883
fgyohrsldo.mp4,0.9866592884063721
fgzrkfwnpt.mp4,0.6797664165496826
fhafkpfjwi.mp4,0.9839686155319214
fhagtcekiy.mp4,0.18467101454734802
fhajjbenap.mp4,0.21240945160388947
fhajwvmxlg.mp4,0.9899998903274536
fhaupqvsnl.mp4,0.9899998903274536
fhbajybgmi.mp4,0.9841293096542358
fhblcnczdj.mp4,0.9492963552474976
fhcicxjlyr.mp4,0.922978937625885
fhcncljvrv.mp4,0.8887723088264465
fhczoolmco.mp4,0.9891433119773865
fhdpasazzp.mp4,0.5
fhecllzeps.mp4,0.9858478903770447
fhetmbyobx.mp4,0.12665188312530518
fhggpjcxxp.mp4,0.6628808379173279
fhhgvvydre.mp4,0.9292988181114197
fhhlzspwur.mp4,0.9900000095367432
fhhohseher.mp4,0.9862868785858154
fhhortycpg.mp4,0.9884535670280457
fhhyuaqztb.mp4,0.1599310040473938
fhigdlcnhw.mp4,0.9809285402297974
fhigwcnxhr.mp4,0.9243563413619995
fhijwlldwo.mp4,0.8788259625434875
fhjifxzzxt.mp4,0.9898543953895569
fhldjotxko.mp4,0.9897537231445312
fhnlwgjnlq.mp4,0.10603293031454086
fhocwzeryw.mp4,0.9849303364753723
fhpfjjbfbi.mp4,0.8104330897331238
fhpjeivdvm.mp4,0.9848601222038269
fhpqzqvruo.mp4,0.9781527519226074
fhpwdjbmow.mp4,0.9376286268234253
fhqiimesrc.mp4,0.9640048742294312
fhqycclsvg.mp4,0.6106818318367004
fhrjtrxpsv.mp4,0.9900000691413879
fhrlkfrofk.mp4,0.9864258170127869
fhrqmneeqh.mp4,0.7381032705307007
fhsdkuguju.mp4,0.9883153438568115
fhsopezelx.mp4,0.9101772308349609
fhssdtkmjy.mp4,0.9391140341758728
fhtcxgzjvr.mp4,0.986580491065979
fhucacmmfg.mp4,0.9847681522369385
fhvaxbjqjw.mp4,0.16560710966587067
fhvnuwsfdr.mp4,0.8205856084823608
fhvrvjiuxh.mp4,0.8081828951835632
fhwgrarnid.mp4,0.960461437702179
fhwujfakld.mp4,0.8982210755348206
fhxfrtvpvh.mp4,0.6535742878913879
fhxptowtss.mp4,0.864967405796051
fhyczuygmr.mp4,0.9622039794921875
fhysmcypsf.mp4,0.9879538416862488
fhzpmudsrj.mp4,0.9240309596061707
fhzqbegfpg.mp4,0.9645082354545593
fiaqecjvxv.mp4,0.0792715847492218
fiayeurvwb.mp4,0.9386624693870544
fibctjkhly.mp4,0.2201964408159256
fiblrjzqaq.mp4,0.9870668053627014
fibpwdkctq.mp4,0.8122475743293762
ficmlfzbul.mp4,0.9856089949607849
ficudqzpxc.mp4,0.9146885871887207
ficywnedgy.mp4,0.989326536655426
fidfazmovh.mp4,0.9422208070755005
fidfnekxpy.mp4,0.12052920460700989
fiedmhtawp.mp4,0.9840843081474304
fiencvqrps.mp4,0.8635525107383728
fienqibwhi.mp4,0.4010738432407379
fiesmfagyt.mp4,0.9881837964057922
fifiolrugh.mp4,0.9463898539543152
fifpruwhjx.mp4,0.9814074039459229
fiftvucvue.mp4,0.8290079236030579
fifuixxokg.mp4,0.9880101084709167
figuqpbovb.mp4,0.9895573258399963
figxvsdmsb.mp4,0.8701902031898499
fihhemujnh.mp4,0.9109307527542114
fihjohiaiz.mp4,0.9734971523284912
fihvltkgzk.mp4,0.911067008972168
fiinousxrm.mp4,0.9865548014640808
fiiqfocsvl.mp4,0.988182783126831
fiiwmeedpe.mp4,0.14087462425231934
fijjvsbmlr.mp4,0.9863860011100769
fimdeakoow.mp4,0.22501708567142487
fimmookvqv.mp4,0.9833179712295532
finajvgncq.mp4,0.5976690053939819
findfddbfr.mp4,0.9898536801338196
finhqimpzj.mp4,0.9755809903144836
fintjppenq.mp4,0.9900000095367432
fiobjlznms.mp4,0.9629583358764648
fiosbwtuyg.mp4,0.9812840819358826
fipwnqgonh.mp4,0.13498631119728088
fiqzgirirh.mp4,0.7810921669006348
firbngucmx.mp4,0.4467068314552307
firczmxodx.mp4,0.9849631190299988
firgfjlrjk.mp4,0.5933730602264404
firkihyytz.mp4,0.9866276979446411
firovdoeuw.mp4,0.9896705150604248
fisacwgrlp.mp4,0.9757069945335388
fitnascevt.mp4,0.8418592810630798
fitssbqkue.mp4,0.9399741291999817
fiuclusoxo.mp4,0.9148082733154297
fiuiofecgh.mp4,0.9704732298851013
fiwdddcccw.mp4,0.9824578166007996
fiyhcmxjst.mp4,0.9354593753814697
fizjpvkvsk.mp4,0.979067325592041
fizlfxkrsp.mp4,0.9866974353790283
fizlnxpjpn.mp4,0.14237701892852783
fiztvpnszw.mp4,0.9680495262145996
fjaomdpqkk.mp4,0.1293363720178604
fjarqdvuea.mp4,0.9575582146644592
fjatdgwaux.mp4,0.9565146565437317
fjaxqoxlkt.mp4,0.9557428359985352
fjbfbanlyx.mp4,0.9814497828483582
fjbputqtrr.mp4,0.9860861301422119
fjccoyatzx.mp4,0.9809065461158752
fjcoszukly.mp4,0.9707043766975403
fjcyoixqau.mp4,0.9895568490028381
fjdbygjzfi.mp4,0.9663563370704651
fjdkxakecv.mp4,0.9880601763725281
fjdsoxkkwo.mp4,0.7193211317062378
fjdvhqckev.mp4,0.44866758584976196
fjdykbckzi.mp4,0.34310513734817505
fjebxgfrls.mp4,0.8577628135681152
fjejdkbdvo.mp4,0.7254913449287415
fjgncibwbl.mp4,0.8608503937721252
fjgqrphojl.mp4,0.278014212846756
fjguqfldav.mp4,0.9851140975952148
fjhappnjbd.mp4,0.9433189034461975
fjhjtwijnb.mp4,0.9791743159294128
fjjhbclmle.mp4,0.8521412014961243
fjjjwcibmv.mp4,0.9828088283538818
fjjvhpfmuh.mp4,0.9177879095077515
fjkbiwdyus.mp4,0.9813699126243591
fjkgcykspg.mp4,0.9581449031829834
fjklrvzpic.mp4,0.7444674968719482
fjmbzlsdux.mp4,0.9821597337722778
fjncnvgpad.mp4,0.9874538779258728
fjnetcxhnu.mp4,0.8940302133560181
fjnoqfxzxf.mp4,0.11876095831394196
fjnvsgejnv.mp4,0.11949104815721512
fjozlghihm.mp4,0.8061919212341309
fjpoqomzvd.mp4,0.9866297841072083
fjqmjlbmad.mp4,0.986190915107727
fjqtmpofjl.mp4,0.5769964456558228
fjqzlccxlq.mp4,0.9798933267593384
fjrcjisybg.mp4,0.9815937876701355
fjrleuhnha.mp4,0.9871354103088379
fjrovfpsmq.mp4,0.9876967072486877
fjsbsydeai.mp4,0.08502320200204849
fjsuelxaqo.mp4,0.9894744157791138
fjtbnvcpzk.mp4,0.36871063709259033
fjteinuizg.mp4,0.9892131090164185
fjtgipzeyf.mp4,0.6228539943695068
fjuatujczy.mp4,0.5288806557655334
fjubmqudgd.mp4,0.20831912755966187
fjuwxqapzb.mp4,0.13774774968624115
fjwahrdeqo.mp4,0.22872008383274078
fjyqdlthcg.mp4,0.9890478849411011
fjzubtympu.mp4,0.97953861951828
fjzxygdweh.mp4,0.9899044632911682
fkarxowzuf.mp4,0.1294851154088974
fkazlahbrz.mp4,0.9876896739006042
fkbrpnuxyl.mp4,0.9856871962547302
fkcgxxbyge.mp4,0.18241015076637268
fkdfmcfqqw.mp4,0.8769557476043701
fkdjmbfxdq.mp4,0.12829330563545227
fkdmipkufb.mp4,0.5771458745002747
fkebsdemzh.mp4,0.32715263962745667
fkessgvekm.mp4,0.9595850110054016
fkezygjoqi.mp4,0.9867599010467529
fkfvbdqmbr.mp4,0.16972120106220245
fkfxnvftvc.mp4,0.09072466939687729
fkgheptmfg.mp4,0.971031904220581
fkgibqzujd.mp4,0.9657091498374939
fkhmutejpi.mp4,0.9896471500396729
fkipjvtayq.mp4,0.9899744391441345
fkiztawrtv.mp4,0.4862951636314392
fkjegdwqur.mp4,0.07917345315217972
fkkkfalzza.mp4,0.9779757857322693
fkkmxwjkxb.mp4,0.7481539845466614
fkksbgaibl.mp4,0.989157497882843
fklmgqcgrs.mp4,0.987011730670929
fklyibsgua.mp4,0.3175257742404938
fkmalnfjee.mp4,0.1219138503074646
fkmjfvjqru.mp4,0.9884428977966309
fkmxqizsjr.mp4,0.42795461416244507
fkneuizzgi.mp4,0.8705558180809021
fknfzuxfmy.mp4,0.9858136177062988
fknhmjdimp.mp4,0.9349051713943481
fknnakjgzg.mp4,0.8887671828269958
fkojclpsdn.mp4,0.9822500944137573
fkougtewkt.mp4,0.9829569458961487
fkpcwebkya.mp4,0.9413038492202759
fkpjlgnzsm.mp4,0.9872502684593201
fkpjpyhtax.mp4,0.06739156693220139
fkqhgokyxc.mp4,0.0883481577038765
fkqzkrmfto.mp4,0.907501220703125
fkrkfbbdfu.mp4,0.9530888795852661
fkrmyvxocc.mp4,0.9859082698822021
fkseutlgmb.mp4,0.16808494925498962
fksypzmavv.mp4,0.9844299554824829
fktidqvkou.mp4,0.9597442746162415
fkujbfnief.mp4,0.9733662009239197
fkukyvanom.mp4,0.9792090654373169
fkwpvrnoda.mp4,0.9835299849510193
fkxemhhdyx.mp4,0.9900000095367432
fkxgrokggj.mp4,0.9090619087219238
fkxomsatzv.mp4,0.9365789294242859
fkxruylypw.mp4,0.9839482307434082
fkyhglxxlk.mp4,0.19467468559741974
fkytehbasw.mp4,0.5459774136543274
fkywnulhhf.mp4,0.9661934971809387
fkzarhkmyp.mp4,0.849580705165863
fkzggoiekp.mp4,0.8990079760551453
flaiajndsl.mp4,0.9074099063873291
flammdszzo.mp4,0.9559515118598938
flbcqpdqae.mp4,0.9896259903907776
flbxvsolki.mp4,0.9897201061248779
flcanezyoy.mp4,0.9824948906898499
flfzlkjocf.mp4,0.1715400218963623
flhbuwzapo.mp4,0.9698447585105896
flhdsqdkib.mp4,0.8627224564552307
flhgpumdbh.mp4,0.986362874507904
flhvldseej.mp4,0.7143197655677795
flhzurjzwa.mp4,0.9891886115074158
fliewwrjck.mp4,0.9401150345802307
flinzslzrw.mp4,0.8633452653884888
fliyvtgbru.mp4,0.8929939866065979
fljtrmcohq.mp4,0.9885988831520081
flkcbvanpt.mp4,0.9857720136642456
flkslbrgee.mp4,0.9848403334617615
flkyfvztfn.mp4,0.8564679622650146
flkyoehsyh.mp4,0.9588815569877625
fllccgwlhc.mp4,0.8139232397079468
flldsxhkvp.mp4,0.9886826872825623
fllljvuqqa.mp4,0.8127377033233643
flmdswijrq.mp4,0.9826517105102539
flmewpbxmc.mp4,0.889438807964325
flnhfqfhsk.mp4,0.9562104940414429
flnprphysg.mp4,0.2662908732891083
flnpuftppy.mp4,0.9897598624229431
flnyajzhsn.mp4,0.9810625910758972
floigrrodm.mp4,0.9404518604278564
flollgxopn.mp4,0.20654535293579102
flomkvxbkm.mp4,0.7150750756263733
floukjwtsj.mp4,0.9783652424812317
floxovbpvo.mp4,0.9674458503723145
flpaebsyzf.mp4,0.6069586277008057
flplwlvpqh.mp4,0.8121652603149414
flqgmnetsg.mp4,0.24141573905944824
flqusvanls.mp4,0.8588906526565552
flqwmxveir.mp4,0.9888418316841125
flrucvbppu.mp4,0.970475435256958
flsjziutgl.mp4,0.9101578593254089
flsrhzzazq.mp4,0.9853494763374329
fltaubcdoo.mp4,0.9674860835075378
fltaysfwct.mp4,0.17759110033512115
fltpouphzs.mp4,0.9811837673187256
fltwqzypjm.mp4,0.4528818428516388
fluhrncpuv.mp4,0.9744886159896851
flvarrfpdw.mp4,0.9729670882225037
flwyxwkbut.mp4,0.9221184253692627
flxhyvalil.mp4,0.5923733115196228
flyapytwzl.mp4,0.9813001751899719
flyfushrwr.mp4,0.8449406027793884
flynvldesl.mp4,0.7423558235168457
flyuhvlaef.mp4,0.29590991139411926
flzlyrexie.mp4,0.9222376942634583
fmaaowxqpw.mp4,0.26794829964637756
fmauvgencv.mp4,0.8731803894042969
fmbbuabmed.mp4,0.9490925073623657
fmbcendnnh.mp4,0.9900000095367432
fmbltvunyt.mp4,0.9680649042129517
fmbzbsmhux.mp4,0.9607682228088379
fmchohvhsr.mp4,0.986122190952301
fmcrhaisxl.mp4,0.9899999499320984
fmcwxcyaii.mp4,0.22328852117061615
fmdzinswpj.mp4,0.9875386357307434
fmemykshyq.mp4,0.08965861052274704
fmfazqqfvk.mp4,0.07499352097511292
fmfhevvcpq.mp4,0.9485856890678406
fmgloiqwnn.mp4,0.10641805082559586
fmgtdrcvlx.mp4,0.9214863181114197
fmhazobreq.mp4,0.9809059500694275
fmhulqdldk.mp4,0.9897360801696777
fmhvovidjv.mp4,0.8957555294036865
fmhytvqaaf.mp4,0.8476702570915222
fmjocrmuqq.mp4,0.9786633253097534
fmkbvsztfc.mp4,0.8445141315460205
fmklixparn.mp4,0.9822487831115723
fmkusgfdux.mp4,0.19279932975769043
fmljdvhwtj.mp4,0.911334216594696
fmmiwdulyz.mp4,0.9900000095367432
fmnpsjdxov.mp4,0.8425877094268799
fmnzbwtjep.mp4,0.9835197925567627
fmorhnqepu.mp4,0.9550370573997498
fmoywdmssi.mp4,0.9880523681640625
fmpigpxfbw.mp4,0.178523451089859
fmplybyyxg.mp4,0.9829230904579163
fmqeetdhyv.mp4,0.9861202239990234
fmqihbcfhs.mp4,0.12245307117700577
fmqmruhhmz.mp4,0.8281343579292297
fmrzjlkiql.mp4,0.21432559192180634
fmsgdzjzty.mp4,0.9900001287460327
fmsrtebgmj.mp4,0.7265256643295288
fmsscfpyla.mp4,0.844801664352417
fmstmvsghc.mp4,0.9663714170455933
fmsxomanga.mp4,0.4661683738231659
fmsxwtarwd.mp4,0.38645437359809875
fmteuebzfk.mp4,0.9897963404655457
fmtgjesjzx.mp4,0.9894894957542419
fmuncwjpej.mp4,0.9791284799575806
fmvcabnbtz.mp4,0.9769071340560913
fmvdkhucsz.mp4,0.9308606386184692
fmvpyahacc.mp4,0.9842458963394165
fmwmqitpkw.mp4,0.9525339603424072
fmxawwhlub.mp4,0.0959581509232521
fmxesahfet.mp4,0.9900000691413879
fmyehmzinn.mp4,0.15004101395606995
fmyisvlyyf.mp4,0.9898359179496765
fmzufgwlyj.mp4,0.977274477481842
fmzxptgzut.mp4,0.9891973733901978
fnashzpuhh.mp4,0.9386366009712219
fnbwfrgbam.mp4,0.9843389391899109
fncnobpzzx.mp4,0.9881840944290161
fncvzofotd.mp4,0.9490566253662109
fncxxdmkfx.mp4,0.984827995300293
fncypiszkf.mp4,0.1835217922925949
fndnlvxbyw.mp4,0.6553028225898743
fnejwhwdee.mp4,0.9899353384971619
fnejwlvvsg.mp4,0.9752240180969238
fnfgtxzmjh.mp4,0.6871306896209717
fnfjxjfrtn.mp4,0.965171754360199
fnfrwdxyoy.mp4,0.9896060824394226
fnhvmlysxv.mp4,0.9736377000808716
fnicwoxeln.mp4,0.5128712058067322
fnjbfxdvms.mp4,0.9187933802604675
fnjmbozylf.mp4,0.989122211933136
fnjslfddlh.mp4,0.9305657744407654
fnkscusoao.mp4,0.9810501933097839
fnlejrhfgp.mp4,0.9505501985549927
fnlyouwxau.mp4,0.862440824508667
fnlzgmvxwg.mp4,0.925389289855957
fnmtbntlyi.mp4,0.9478282928466797
fnnahethgq.mp4,0.970913827419281
fnprhpkkyw.mp4,0.9569500088691711
fnpterildn.mp4,0.7107964754104614
fnqrydakgc.mp4,0.21310269832611084
fntbthvvfj.mp4,0.957366943359375
fntrideeyb.mp4,0.9863734841346741
fnudsphmnk.mp4,0.9830294847488403
fnutlphems.mp4,0.7903097867965698
fnvpzsivsc.mp4,0.7214754819869995
fnvrpfpgzy.mp4,0.9462524652481079
fnwadlstxu.mp4,0.9866386651992798
fnwqxqecnm.mp4,0.9899999499320984
fnwvqdprhw.mp4,0.9040930271148682
fnxlgapxgx.mp4,0.8834299445152283
fnzmlwhhdd.mp4,0.889201819896698
foaccrhqhv.mp4,0.9014590978622437
fobfcnhvhg.mp4,0.9851197004318237
fobuloidrt.mp4,0.9900001883506775
fodalblhcd.mp4,0.9767075777053833
fodlygqrcx.mp4,0.9865807294845581
foevravwbd.mp4,0.8983900547027588
fofqxuuryw.mp4,0.9862127304077148
fogmyovwjt.mp4,0.8269869089126587
fogrzoxrch.mp4,0.9712358713150024
fogvuxsrmh.mp4,0.09432383626699448
fogzkcgwzv.mp4,0.757587730884552
fohgifymhw.mp4,0.9880139827728271
fohmhzhhuc.mp4,0.2869203984737396
fohnwahvbr.mp4,0.9771042466163635
foioktmbsk.mp4,0.9895325303077698
foishnxozg.mp4,0.16721336543560028
foiuifhdhs.mp4,0.9899999499320984
fojbikmxjv.mp4,0.9900000095367432
fojjdrqzkz.mp4,0.9310272932052612
fojncnzzrs.mp4,0.9886569380760193
fojswhagff.mp4,0.09436024725437164
fokbqgxrdf.mp4,0.19279569387435913
foknrqirmu.mp4,0.8620736002922058
fokqgsgsku.mp4,0.8435482382774353
fokuimoqkh.mp4,0.9444613456726074
folanrdfbq.mp4,0.20797312259674072
foligrwxod.mp4,0.8229284286499023
folnravvyf.mp4,0.9880458116531372
folvmimysf.mp4,0.9303072690963745
folvmlxzwp.mp4,0.8524580597877502
folxcvvtgq.mp4,0.9884279370307922
fomgviyohz.mp4,0.9570966958999634
fonfhgffun.mp4,0.9824240803718567
fongjhcwvu.mp4,0.8544796705245972
foodomqkvq.mp4,0.8968724012374878
fophlxjwol.mp4,0.955391526222229
foptkvfuhs.mp4,0.9599949717521667
forrseurea.mp4,0.9648553133010864
fosovipqkg.mp4,0.9874598979949951
fotvxamhxh.mp4,0.9891564846038818
fowpmphaya.mp4,0.9860674738883972
fowsqtlwmo.mp4,0.9843083024024963
foxdqteooy.mp4,0.27065983414649963
foxpjxasnv.mp4,0.9562855958938599
foxwczjakn.mp4,0.7949997782707214
foycsccyvb.mp4,0.9776706695556641
foyhauzvch.mp4,0.9886594414710999
foyhraedej.mp4,0.9865901470184326
foynwjsqeh.mp4,0.1423250138759613
fpafdiehsl.mp4,0.9788623452186584
fpamtxbdvu.mp4,0.8239370584487915
fpbiwajwdo.mp4,0.9884471893310547
fpbjlolmcw.mp4,0.39211371541023254
fpbljvtjqf.mp4,0.983862042427063
fpdlpbqjjs.mp4,0.9900000095367432
fpelumatcz.mp4,0.9430723190307617
fpfljuvbxj.mp4,0.9628252387046814
fpfwzjdhrd.mp4,0.6476762294769287
fpgacmtdsi.mp4,0.9876351356506348
fpgbqmqesb.mp4,0.9481184482574463
fpgmlnpyys.mp4,0.29501014947891235
fpgzavhexk.mp4,0.9887483716011047
fpiowljlrq.mp4,0.9899271130561829
fpjczdegjy.mp4,0.6267915368080139
fpjemqymbe.mp4,0.7742050886154175
fpkrkluigq.mp4,0.9442911744117737
fpliemtlco.mp4,0.9689087867736816
fplilgkdcc.mp4,0.910163402557373
fplkqksnhk.mp4,0.9655361175537109
fplloskddq.mp4,0.9670494794845581
fpmgdktbyh.mp4,0.7268092632293701
fpmkrioqgi.mp4,0.6906992793083191
fpmpqbwmba.mp4,0.9809501767158508
fpmvwcxbfy.mp4,0.9251282215118408
fpnhdbfleu.mp4,0.9895116686820984
fpnkzegrps.mp4,0.7332867980003357
fpobacwdrp.mp4,0.9453735947608948
fposdoyraa.mp4,0.9894058108329773
fpoykttcqn.mp4,0.6667115688323975
fppkprrydv.mp4,0.979577362537384
fpplivvwri.mp4,0.9768406748771667
fppmxmbxou.mp4,0.9403946399688721
fpqcsldjwl.mp4,0.913257360458374
fpqovzxuwc.mp4,0.8735424280166626
fprgwxrvts.mp4,0.9790820479393005
fprlzalyrz.mp4,0.9859887361526489
fprnaorizo.mp4,0.8969952464103699
fpshkzmddp.mp4,0.8793569803237915
fpskkbpdxo.mp4,0.827355146408081
fptqmjcpuo.mp4,0.9395518898963928
fpwgkerlun.mp4,0.6630322337150574
fpwxlhamap.mp4,0.9810425639152527
fpxoorpqkv.mp4,0.9899998903274536
fpxqlwbeib.mp4,0.9897897243499756
fpynidpwoa.mp4,0.6601049304008484
fpyqdbklly.mp4,0.21730443835258484
fpyybnkagb.mp4,0.08487984538078308
fpzgpmoxcm.mp4,0.9423498511314392
fpzlthygvg.mp4,0.9266883134841919
fpzpgbugxm.mp4,0.9280104637145996
fpzyggmqzp.mp4,0.7342369556427002
fpzznseyxj.mp4,0.18614615499973297
fqagmuruwt.mp4,0.9861969351768494
fqauipezfi.mp4,0.9789504408836365
fqbqsyubzm.mp4,0.9397838115692139
fqbzpfodlz.mp4,0.9513875246047974
fqcifwcdsv.mp4,0.9624861478805542
fqcjzgcmey.mp4,0.7290036082267761
fqdddnovfa.mp4,0.12347931414842606
fqdklzzkfj.mp4,0.27502861618995667
fqdziaezmb.mp4,0.5818929076194763
fqeilecqej.mp4,0.06996824592351913
fqepjykfru.mp4,0.9219430685043335
fqetglngae.mp4,0.9801043272018433
fqfdqnkssk.mp4,0.9845958352088928
fqfhwmtasl.mp4,0.9493326544761658
fqgkpaxdgj.mp4,0.72388756275177
fqhodbgbti.mp4,0.8252766132354736
fqiatkiapa.mp4,0.9459590315818787
fqjbeyxeph.mp4,0.9796865582466125
fqjbooptlq.mp4,0.466155469417572
fqjicqoasu.mp4,0.9815773963928223
fqjiyckgrj.mp4,0.96836256980896
fqkaaaagkw.mp4,0.23439492285251617
fqkhinwwqy.mp4,0.33344632387161255
fqktrpqfto.mp4,0.9268762469291687
fqlbrfbiyz.mp4,0.9871882200241089
fqldtuhspe.mp4,0.9890114665031433
fqlmhrmeem.mp4,0.4159832000732422
fqlrqjhxjq.mp4,0.13655716180801392
fqngozhtfk.mp4,0.9201371669769287
fqovtlzwkd.mp4,0.9738855957984924
fqpphcbruh.mp4,0.30547115206718445
fqqqmfvanh.mp4,0.9849234223365784
fqqrhjuptg.mp4,0.8133631944656372
fquechyqjk.mp4,0.9460344910621643
fqumxjnljo.mp4,0.9841403365135193
fqvriaaihu.mp4,0.12820297479629517
fqweeualqa.mp4,0.18016527593135834
fqwzflygtt.mp4,0.515665590763092
fqxkglialr.mp4,0.9893067479133606
fqxlphzpsr.mp4,0.4801121652126312
fqyldrcuot.mp4,0.9152747392654419
fradpsybuj.mp4,0.07392323762178421
fragqhpdjo.mp4,0.9773855805397034
frakdhccek.mp4,0.9410411715507507
fraqjvnoxk.mp4,0.17223325371742249
frbdbkxaim.mp4,0.4112604558467865
frbjsddtei.mp4,0.1232711672782898
frbpaxqayg.mp4,0.9027085304260254
frcorwepoo.mp4,0.9225127100944519
frcplqrpgo.mp4,0.9320976138114929
frdhhppcpm.mp4,0.9085917472839355
frdiruneji.mp4,0.3034723699092865
frehtgxiln.mp4,0.16867132484912872
freqivezwh.mp4,0.9686418771743774
frfahhmjwh.mp4,0.5195496082305908
frfllvgtlg.mp4,0.3329635560512543
frflyqooor.mp4,0.9718546867370605
frgejoibtz.mp4,0.9359674453735352
frhpqtmdjq.mp4,0.9890151619911194
frhuxhpzvv.mp4,0.9709121584892273
frirfsdmoi.mp4,0.9764713644981384
frjbrjdbmz.mp4,0.7850799560546875
frkaigebav.mp4,0.9584298133850098
frkhhpwfjr.mp4,0.826241135597229
frksxzccfm.mp4,0.9615470170974731
frkytkjxmh.mp4,0.2886136472225189
frlqwnbkjo.mp4,0.9739395976066589
frlzzsjamb.mp4,0.959327220916748
frmrtwfbmc.mp4,0.9775071740150452
frnfvrofek.mp4,0.8816086649894714
frnxgmjnre.mp4,0.9838773608207703
fromclsodq.mp4,0.9774513840675354
frompgpzhp.mp4,0.9898908138275146
frotgcqrde.mp4,0.9873897433280945
frovxkqksr.mp4,0.9894679188728333
frowxiaclv.mp4,0.9161887764930725
frpefqshmo.mp4,0.680881679058075
frpexffkhf.mp4,0.9339816570281982
frplqcissc.mp4,0.9747691750526428
frprbewzjq.mp4,0.2645779550075531
frqijjzpxl.mp4,0.8296812176704407
frqrlcfuno.mp4,0.8651024103164673
frrebqdqvj.mp4,0.9786751866340637
frrhyudilh.mp4,0.7439086437225342
frrqtjofwm.mp4,0.5933550596237183
frruapayul.mp4,0.9270858764648438
frthyifvlh.mp4,0.4313252866268158
frtokkkhku.mp4,0.22956140339374542
fruopjdxju.mp4,0.9894759058952332
frvcncumpb.mp4,0.9754732251167297
frvtnsalmk.mp4,0.9899467825889587
frwbewtgds.mp4,0.9645143747329712
frwgsmwayz.mp4,0.9539133310317993
frwhjxinqn.mp4,0.9574686884880066
frwivvbysq.mp4,0.9395225644111633
frwzzishwb.mp4,0.7127069234848022
frxmydygsm.mp4,0.9862750172615051
fryjurazkm.mp4,0.9275762438774109
frykkgbxnp.mp4,0.9899999499320984
fryqvgqkgt.mp4,0.9721136689186096
fryskdgsfd.mp4,0.8586251735687256
frzcjhetav.mp4,0.9165902137756348
frzrswqycd.mp4,0.8048795461654663
fsaakkrvdh.mp4,0.9648387432098389
fsalrjsyzm.mp4,0.9888694286346436
fsbabrxhqy.mp4,0.5927569270133972
fsbtznktag.mp4,0.970055341720581
fscyfygpyk.mp4,0.1131119355559349
fsdgpysupr.mp4,0.9883503317832947
fsdoseabco.mp4,0.6466357111930847
fsdqterpek.mp4,0.9302231669425964
fsdrhxyoek.mp4,0.4362351596355438
fsdzaamgvj.mp4,0.9478568434715271
fsdzwjnxgo.mp4,0.980213463306427
fseikzintc.mp4,0.9854342937469482
fsepjiwjrt.mp4,0.9893081188201904
fsfjlwwsen.mp4,0.6231094598770142
fsgghwymiv.mp4,0.3078998029232025
fsghozvjzf.mp4,0.40263310074806213
fshykjkois.mp4,0.9890609383583069
fsisgbssxe.mp4,0.9879280924797058
fsizmovxoc.mp4,0.9799396991729736
fsjccjuqwf.mp4,0.8170546293258667
fsjobllsfc.mp4,0.9752813577651978
fsjtihxnza.mp4,0.9890676736831665
fsjwjzqsjg.mp4,0.958120584487915
fsjxsewmig.mp4,0.9438689947128296
fsktkgbrkx.mp4,0.9131693243980408
fslfwiqeau.mp4,0.9596196413040161
fslolunawz.mp4,0.9899999499320984
fsmhupspqn.mp4,0.7119149565696716
fsmwlfevvp.mp4,0.8406699299812317
fsnbfdzbhq.mp4,0.9557580351829529
fsnliqatbu.mp4,0.4039906859397888
fsoallmiov.mp4,0.9576738476753235
fsofonchgl.mp4,0.9641516804695129
fsowcwypwz.mp4,0.32227823138237
fspqoeuomc.mp4,0.9872727394104004
fsqpfckyho.mp4,0.944549024105072
fsrrqxkqob.mp4,0.9900000095367432
fssgvipbhk.mp4,0.6239805817604065
fssmndjcbn.mp4,0.9390018582344055
fsuetbnklu.mp4,0.9893204569816589
fsvmxcelxe.mp4,0.5571457743644714
fsvnhagxec.mp4,0.8584021329879761
fsvnrnvmfa.mp4,0.07887487858533859
fsvpkugfxi.mp4,0.21499285101890564
fswfiespcl.mp4,0.9892212152481079
fswwddokin.mp4,0.6442263722419739
fsxhzufpmy.mp4,0.43985798954963684
fsxjbjvymh.mp4,0.25294554233551025
fsxjpxakzo.mp4,0.9288884997367859
fsxqjdqbpw.mp4,0.6812366843223572
fsxwyhjxgo.mp4,0.1683729737997055
fszcqehjmw.mp4,0.8959662318229675
fszehmumqx.mp4,0.16382193565368652
fsznbbsqvl.mp4,0.9310207366943359
ftabdmxjkr.mp4,0.9892188310623169
ftaeibmzmt.mp4,0.5327481031417847
ftafvawnwv.mp4,0.9561184644699097
ftbsncpcok.mp4,0.989657998085022
ftcduclzsf.mp4,0.9872606992721558
ftcxyxeovu.mp4,0.8645053505897522
ftfemkjnot.mp4,0.2410488873720169
ftfjpzqcrn.mp4,0.8132804036140442
ftfnypwddf.mp4,0.9885665774345398
ftfsuunqay.mp4,0.5312775373458862
ftfvgqdqxw.mp4,0.9753687381744385
ftgfedcldy.mp4,0.9775394201278687
ftgxeeihuv.mp4,0.9899999499320984
ftgzrawqsd.mp4,0.986747682094574
fthbksnfqm.mp4,0.9666880369186401
fthzcibwic.mp4,0.9075700044631958
ftigwkkobr.mp4,0.9670352339744568
ftjbpmvcdq.mp4,0.9782263040542603
ftjknepqls.mp4,0.9556687474250793
ftjqarnhtf.mp4,0.6872299909591675
ftlbjqrvag.mp4,0.9739124774932861
ftlfdigxjf.mp4,0.989957332611084
ftltvfacxy.mp4,0.9346604943275452
ftlxdbinct.mp4,0.9824516773223877
ftmcjwndiy.mp4,0.9568110108375549
ftnbjgcrdu.mp4,0.9897038340568542
ftnmqzkxve.mp4,0.9899998903274536
ftoecttrok.mp4,0.6470246911048889
ftoflgzwen.mp4,0.9581615328788757
ftoqbarusn.mp4,0.8117040991783142
ftowheytwl.mp4,0.9816775321960449
ftpdiarmjx.mp4,0.9847788214683533
ftpppcihhj.mp4,0.8181033134460449
ftqvvdajzt.mp4,0.3693699240684509
ftrdtiyvre.mp4,0.9186737537384033
ftrjuxfinz.mp4,0.9526543617248535
ftrucvkebp.mp4,0.9816669821739197
ftrxdvzqhm.mp4,0.9877356290817261
ftsgwzxvcm.mp4,0.9710591435432434
ftsinjrjap.mp4,0.9634149670600891
ftsuphblcw.mp4,0.9735300540924072
ftuhvimneu.mp4,0.9307065010070801
ftulgaascq.mp4,0.9540730714797974
ftumoftfoa.mp4,0.9888370037078857
ftwhwusbct.mp4,0.921126127243042
ftwtfucugq.mp4,0.9787922501564026
ftxavczbvi.mp4,0.15707214176654816
ftxsiqlwtu.mp4,0.9746992588043213
ftyclxgnbp.mp4,0.8150972723960876
ftysdaiuxo.mp4,0.9899159669876099
ftzqywawya.mp4,0.9859777092933655
ftzwhmsoht.mp4,0.918940544128418
fuagrqknja.mp4,0.9884917140007019
fuaiefbxdv.mp4,0.8577170372009277
fuajmaivsx.mp4,0.9899523258209229
fuakjlnfem.mp4,0.2667206823825836
fuanewhvas.mp4,0.9567453265190125
fubgavgwzr.mp4,0.9899999499320984
fubmyjkozi.mp4,0.20708288252353668
fubvyuvals.mp4,0.9212071895599365
fudctgiqtg.mp4,0.11031205207109451
fudosbrkez.mp4,0.9900000691413879
fudzlwacws.mp4,0.8249518871307373
fuegzrizzn.mp4,0.22911366820335388
fueiqjfgoq.mp4,0.809817910194397
fuejnktipj.mp4,0.9411313533782959
fugkmklkbx.mp4,0.9897541403770447
fuguahashf.mp4,0.7877840995788574
fuicodhcgx.mp4,0.5713367462158203
fuilvipjlk.mp4,0.5414608716964722
fuiqfutwni.mp4,0.9854926466941833
fuixycdfqu.mp4,0.9819083213806152
fujsgbgiho.mp4,0.3030078709125519
fujulinofp.mp4,0.9151310920715332
fujvppauoz.mp4,0.8177585005760193
fujwbsqeaf.mp4,0.9304330348968506
fukjiykwxz.mp4,0.9374392628669739
fukwwdnwkd.mp4,0.9646233916282654
fuldvurmus.mp4,0.9493563771247864
fuljlvpbef.mp4,0.9144778251647949
fumuxndmpv.mp4,0.9859842658042908
fuobmswltj.mp4,0.18272586166858673
fuojhffxqu.mp4,0.945034921169281
fuolxbpwez.mp4,0.9761391282081604
fupbjsydcj.mp4,0.1612330973148346
fupbzybwis.mp4,0.987471342086792
fupcyuhxkg.mp4,0.9896442294120789
furmkbqxwv.mp4,0.8566163778305054
furokqojrv.mp4,0.923061192035675
furtuxzyvp.mp4,0.9737378358840942
fusrkgmrrk.mp4,0.9811097979545593
fusxlaflim.mp4,0.9436278939247131
futwxyhbfw.mp4,0.9863384366035461
fuwevjkmdp.mp4,0.9508471488952637
fuwwnuxbgt.mp4,0.9239493608474731
fuxgucedwt.mp4,0.9898603558540344
fuxqrqojwj.mp4,0.8418568968772888
fuykcvxujp.mp4,0.9539148211479187
fuymdjiuzq.mp4,0.9856022000312805
fuypoadobu.mp4,0.9644622206687927
fuyvcjmibg.mp4,0.8204398155212402
fuywworttr.mp4,0.9840812087059021
fuzgtljhff.mp4,0.9853572845458984
fuzrbxbkji.mp4,0.960471510887146
fvaezfnuox.mp4,0.9796854257583618
fvajvzdnac.mp4,0.9898933172225952
fvavuiptrw.mp4,0.6559780836105347
fvbtehwpgw.mp4,0.8715841174125671
fvchcrryfk.mp4,0.9050212502479553
fvdhqemlxe.mp4,0.9454033374786377
fvfqgkvjqx.mp4,0.9617573618888855
fvfwdvzqsm.mp4,0.9677755832672119
fvgimbewza.mp4,0.9768025875091553
fvgsbqodny.mp4,0.17112642526626587
fvgzwzgbkh.mp4,0.9860967397689819
fvhfqqhgll.mp4,0.9752460718154907
fvjprteokk.mp4,0.7995298504829407
fvkwkrdqgy.mp4,0.989651083946228
fvlajylxog.mp4,0.9687386155128479
fvlfbjtljl.mp4,0.9690707921981812
fvllcbmwoo.mp4,0.7186412215232849
fvlmjzkqyy.mp4,0.7778214812278748
fvlrujrzre.mp4,0.26692742109298706
fvlujjqkdv.mp4,0.975164532661438
fvlutprvjv.mp4,0.9899018406867981
fvlxhoaldp.mp4,0.13130488991737366
fvmgomeatk.mp4,0.9866818785667419
fvmzqfflwe.mp4,0.9576937556266785
fvnfyukhpd.mp4,0.9462236762046814
fvnxxhzfqk.mp4,0.9859036207199097
fvorzqpgps.mp4,0.9896563291549683
fvouuqxulb.mp4,0.9897413849830627
fvpbfxcigp.mp4,0.11409308016300201
fvpxbrdkpm.mp4,0.9377190470695496
fvqdfifffn.mp4,0.7478033900260925
fvrhhxqcmh.mp4,0.8347117304801941
fvscjrdxcd.mp4,0.7884277701377869
fvtdxqdsmv.mp4,0.9849727749824524
fvtinjiwqm.mp4,0.9839383959770203
fvufsmerkn.mp4,0.9851555228233337
fvugsjlvkw.mp4,0.964759111404419
fvuwsbciqk.mp4,0.22586295008659363
fvuxmhaowa.mp4,0.8370434045791626
fvuzptqoba.mp4,0.13601034879684448
fvvfdtnuey.mp4,0.9883996844291687
fvvuzjbsqe.mp4,0.9813126921653748
fvvzvoommr.mp4,0.9427613615989685
fvwhpsrmwx.mp4,0.1700882911682129
fvwjqnwzdl.mp4,0.1100912094116211
fvwqdwzrcc.mp4,0.9900000095367432
fvxoirrpou.mp4,0.20172646641731262
fvxwaazoiy.mp4,0.9748170375823975
fvxyegqlzr.mp4,0.23138561844825745
fvygagxyuk.mp4,0.8760635852813721
fvyqxyrvjj.mp4,0.9896093606948853
fvyuztddwy.mp4,0.9780441522598267
fvzfpquoxe.mp4,0.9178130626678467
fvznsdnabi.mp4,0.6577615737915039
fvzwfxnerd.mp4,0.7520226836204529
fwaxkocbeq.mp4,0.9720064401626587
fwbkkigixs.mp4,0.8726944327354431
fwboxgwtlw.mp4,0.9900000095367432
fwbvksfidm.mp4,0.8574462532997131
fwbyrxyuyo.mp4,0.2099512219429016
fwcgtjuqgl.mp4,0.965681254863739
fwcsbrbbpr.mp4,0.923723042011261
fwcupeteho.mp4,0.7339385151863098
fweczwhjec.mp4,0.9854736328125
fwekhphoqr.mp4,0.6005058288574219
fwezlxinox.mp4,0.9898844957351685
fwfjzavjtz.mp4,0.9631184935569763
fwheahaubn.mp4,0.929556131362915
fwhybkmfty.mp4,0.37902820110321045
fwipdcerra.mp4,0.4149138331413269
fwisndrpzm.mp4,0.18463659286499023
fwjhcmqmgk.mp4,0.9890795350074768
fwjhcqlmfd.mp4,0.952289342880249
fwjkjwelbt.mp4,0.8559051156044006
fwjrzhcina.mp4,0.9630152583122253
fwjsbmxkua.mp4,0.356410950422287
fwksvucglh.mp4,0.14134545624256134
fwkyxvdmff.mp4,0.9799728989601135
fwngrtvaee.mp4,0.18462862074375153
fwngwlcgva.mp4,0.1224091500043869
fwnoxicsrx.mp4,0.9191354513168335
fwoclhwwjg.mp4,0.09635674953460693
fwopacxcxn.mp4,0.9432150721549988
fwosuimbgb.mp4,0.9657439589500427
fwovqngwcu.mp4,0.9015757441520691
fwoxsbbkae.mp4,0.9898776412010193
fwpadpugqn.mp4,0.9893702864646912
fwpgeqpsoj.mp4,0.5805337429046631
fwpoqmoihm.mp4,0.15619409084320068
fwpoxuktzn.mp4,0.9641384482383728
fwqfzyxydh.mp4,0.9435111284255981
fwqgrgdfyc.mp4,0.7222056984901428
fwraxwqaql.mp4,0.935481607913971
fwrcfaglhz.mp4,0.2288624346256256
fwrpbsdywt.mp4,0.9682629108428955
fwrsclmglu.mp4,0.9672878980636597
fwrvxpcliu.mp4,0.1172814592719078
fwsehsenea.mp4,0.9463859796524048
fwsfhblpie.mp4,0.9229400753974915
fwsvkjqyjr.mp4,0.7145776748657227
fwsypadiom.mp4,0.23856762051582336
fwtcoqcqpa.mp4,0.9795201420783997
fwtdhczlcq.mp4,0.9810894131660461
fwuaplnkla.mp4,0.8637389540672302
fwvaatwezp.mp4,0.9822186827659607
fwvvlvrenb.mp4,0.9894518256187439
fwvxtssltw.mp4,0.9676517844200134
fwwitihjch.mp4,0.34024959802627563
fwwtsybelu.mp4,0.9875187277793884
fwxmpjnyhc.mp4,0.9245678782463074
fxaqkyjxcz.mp4,0.9654169678688049
fxaybijwnv.mp4,0.9332040548324585
fxazwvarlr.mp4,0.9873074293136597
fxbetgsvaa.mp4,0.9865903854370117
fxbfnwdaqs.mp4,0.9884452819824219
fxbrhdqhki.mp4,0.9528416991233826
fxbtivvrpv.mp4,0.9781345129013062
fxchyvdxfo.mp4,0.9872955679893494
fxcwjpvilf.mp4,0.9886038303375244
fxdfodrjte.mp4,0.5297248363494873
fxdkiqsvtt.mp4,0.9155077934265137
fxeqexfnbm.mp4,0.059301167726516724
fxerdccmev.mp4,0.871038556098938
fxesowzguc.mp4,0.9845613241195679
fxesqgpvhq.mp4,0.8963125348091125
fxevwqstoi.mp4,0.9805879592895508
fxezehmdkw.mp4,0.9386329650878906
fxezpuoxxf.mp4,0.9823756814002991
fxfahurhlr.mp4,0.9797154068946838
fxfxtrrkeq.mp4,0.8652459383010864
fxfzhprfja.mp4,0.94278484582901
fxgpfayrlw.mp4,0.909638524055481
fxgpgffbkt.mp4,0.9899696707725525
fxgxlvpqrj.mp4,0.9287133812904358
fxhqouysjy.mp4,0.895402193069458
fxhszqhneq.mp4,0.9766700863838196
fxhvawzjfn.mp4,0.9827674031257629
fxiagzltmj.mp4,0.9892462491989136
fxicjknipj.mp4,0.7109468579292297
fxigvqxmay.mp4,0.9351087212562561
fxirbbepzn.mp4,0.9896292090415955
fxjnmtqool.mp4,0.9681850075721741
fxjxsksnqh.mp4,0.9899999499320984
fxkfgakclm.mp4,0.9177065491676331
fxlebirsll.mp4,0.9204899072647095
fxlenxiszk.mp4,0.1825752556324005
fxlfeiluwf.mp4,0.9899635314941406
fxlgoimahx.mp4,0.9825536012649536
fxlljvuomj.mp4,0.6390401124954224
fxmbclilqj.mp4,0.9781200885772705
fxmermngmn.mp4,0.1464781016111374
fxmyfnkjtl.mp4,0.9784746170043945
fxneiguopi.mp4,0.591647744178772
fxnlsfrytb.mp4,0.22877202928066254
fxocxqcnay.mp4,0.9561759233474731
fxqbaxxocf.mp4,0.1073402538895607
fxqovlruio.mp4,0.9830920100212097
fxrbqdvfgc.mp4,0.8304879665374756
fxseedosdt.mp4,0.9898262619972229
fxskypezvv.mp4,0.9897615313529968
fxsscbdili.mp4,0.1961526870727539
fxsuzurfry.mp4,0.2413182407617569
fxszvpqldu.mp4,0.9891219735145569
fxtcsxnupb.mp4,0.9859724640846252
fxuokdxumd.mp4,0.21631672978401184
fxvszitcnp.mp4,0.9360990524291992
fxwptihnhr.mp4,0.9494373798370361
fxwvalgqaw.mp4,0.9898583292961121
fxxijdnbuy.mp4,0.9521868824958801
fxxpxoqoxp.mp4,0.51792973279953
fxxtgbehdx.mp4,0.873927116394043
fxyocnnutg.mp4,0.8703990578651428
fxytzqjljc.mp4,0.11573262512683868
fxyywidtrd.mp4,0.9814801216125488
fxzabbjwbm.mp4,0.9899082779884338
fxzfhxreys.mp4,0.9900001287460327
fxzkbpwkto.mp4,0.9715248942375183
fxznkkueak.mp4,0.985162079334259
fxztfonplr.mp4,0.9675531983375549
fyadnomkax.mp4,0.9733198285102844
fybfybjntb.mp4,0.7249793410301208
fybiztpnrc.mp4,0.1526239663362503
fycswstcos.mp4,0.7357131838798523
fycyqnecsw.mp4,0.9590645432472229
fydopdphla.mp4,0.9818701148033142
fyekwzbgyp.mp4,0.15156438946723938
fyetbdryma.mp4,0.985579788684845
fyfbfwxpro.mp4,0.973337709903717
fyfbkaruio.mp4,0.6791440844535828
fygavznouh.mp4,0.9554516077041626
fyhelwzkbd.mp4,0.2395765781402588
fyhpcyepmd.mp4,0.12843424081802368
fyiitssavx.mp4,0.09876665472984314
fyimoltnjm.mp4,0.1746395230293274
fyiokitoih.mp4,0.9693202972412109
fyjgbylvlv.mp4,0.8126429915428162
fyjsagezto.mp4,0.9620689153671265
fylqtteoxp.mp4,0.07484468817710876
fymclhzqir.mp4,0.11713360995054245
fymrkaulvl.mp4,0.9744833707809448
fynmkresaj.mp4,0.9885051846504211
fynuifvdva.mp4,0.9730671048164368
fyokgvhoft.mp4,0.952987790107727
fyphnavgxw.mp4,0.9044023752212524
fypnwsajkt.mp4,0.6194594502449036
fyptlmfnog.mp4,0.9873132109642029
fyptulmddg.mp4,0.9898701906204224
fypxeollqw.mp4,0.805295467376709
fyqfiffdpt.mp4,0.9897207617759705
fyqgmobizs.mp4,0.30863818526268005
fyqrrroisp.mp4,0.9742099046707153
fyqulfkhkg.mp4,0.8960166573524475
fyrfjqzzpp.mp4,0.9509561061859131
fysehbyyjp.mp4,0.9899166822433472
fysmewdbqv.mp4,0.9852371215820312
fyszkugfxk.mp4,0.9876906871795654
fyvesqrbuq.mp4,0.9425501227378845
fyvhatbjgc.mp4,0.3466494679450989
fywawinkrw.mp4,0.9788731336593628
fywtonlvda.mp4,0.9865705966949463
fywvtiicud.mp4,0.9320145845413208
fyxkkfdlyu.mp4,0.9862481355667114
fyxtkgmbup.mp4,0.9248479008674622
fyygtwpvcc.mp4,0.25866928696632385
fyyybigduf.mp4,0.8714421391487122
fyzowxqnol.mp4,0.9890798330307007
fzagsvjfne.mp4,0.9054958820343018
fzamdqeljh.mp4,0.8924190402030945
fzbymmdkac.mp4,0.9145724177360535
fzbzmxlnue.mp4,0.10209320485591888
fzcfiyagld.mp4,0.9899994730949402
fzczxqogem.mp4,0.9900000095367432
fzdftpedtk.mp4,0.9556695818901062
fzdkapejcq.mp4,0.9821522235870361
fzeigeqheu.mp4,0.9878957271575928
fzeitxrsnl.mp4,0.9793450236320496
fzfhqfxnqb.mp4,0.9892368912696838
fzfxglsjxr.mp4,0.9875583648681641
fzgjuskzae.mp4,0.9723039865493774
fzgzvjzthk.mp4,0.7101423144340515
fzhapkipgk.mp4,0.9658687114715576
fzhqmhtpug.mp4,0.9879143834114075
fzhwasxjoo.mp4,0.9899998307228088
fzimbqtqss.mp4,0.9816232919692993
fzjagortdj.mp4,0.9569507837295532
fzjbinsrhx.mp4,0.9594146013259888
fzkbcgpzis.mp4,0.9355913996696472
fzkjhuifsb.mp4,0.3206138014793396
fzliozbuku.mp4,0.8888261914253235
fzmmpujffb.mp4,0.9258759617805481
fzmwaqgrgm.mp4,0.9870893359184265
fzojvrpzhr.mp4,0.8637935519218445
fzpafgyzvf.mp4,0.929620623588562
fzpjvskqwu.mp4,0.9780308604240417
fztqkuewsf.mp4,0.9648504257202148
fztuhkkqnq.mp4,0.9849556684494019
fzufuzbgra.mp4,0.2185484915971756
fzurflflwv.mp4,0.9425151944160461
fzuthmtxud.mp4,0.7649836540222168
fzuxokfzaj.mp4,0.9863351583480835
fzvhplfjna.mp4,0.9199490547180176
fzvtipksxg.mp4,0.9862850904464722
fzvxmpoikx.mp4,0.5135686993598938
fzwnnccurn.mp4,0.8971942067146301
fzxbfzymhw.mp4,0.9900000095367432
fzxbvrjjhr.mp4,0.6981282234191895
fzxnownxcz.mp4,0.988921046257019
fzxpnjqmvk.mp4,0.6002385020256042
fzxqojwfse.mp4,0.968037486076355
fzxsggojyo.mp4,0.8870392441749573
gaadspfsbw.mp4,0.7929983139038086
gaadxzmtfe.mp4,0.5864432454109192
gaawsfwapc.mp4,0.9826192855834961
gabievjorc.mp4,0.9837515950202942
gabobgiccn.mp4,0.3837783932685852
gacaonleme.mp4,0.9865655899047852
gadmusygle.mp4,0.9714515805244446
gaexxsybom.mp4,0.14040325582027435
gafagqaasp.mp4,0.9824675917625427
gafyfetmls.mp4,0.7735746502876282
gagvvmypob.mp4,0.9050843119621277
gahmjgyizr.mp4,0.9680429100990295
gahnzfllyk.mp4,0.9073088765144348
gahsvrgskg.mp4,0.9896225333213806
gaidetzmvz.mp4,0.15069681406021118
gaiirjtvdb.mp4,0.3179221451282501
gaikqtxfjh.mp4,0.9150920510292053
gaitsfuizp.mp4,0.8829634785652161
gajagctzzq.mp4,0.6189468502998352
gajfhbiakn.mp4,0.3878428339958191
gajwkuimrh.mp4,0.8628432750701904
gajzmjfzmn.mp4,0.9900001287460327
gakehrooju.mp4,0.9026145339012146
gaklwqvekk.mp4,0.9832508563995361
ganccjaxxy.mp4,0.9854699969291687
gankhhhvla.mp4,0.22932210564613342
ganotnsspf.mp4,0.9622026085853577
ganwpujrlq.mp4,0.7835339903831482
gaoddyxyfx.mp4,0.9404670596122742
gaoryxnpuq.mp4,0.951595664024353
gapdcwkfge.mp4,0.6525880098342896
gapqcxdinz.mp4,0.9900000095367432
gaptsqkaks.mp4,0.4677776098251343
gapvetxxhl.mp4,0.16424213349819183
garunulzzv.mp4,0.9772157669067383
garygrmuie.mp4,0.9724043011665344
garyozboal.mp4,0.9732073545455933
gasanqzioj.mp4,0.9265263080596924
gaspumvtcs.mp4,0.988163411617279
gatgerfsjl.mp4,0.9885560870170593
gattgtrwfa.mp4,0.21389949321746826
gattkmwqkz.mp4,0.9862282276153564
gatubxqouv.mp4,0.8112996816635132
gatywbscxn.mp4,0.9348578453063965
gaulesojbm.mp4,0.9668704271316528
gauuoevrnw.mp4,0.6422258615493774
gavqnsbism.mp4,0.9789085984230042
gavqzzofqv.mp4,0.9658221006393433
gawvprhoth.mp4,0.829893171787262
gawxncjdra.mp4,0.9316161870956421
gaxroakdxd.mp4,0.645933210849762
gaxvuetshr.mp4,0.9752663373947144
gaypzhbkhd.mp4,0.9891632199287415
gayypjkwsg.mp4,0.8846572637557983
gazevuoahc.mp4,0.7316795587539673
gazirwytip.mp4,0.9296326041221619
gazjczvgew.mp4,0.9890516400337219
gazockikpd.mp4,0.9305757284164429
gbacnojrmk.mp4,0.9330504536628723
gbambjdbwq.mp4,0.9789852499961853
gbasowlzzy.mp4,0.9890571236610413
gbawgsnlgk.mp4,0.9425600171089172
gbawhsplpi.mp4,0.9033375978469849
gbbevfnfiq.mp4,0.8569841980934143
gbbhyicorv.mp4,0.23715944588184357
gbdazgniqc.mp4,0.9880490899085999
gbeqpnpwbm.mp4,0.08129186928272247
gbfgwfrntb.mp4,0.9856576323509216
gbflagqcrg.mp4,0.07647337019443512
gbhrjiprks.mp4,0.9887344837188721
gbhruilniq.mp4,0.5770241618156433
gbidpzftta.mp4,0.4407851994037628
gbinyqapyk.mp4,0.910940408706665
gbjxesicxu.mp4,0.9900000095367432
gbjzelewgn.mp4,0.9894867539405823
gbkfqgwafb.mp4,0.7831765413284302
gblclehusp.mp4,0.5320116877555847
gblgydddmq.mp4,0.9896033406257629
gblhevskhn.mp4,0.2865397334098816
gbmkwegeuj.mp4,0.10498972237110138
gbmlaazukv.mp4,0.989579439163208
gbnqiddbus.mp4,0.11986401677131653
gbnyqnnctw.mp4,0.963021457195282
gboffnixjn.mp4,0.9889509677886963
gboqgdhkap.mp4,0.9900000095367432
gborudkxrf.mp4,0.15816526114940643
gbpymmkcbw.mp4,0.6470655202865601
gbqgarpyeh.mp4,0.9838362336158752
gbqtbmsmuy.mp4,0.981264591217041
gbtbgbqvuk.mp4,0.9888874888420105
gbtmpohxoz.mp4,0.9705049395561218
gbudtlkooq.mp4,0.9900001287460327
gbujnafhit.mp4,0.9695535898208618
gbuktdlcfz.mp4,0.8321213722229004
gbvllwqbjl.mp4,0.22812430560588837
gbwhyroefx.mp4,0.8437298536300659
gbwnfkaypl.mp4,0.7559701800346375
gbwxmandwi.mp4,0.9899998903274536
gbxrzwsjjb.mp4,0.9645153284072876
gbycljawnz.mp4,0.9788070917129517
gbycqpxnhp.mp4,0.9171640872955322
gbyecrdgsf.mp4,0.10634272545576096
gbzaitshmc.mp4,0.9793814420700073
gcbyurxhbz.mp4,0.9786808490753174
gccadfefkb.mp4,0.09130100160837173
gccddsbvpg.mp4,0.7281309366226196
gcckmhlhfr.mp4,0.9876937866210938
gccwdwkdmb.mp4,0.9740715026855469
gcddjditsb.mp4,0.9835206270217896
gcehhgvgft.mp4,0.9072513580322266
gcerrazrsi.mp4,0.6092513799667358
gcfoeinqbo.mp4,0.17254824936389923
gcgvhckocl.mp4,0.19006891548633575
gchzfflazb.mp4,0.989890992641449
gcibwutsiq.mp4,0.9895052313804626
gcivsrnfir.mp4,0.989311695098877
gciwcltclm.mp4,0.11556331068277359
gcjdhznbsc.mp4,0.12103920429944992
gcjjhkhwgr.mp4,0.9617151618003845
gcjmubsxtr.mp4,0.4398616552352905
gckearzogi.mp4,0.9725503921508789
gckregynpo.mp4,0.46394526958465576
gckufzoobd.mp4,0.19982393085956573
gcldoijzio.mp4,0.9900000095367432
gcmdyoifok.mp4,0.7804511785507202
gcmetbviyj.mp4,0.9397881031036377
gcmhtnytnz.mp4,0.9706807732582092
gcmrvtseyk.mp4,0.1240597739815712
gcoacfcupw.mp4,0.9810123443603516
gcohsfodxw.mp4,0.1254836767911911
gcojtjjglp.mp4,0.935486376285553
gcoowkrfnv.mp4,0.7938970923423767
gcossjikmb.mp4,0.9899998903274536
gcovtngxla.mp4,0.622853696346283
gcpumdtqbw.mp4,0.9865444898605347
gcpwisspwy.mp4,0.8713712096214294
gcqgmqbcgn.mp4,0.9559623599052429
gcrsaesnjg.mp4,0.9535372853279114
gcsmgypxlb.mp4,0.13579992949962616
gcszcifzgc.mp4,0.9899999499320984
gcszqqslwn.mp4,0.8672833442687988
gcthdpvkqi.mp4,0.9874188303947449
gctxzlzcjz.mp4,0.9313117861747742
gctyynjruz.mp4,0.09724485874176025
gcunfgbmwp.mp4,0.9899578094482422
gcuowvdvhc.mp4,0.7816022634506226
gcvahzjlbf.mp4,0.976719319820404
gcvgotmwer.mp4,0.9730939269065857
gcwcvduria.mp4,0.9196516871452332
gcwfgohdet.mp4,0.9801012873649597
gcwgwrssmo.mp4,0.2392069548368454
gcxexbsvot.mp4,0.13611096143722534
gcxwdkhxxs.mp4,0.9429537653923035
gcxwqrqudn.mp4,0.8201902508735657
gcyekbytms.mp4,0.08520056307315826
gcymjilcah.mp4,0.28219881653785706
gczepcsdfi.mp4,0.09023942053318024
gcznisyuby.mp4,0.9218549728393555
gczrefownz.mp4,0.9389886856079102
gdbcuttvqa.mp4,0.14865742623806
gdbsyzybzq.mp4,0.98026043176651
gddlmdiirt.mp4,0.9874445199966431
gddtghkyjl.mp4,0.9081328511238098
gdelvmkpkp.mp4,0.5486347079277039
gdeymeoxcz.mp4,0.9866106510162354
gdffzrpnib.mp4,0.9847829937934875
gdfwwoeyke.mp4,0.5884274244308472
gdgokuraof.mp4,0.9899999499320984
gdhfelehbr.mp4,0.6463949084281921
gdhkrmssve.mp4,0.7163107991218567
gdjkdcytlo.mp4,0.9623882174491882
gdjpaoqewn.mp4,0.9873793125152588
gdkbcjwshu.mp4,0.964767336845398
gdkgoiufno.mp4,0.9876499176025391
gdkxxsjhhw.mp4,0.9876561760902405
gdlgasdpzp.mp4,0.9597159028053284
gdlowgeiee.mp4,0.12614962458610535
gdltygmodd.mp4,0.9761666059494019
gdmaakgxfx.mp4,0.9899999499320984
gdmhwwkmbe.mp4,0.9899557828903198
gdmwdicgxq.mp4,0.12577791512012482
gdnbcgtfay.mp4,0.9583480954170227
gdnnieahty.mp4,0.8354741930961609
gdohinwlun.mp4,0.9864321351051331
gdolzaiiih.mp4,0.24249383807182312
gdphxrxfpi.mp4,0.916644811630249
gdqvoevdtr.mp4,0.13880015909671783
gdrlutsiai.mp4,0.9329950213432312
gdrvklhatm.mp4,0.9387568831443787
gdskjdylwz.mp4,0.6667733192443848
gdspfwhoxr.mp4,0.8968172073364258
gdtkovtsci.mp4,0.8561718463897705
gduevksmhk.mp4,0.7165573239326477
gdvjbmownz.mp4,0.8946482539176941
gdvnljutuu.mp4,0.9067999720573425
gdwbzayezx.mp4,0.838544487953186
gdwrferueh.mp4,0.9696938395500183
gdwsgktixc.mp4,0.9861887097358704
gdxdurvkza.mp4,0.933272659778595
gdxiahzyjr.mp4,0.8707975149154663
gdxmaogsip.mp4,0.9880843758583069
gdxtazndzk.mp4,0.9696128368377686
gdxtmbpkkh.mp4,0.9699058532714844
gdxxsnwnex.mp4,0.9900000095367432
gdxyudtqdl.mp4,0.6331158876419067
gdybiahjog.mp4,0.9899317026138306
gdygdvuyum.mp4,0.9483676552772522
gdygzrpynl.mp4,0.3111514747142792
gdyijzprfv.mp4,0.6506347060203552
gdylvqgbdb.mp4,0.9835976958274841
gdyzyumwxi.mp4,0.3127509653568268
gdzrlvdfsw.mp4,0.8712997436523438
gdzsgsqbwi.mp4,0.9211761951446533
gdzuruahmi.mp4,0.9884480237960815
geaaanfxvt.mp4,0.975578248500824
geaatldliq.mp4,0.831714928150177
geacphwnra.mp4,0.9875515103340149
geaoqcfkxr.mp4,0.16523315012454987
geatjsiejy.mp4,0.47970452904701233
gebpnpejld.mp4,0.1758027970790863
gebskbzmyz.mp4,0.9857653379440308
gecdkhexge.mp4,0.11490606516599655
gechrjyeee.mp4,0.946772038936615
geclsfdhgz.mp4,0.6508516669273376
gecntpiksy.mp4,0.9710903763771057
gedoblgvpy.mp4,0.9900000095367432
gefeqgozld.mp4,0.9666489958763123
gefpmzknts.mp4,0.9899998307228088
gegbvljuyx.mp4,0.68223637342453
geiqigidrb.mp4,0.9559298753738403
gejavamxdm.mp4,0.7220789790153503
gejkozphwo.mp4,0.9771157503128052
gejlmadrzd.mp4,0.9576195478439331
gekfaqwxix.mp4,0.2982974946498871
gekhmedtbr.mp4,0.909498393535614
gekorsskqq.mp4,0.9715691208839417
gelayxdawo.mp4,0.9792307615280151
geloovcowz.mp4,0.9900001287460327
gemwaiueno.mp4,0.9544321298599243
genrhxayoj.mp4,0.9473355412483215
gensnfjyhm.mp4,0.8811444044113159
geoecvcbqf.mp4,0.8625459671020508
geohwppdhj.mp4,0.9849379062652588
gepjrpyfpa.mp4,0.987688422203064
geqvxrljyg.mp4,0.9488170146942139
geqwbnmtbm.mp4,0.9821798205375671
gerhnzbiag.mp4,0.9630050659179688
gernycxeyx.mp4,0.74858558177948
gesomtbrxl.mp4,0.08866298943758011
geszhvgoch.mp4,0.9896577596664429
geturetbpy.mp4,0.10901572555303574
geuajeozuv.mp4,0.1421104222536087
geuhmpknvu.mp4,0.9881176948547363
geujbzxsdd.mp4,0.964622437953949
geulcwvfuy.mp4,0.8482959270477295
gevjcllmjf.mp4,0.965924859046936
gevjymsmpn.mp4,0.985998809337616
gevnnuekkx.mp4,0.9534145593643188
gevppryqwp.mp4,0.9865096211433411
gevqmdrmbs.mp4,0.974469780921936
gewgfntbmn.mp4,0.20812594890594482
gewldlfuuq.mp4,0.9137216210365295
gewosinxix.mp4,0.9605196118354797
gexkmvzsqi.mp4,0.11771203577518463
geyfnxroex.mp4,0.9367539286613464
gezgtvfajs.mp4,0.9422027468681335
gfaaqjndbr.mp4,0.9595279693603516
gfahvpuqzm.mp4,0.9869005084037781
gfaqxtsezr.mp4,0.9900001287460327
gfasbtjond.mp4,0.9900000095367432
gfdenskfme.mp4,0.8302239775657654
gfdosoqxif.mp4,0.9745833277702332
gfdwncgbcm.mp4,0.937974214553833
gfdyoyjuxy.mp4,0.9042036533355713
gfecefiqwl.mp4,0.9751650094985962
gfehstjqdf.mp4,0.08337707072496414
gffszagmvi.mp4,0.9860978722572327
gfhkekkrqo.mp4,0.9887137413024902
gfhrlnlmja.mp4,0.9897223114967346
gfikyugpkq.mp4,0.150546595454216
gfjtkzoama.mp4,0.7980498671531677
gfkbdgzcwp.mp4,0.9775737524032593
gfksrieyhs.mp4,0.9688764214515686
gflhlvhqyl.mp4,0.11587808281183243
gfloefwszv.mp4,0.945591926574707
gflpvwmxnp.mp4,0.9893484711647034
gfluyuhrwh.mp4,0.8227508068084717
gfmeutlfzy.mp4,0.9879356622695923
gfmqlukrho.mp4,0.9424856305122375
gfmtfdcecc.mp4,0.9467877745628357
gfnluvggfr.mp4,0.6363486051559448
gfnogmttzx.mp4,0.3422161936759949
gfnolbzyzb.mp4,0.8190984129905701
gfnxzjcmsi.mp4,0.9539505839347839
gfnyxvxkjn.mp4,0.9853411912918091
gfpjefyext.mp4,0.1080855205655098
gfpnrxnpfl.mp4,0.9900000095367432
gfpqtrphql.mp4,0.48379087448120117
gfqtcgrchy.mp4,0.9886869192123413
gfrpokslat.mp4,0.9868484139442444
gfrqcbyfzu.mp4,0.1102864220738411
gfruxwvrun.mp4,0.979720950126648
gfryibbugx.mp4,0.3575834631919861
gfsfubmefw.mp4,0.9877381324768066
gfsqwdiuca.mp4,0.9877625703811646
gfsxrnrsmh.mp4,0.9834467172622681
gftjxemklb.mp4,0.09274477511644363
gftnimdbet.mp4,0.5915271043777466
gfvfxjsbzk.mp4,0.9873587489128113
gfvntlfocz.mp4,0.9880391359329224
gfvscfsgcz.mp4,0.7065131664276123
gfvubnkpwg.mp4,0.8582558631896973
gfvvtsfyqw.mp4,0.7121129035949707
gfvwixsfok.mp4,0.9873502254486084
gfwgmmwylo.mp4,0.29906129837036133
gfwkutmilw.mp4,0.8694325685501099
gfwkvaxemc.mp4,0.8359123468399048
gfwuebiijb.mp4,0.9663392305374146
gfxfgqgeda.mp4,0.8952744007110596
gfxgutbdbg.mp4,0.98771071434021
gfxkhsgbwm.mp4,0.12885373830795288
gfxnuidfgl.mp4,0.6235712170600891
gfxugcttnb.mp4,0.9822242856025696
gfxvabsczy.mp4,0.9899876713752747
gfxylnastd.mp4,0.8830626606941223
gfybtjkgux.mp4,0.860166609287262
gfylkbyaub.mp4,0.8947993516921997
gfzhgkonqc.mp4,0.9899999499320984
gfztiqsgak.mp4,0.9880070686340332
ggaqhnyqeh.mp4,0.9871494770050049
ggauoquwzr.mp4,0.9771690368652344
ggbxcxlmpa.mp4,0.10415935516357422
ggczqvwflj.mp4,0.9784784913063049
ggdlojhunz.mp4,0.0957152247428894
ggeznaevle.mp4,0.6673210859298706
ggfffumvgm.mp4,0.8607915639877319
ggfjeqqkve.mp4,0.9900001287460327
ggfumkidhc.mp4,0.952072262763977
gggefkrjgw.mp4,0.1760711669921875
gggprdifcs.mp4,0.9830889701843262
ggikzpyiuh.mp4,0.9655567407608032
ggipmoifjz.mp4,0.334698885679245
ggiqapvqqb.mp4,0.9863281846046448
ggirmwcnvt.mp4,0.9797930717468262
ggixlxkzqj.mp4,0.5
ggjoiareel.mp4,0.9802122712135315
ggjotynsyj.mp4,0.9823822975158691
ggkanvgvud.mp4,0.9894314408302307
ggknbwmbci.mp4,0.974019467830658
ggkqxiafij.mp4,0.7521892786026001
gglgculrjf.mp4,0.9875776171684265
gglmogiyph.mp4,0.9867706298828125
gglpvgilzq.mp4,0.9897850155830383
ggmcepsdne.mp4,0.9869057536125183
ggnirqyiwl.mp4,0.9790698885917664
ggnpdozstl.mp4,0.8403523564338684
ggodqsjxiy.mp4,0.9768670797348022
ggpfchdgjx.mp4,0.4999431371688843
ggprhtkjyo.mp4,0.9277036786079407
ggpuxwhpri.mp4,0.6118470430374146
ggrcbforax.mp4,0.8203718662261963
ggrxjcllnh.mp4,0.23548199236392975
ggryyavspl.mp4,0.14892016351222992
ggsffylodm.mp4,0.2712453305721283
ggszlsmtzr.mp4,0.9892293810844421
ggtkryypyq.mp4,0.8961592316627502
ggtskzavxn.mp4,0.7737938165664673
ggtwbjkxic.mp4,0.10705859214067459
ggueyqbwdc.mp4,0.9468081593513489
gguhazxafh.mp4,0.9269094467163086
ggwmjfhixc.mp4,0.9729436635971069
ggwxcsfecd.mp4,0.9111663699150085
ggxeqmluxk.mp4,0.9899998903274536
ggxnoktlbx.mp4,0.9742552638053894
ggxrftsibq.mp4,0.9705126881599426
ggxtqzicfv.mp4,0.9821630120277405
ggyaqmukyz.mp4,0.8308409452438354
ggyywqwgfa.mp4,0.7459750771522522
ggzdsgkynq.mp4,0.9005484580993652
ggzkujqned.mp4,0.9756793975830078
ghaaghrpfp.mp4,0.8959558606147766
ghacquqxvk.mp4,0.8841778039932251
ghaztjdokh.mp4,0.9896532297134399
ghbdaznixj.mp4,0.9867175817489624
ghbqrfvxyy.mp4,0.9394027590751648
ghbuegqmde.mp4,0.9540241956710815
ghccalazpw.mp4,0.9792215824127197
ghcekqgunn.mp4,0.9736343622207642
ghcudkoxwm.mp4,0.9675891995429993
ghdiqahfhm.mp4,0.9895052313804626
ghducagiqq.mp4,0.1876782476902008
ghdzkyckfg.mp4,0.8929889798164368
ghejgqfcqo.mp4,0.9526792764663696
ghemhaebio.mp4,0.4458712935447693
gheozjcomi.mp4,0.15790218114852905
gheuivvcfb.mp4,0.984503448009491
ghevcqpcur.mp4,0.15118259191513062
ghfplztvht.mp4,0.9433016180992126
ghfsyhxlpe.mp4,0.142891064286232
ghgdaoqfpk.mp4,0.9040741324424744
ghhgukmjbw.mp4,0.40059658885002136
ghhqnjnzjr.mp4,0.7579324245452881
ghhusaytrg.mp4,0.9693758487701416
ghjgyogfmw.mp4,0.9888599514961243
ghkjkvbqpx.mp4,0.9471560120582581
ghmansehag.mp4,0.9149506092071533
ghmdirbfiz.mp4,0.9128299951553345
ghnkqqegld.mp4,0.9884516596794128
ghocibrroi.mp4,0.8724952340126038
ghofdqlnjz.mp4,0.13121671974658966
ghpzlzqjdt.mp4,0.9900000691413879
ghqcuwnvwu.mp4,0.9275410771369934
ghqepbcmgb.mp4,0.9359923601150513
ghquawtnge.mp4,0.9894473552703857
ghsfbvgpeu.mp4,0.9884876012802124
ghtidwbjzm.mp4,0.16878408193588257
ghtngvjjyb.mp4,0.6964465379714966
ghtzjwvato.mp4,0.9839189648628235
ghufymcgox.mp4,0.9121997356414795
ghurwsplvw.mp4,0.16368961334228516
ghvemfqfjw.mp4,0.9735252857208252
ghvoszafzz.mp4,0.8098974227905273
ghvrhygweg.mp4,0.9826629757881165
ghwdlytvcp.mp4,0.08730106055736542
ghwfbvheob.mp4,0.22763632237911224
ghwlogkoic.mp4,0.936061680316925
ghxkoghced.mp4,0.9756317138671875
ghxtavbzwn.mp4,0.9679396152496338
ghxzsygiou.mp4,0.9866799712181091
ghydpthmab.mp4,0.9836873412132263
ghyqfwpdsy.mp4,0.1750650703907013
ghysqipxsg.mp4,0.18543489277362823
ghyxplmidg.mp4,0.8283975720405579
ghzndbmaxd.mp4,0.7758289575576782
gicfnusnlu.mp4,0.9551562070846558
gicqpeyqxs.mp4,0.9869985580444336
gidecugryj.mp4,0.9599732160568237
gidgefyeda.mp4,0.9867713451385498
gidxwntcpc.mp4,0.959748387336731
gieeufulqu.mp4,0.9200949668884277
gifhnfuehc.mp4,0.9762036800384521
gifuxzdctf.mp4,0.9863508939743042
giglesjcgp.mp4,0.9369388818740845
gigpsuvprx.mp4,0.9900000095367432
gihchuwvgk.mp4,0.2143229991197586
gihkwuicag.mp4,0.20629262924194336
giifpbniet.mp4,0.11587226390838623
giiyrvgxow.mp4,0.9899998903274536
gijoffsifw.mp4,0.5440484881401062
gijpcntrct.mp4,0.9219964742660522
gijxbirvek.mp4,0.6280142664909363
gikewntjco.mp4,0.9157876968383789
gikmxcttwc.mp4,0.3231227695941925
giktkmgmhk.mp4,0.965151846408844
gikvndheth.mp4,0.9834765791893005
gikyszehvz.mp4,0.12682491540908813
gilrccufxa.mp4,0.9147653579711914
giltcfzgll.mp4,0.8391289114952087
gimvvkhqyi.mp4,0.7388038039207458
gimzgukfzj.mp4,0.9899972677230835
gingvkhmlk.mp4,0.9857799410820007
giodglqpmb.mp4,0.9505842924118042
giolodnzfy.mp4,0.8482164144515991
giolphechf.mp4,0.6058752536773682
giookzwddi.mp4,0.9392626285552979
gipcvghjiy.mp4,0.9209681153297424
giqiwbgyta.mp4,0.9871191382408142
giqpgpcnaz.mp4,0.9205856919288635
girdwtjwsr.mp4,0.540553629398346
girejtgmau.mp4,0.952832043170929
gisdkkmmzv.mp4,0.9899230599403381
gistqrdixw.mp4,0.47945940494537354
gisyqwestz.mp4,0.13876260817050934
gitefceugq.mp4,0.9900000095367432
githmjsfmx.mp4,0.9588723182678223
gitiljsfye.mp4,0.9896722435951233
gitkrmxuyy.mp4,0.44280096888542175
gitzqrhmqk.mp4,0.8131014704704285
giunujatma.mp4,0.9353615641593933
giuymhlbyo.mp4,0.9878019690513611
givncjvgwa.mp4,0.9898399114608765
giwjazktru.mp4,0.975049614906311
giwyisyggg.mp4,0.9640176892280579
gixdxjcfoo.mp4,0.9890096187591553
gixreeumkk.mp4,0.22456640005111694
giymbyjqgv.mp4,0.9827779531478882
giyqwoixhf.mp4,0.9787856936454773
giyrmesary.mp4,0.8220751285552979
gizglcxnyj.mp4,0.9541296362876892
gizhkoazgo.mp4,0.9768972396850586
gjakvggxai.mp4,0.8984468579292297
gjanedngde.mp4,0.9468189477920532
gjarvidhvr.mp4,0.09212746471166611
gjawiqxpca.mp4,0.9274025559425354
gjcvhdeciv.mp4,0.9127450585365295
gjdkrqtaze.mp4,0.9226589202880859
gjdydmipbr.mp4,0.9250230193138123
gjewehvqaz.mp4,0.9802044034004211
gjgrdqbvgi.mp4,0.9687973260879517
gjjfnlhmid.mp4,0.9899998903274536
gjjhjqlxuz.mp4,0.9272313714027405
gjjkfoedrj.mp4,0.9762601256370544
gjkltyiztd.mp4,0.13293801248073578
gjkxiicoti.mp4,0.10621132701635361
gjlkjqjydy.mp4,0.9896984100341797
gjlmodbnve.mp4,0.9422101974487305
gjlybpbmjp.mp4,0.8381804823875427
gjnbeezbbl.mp4,0.9804394245147705
gjogakckau.mp4,0.9875378012657166
gjprzaslhz.mp4,0.8538513779640198
gjrddhgogi.mp4,0.9900000691413879
gjrhxmdgih.mp4,0.9706308245658875
gjrkpbhyvs.mp4,0.942784309387207
gjrvzvuvty.mp4,0.9859426021575928
gjshfuzqtc.mp4,0.968713641166687
gjspakhxem.mp4,0.8974317312240601
gjtjluifwf.mp4,0.9819137454032898
gjtlexrvrj.mp4,0.9862314462661743
gjtsqbtrvy.mp4,0.9893704652786255
gjvhyjlskk.mp4,0.26651614904403687
gjxbuydeyq.mp4,0.94669508934021
gjxnrwjxwe.mp4,0.08080386370420456
gjxujhvkyc.mp4,0.08372794836759567
gjxznmarpw.mp4,0.5962584018707275
gjydlhcrtn.mp4,0.3707394301891327
gjygvvuiir.mp4,0.9738178253173828
gjykivrdye.mp4,0.9900000691413879
gjylqsqjiu.mp4,0.9643369913101196
gjyxjhuniu.mp4,0.9897894859313965
gjzdquoeml.mp4,0.9524013996124268
gkajumkvor.mp4,0.9625208377838135
gkaocherbx.mp4,0.9776912331581116
gkbbngtnfk.mp4,0.8538418412208557
gkbiiuwvjd.mp4,0.9589670896530151
gkcvudlqfs.mp4,0.9794732332229614
gkdfuoelbe.mp4,0.9899998903274536
gkeamhtzwn.mp4,0.9888484477996826
gkeltqtvwx.mp4,0.6585627198219299
gkeubyechu.mp4,0.9827867150306702
gkfijcojhc.mp4,0.9792236685752869
gkfpevwyvc.mp4,0.9900000691413879
gkfqqdebfa.mp4,0.674479067325592
gkgvdjcemx.mp4,0.8441259264945984
gkgyfndrxx.mp4,0.988923192024231
gkhgmuqxxz.mp4,0.9899802207946777
gkhwrqguzw.mp4,0.5653526186943054
gkijftelpw.mp4,0.9760224223136902
gkijjgjxhl.mp4,0.9749118685722351
gkijkojxnc.mp4,0.9898383617401123
gkirrvqbxb.mp4,0.989842414855957
gkitkfybav.mp4,0.9899999499320984
gkjunbvrdy.mp4,0.9877646565437317
gkknsyqbnz.mp4,0.9115955829620361
gklbyicmvd.mp4,0.9899841547012329
gklemgduvi.mp4,0.9877418279647827
gklxpixbpo.mp4,0.9492767453193665
gkmnozivru.mp4,0.9568921327590942
gknntwuwab.mp4,0.9812142252922058
gkoaqihhfd.mp4,0.5
gkofdnbgfp.mp4,0.9900000095367432
gkohfnywjc.mp4,0.9882794618606567
gkozhhmcja.mp4,0.8678693175315857
gkppazyosa.mp4,0.9565784335136414
gkqbdncwxs.mp4,0.927841305732727
gkqckeiibc.mp4,0.6043601632118225
gkqqhnfaub.mp4,0.9784442186355591
gkrcgkujsn.mp4,0.9071866273880005
gkrecyncze.mp4,0.9278542399406433
gktdnuwcse.mp4,0.7732006907463074
gktgthkugb.mp4,0.1863086074590683
gkttkuzpsf.mp4,0.981764554977417
gkvibqzryk.mp4,0.9322119951248169
gkvzwenjyo.mp4,0.989659309387207
gkxtsljexu.mp4,0.8469594120979309
gkyturuqoo.mp4,0.5047110319137573
gkyyhkskrp.mp4,0.9642152786254883
gladktygyb.mp4,0.9867379665374756
glbriatpsy.mp4,0.8808113932609558
glbwohdqpw.mp4,0.9868007302284241
glcifkjjkd.mp4,0.9452648758888245
glczoxommv.mp4,0.9788733720779419
gldpafckwo.mp4,0.1598733812570572
gldzguwfao.mp4,0.9531139731407166
gldzqnyvsf.mp4,0.9510270357131958
gleijkfzhr.mp4,0.972804844379425
glelsrgfhc.mp4,0.608903169631958
glelzwgywx.mp4,0.6549966335296631
gleoswxbhs.mp4,0.1744934469461441
gletajtyci.mp4,0.9510856866836548
glfwraejch.mp4,0.887073278427124
glfxhduvfw.mp4,0.7124431133270264
glgabqzauy.mp4,0.7795958518981934
glghscbqzn.mp4,0.8628635406494141
glgtvkvauu.mp4,0.3251713216304779
glhyxtaeeb.mp4,0.9502822756767273
glitjxdsfr.mp4,0.1086617261171341
gljinzhrsf.mp4,0.418000727891922
gljombycln.mp4,0.7868318557739258
gljqwinsfi.mp4,0.8597550392150879
glkbrtaulh.mp4,0.9882296323776245
glkdsbtlgk.mp4,0.9761379361152649
glklbmhyzf.mp4,0.6555835604667664
glktymezzc.mp4,0.6551309823989868
gllddnvpzj.mp4,0.9753708243370056
gllmnlshoz.mp4,0.987837553024292
glqkwwcqcc.mp4,0.8668377995491028
glqxarhiyy.mp4,0.7764972448348999
glsgrjerme.mp4,0.7475813031196594
glshmsgdyw.mp4,0.13686703145503998
glsmblqnoq.mp4,0.22956140339374542
glsvewykpx.mp4,0.9573579430580139
gltpndcohp.mp4,0.35827016830444336
gltqqbpzvw.mp4,0.9085070490837097
gltqydksgm.mp4,0.9745467901229858
glttzneqaz.mp4,0.9478232264518738
gluehynqep.mp4,0.19876377284526825
glvdukqcbn.mp4,0.4576052725315094
glviwluzaj.mp4,0.9668442606925964
glvkhhypqd.mp4,0.8927626013755798
glvoqorkrv.mp4,0.9872844219207764
glwdynujsy.mp4,0.9487792253494263
glwjrjujgy.mp4,0.9163344502449036
glwqttmmwj.mp4,0.660409688949585
glxfafqbcf.mp4,0.15288087725639343
glxfpjrhgp.mp4,0.5
glxxogdths.mp4,0.4429929554462433
glybskgdcu.mp4,0.20127947628498077
glzgcpyqwy.mp4,0.9446271061897278
glzvljduyb.mp4,0.9025858044624329
glzyifzrql.mp4,0.9816228151321411
gmailgyenl.mp4,0.9831523895263672
gmbckelbzp.mp4,0.1063234955072403
gmbecsekgn.mp4,0.9875704050064087
gmbquvqqug.mp4,0.8757318258285522
gmbrpbouck.mp4,0.2149350494146347
gmcdkyfnni.mp4,0.9860791563987732
gmchknuzqb.mp4,0.9615293741226196
gmcvyrferj.mp4,0.9862294793128967
gmdaxsmoou.mp4,0.989389181137085
gmdbtfctmt.mp4,0.9900000095367432
gmduiwbari.mp4,0.7070987820625305
gmeokgnnmc.mp4,0.982080340385437
gmepmwcgwg.mp4,0.13584107160568237
gmfoegsoft.mp4,0.9590526223182678
gmfomzcsgg.mp4,0.9359375238418579
gmfowavzuz.mp4,0.08643399178981781
gmhosclfho.mp4,0.8866081237792969
gmhppivyji.mp4,0.14325128495693207
gmhrvpxpus.mp4,0.18352152407169342
gmhtuubbqm.mp4,0.9270713329315186
gmibtribcc.mp4,0.8023191690444946
gmjdbyqspe.mp4,0.2035762369632721
gmjkxvhymr.mp4,0.9860468506813049
gmlnotxixn.mp4,0.10463294386863708
gmlqsrwrrj.mp4,0.9849822521209717
gmlsawyjgk.mp4,0.9899999499320984
gmmhjyxtsv.mp4,0.9848302006721497
gmmzkdhnbd.mp4,0.19432838261127472
gmofyywabx.mp4,0.9895965456962585
gmormxdytr.mp4,0.9585387706756592
gmqlnajrdc.mp4,0.988456130027771
gmquwgwvtc.mp4,0.9818564057350159
gmrjnaeerk.mp4,0.985247015953064
gmrjrvdgos.mp4,0.6756258010864258
gmsukalbwi.mp4,0.9869946241378784
gmtvecxqrw.mp4,0.9807391166687012
gmtztejgry.mp4,0.9751675128936768
gmuagvvcen.mp4,0.9682359099388123
gmutlcetxb.mp4,0.9203323125839233
gmvpkfnjfl.mp4,0.9894870519638062
gmvzcaublc.mp4,0.9756532311439514
gmwopipxqu.mp4,0.8640357851982117
gmxxdslvif.mp4,0.24998070299625397
gmyidmmfrj.mp4,0.9885503649711609
gmyvfdvwau.mp4,0.7112478017807007
gmzkpcetns.mp4,0.9520596265792847
gmzzfzvyvx.mp4,0.988739013671875
gnabjjaova.mp4,0.1545962691307068
gnbjmbjicv.mp4,0.9821425080299377
gnbuzqstcf.mp4,0.9896305203437805
gndusfksku.mp4,0.989463746547699
gndwznamgn.mp4,0.9896913170814514
gnedjegvun.mp4,0.8420279622077942
gneeoltznu.mp4,0.20899701118469238
gnehbqolrz.mp4,0.8514528274536133
gneufjmjne.mp4,0.840962827205658
gngbromgln.mp4,0.8966155052185059
gnghsiaxkc.mp4,0.9858577847480774
gnhlropodn.mp4,0.9570686221122742
gnhowvgdvg.mp4,0.9636078476905823
gnhptuzmfn.mp4,0.98988276720047
gnjavhtgdp.mp4,0.9900000691413879
gnkorwgvuy.mp4,0.9832706451416016
gnlkthxfjf.mp4,0.19173049926757812
gnlxmgjjof.mp4,0.5
gnnmuhkxyy.mp4,0.2026776671409607
gnnuktzwwy.mp4,0.871592104434967
gnnyscxrzi.mp4,0.9900000691413879
gnosbljutd.mp4,0.7830156683921814
gnpzknyuih.mp4,0.876110315322876
gnquanigrd.mp4,0.6978969573974609
gnqzqyjwrj.mp4,0.9686091542243958
gnrgjaxhtl.mp4,0.9640739560127258
gnrwdaogqh.mp4,0.2750345468521118
gnrwnpmurn.mp4,0.7696496248245239
gnryvymosi.mp4,0.9690975546836853
gnslcjmktc.mp4,0.9710668921470642
gnsmmehuhb.mp4,0.9895575046539307
gntviyxvhb.mp4,0.8912385106086731
gnulzsscvk.mp4,0.9730972051620483
gnvgrskdwd.mp4,0.9453813433647156
gnwqvktwib.mp4,0.9844386577606201
gnwstnficr.mp4,0.9767153263092041
gnycafppzz.mp4,0.6052365899085999
gnyecttszz.mp4,0.8848239183425903
gnyobtyjls.mp4,0.9867459535598755
gnyqkorxmh.mp4,0.9537140130996704
gnytcpethj.mp4,0.9855476021766663
gnytikpmnm.mp4,0.506449818611145
gnzapjfnhr.mp4,0.9663841128349304
gnzxhnndci.mp4,0.9863415360450745
goaguxqpdo.mp4,0.44436538219451904
goardbrdyd.mp4,0.9496161937713623
gobvfbczxj.mp4,0.8235957622528076
goclebfgcj.mp4,0.9074805378913879
gocrdvihos.mp4,0.14127284288406372
gocuxhyybk.mp4,0.951164960861206
godmopteom.mp4,0.9443387985229492
godpfnlizl.mp4,0.9847956895828247
godzfxciyw.mp4,0.9771999716758728
goekzadjqz.mp4,0.9879932999610901
goenfduqug.mp4,0.19639332592487335
goetaanbkq.mp4,0.9178439378738403
gofbphjonb.mp4,0.8232108354568481
gofdngllac.mp4,0.9898936748504639
gofqhmrhtg.mp4,0.9899316430091858
gofybzkrli.mp4,0.8530279397964478
gogntctftc.mp4,0.9841164946556091
gogqihhrvj.mp4,0.9648064374923706
gohxysgjzw.mp4,0.9896948337554932
gohzxhoazl.mp4,0.9864271879196167
goicfjmmqd.mp4,0.9784740805625916
gojrmpwuns.mp4,0.8883854746818542
gojtqqxkca.mp4,0.9852274060249329
goktxzixxx.mp4,0.8562307953834534
gokvbpxind.mp4,0.9894930124282837
golajpxixu.mp4,0.9486785531044006
goltqpoduh.mp4,0.9209275841712952
golysrbdyn.mp4,0.10005690902471542
gomjwlutwd.mp4,0.8986911773681641
gommeywkvt.mp4,0.9558477997779846
gomqkftobw.mp4,0.9378743767738342
gomtogkuli.mp4,0.9679057598114014
goolpwftkw.mp4,0.6300126314163208
gopoxulzbz.mp4,0.1483425498008728
goqderzmlr.mp4,0.9897796511650085
goqdzibgdz.mp4,0.909421980381012
goqhyebxyl.mp4,0.9888340830802917
goqpmmcgdv.mp4,0.9530805349349976
goqwvuyzpy.mp4,0.8083739876747131
gosdbxyxfd.mp4,0.956763744354248
gosjaaazhp.mp4,0.9705651998519897
goslgrsaer.mp4,0.1380995362997055
gotattltdg.mp4,0.440030038356781
gotilrinkh.mp4,0.9657809734344482
gouxvhsmgr.mp4,0.5927835702896118
gouzvhlvki.mp4,0.8379289507865906
govjvzfbcj.mp4,0.9880000948905945
govoedqwdv.mp4,0.0809466689825058
govwgycgfx.mp4,0.1461828500032425
gowkpdogel.mp4,0.8226920366287231
goyentrszm.mp4,0.9614414572715759
goyqbxelji.mp4,0.9898359179496765
gozsesxenh.mp4,0.9726067781448364
gozymnihsb.mp4,0.9883785247802734
gpaqoqegbn.mp4,0.14272870123386383
gpbevocdvn.mp4,0.8771781921386719
gpbngfqtno.mp4,0.9875913858413696
gpbwpjgngy.mp4,0.9900001287460327
gpclcokcfx.mp4,0.7595429420471191
gpctpannwt.mp4,0.8918225765228271
gpdhmwfxnn.mp4,0.690873920917511
gpegjnzdfz.mp4,0.46340808272361755
gpenoneeqf.mp4,0.1645812839269638
gpexqhcedq.mp4,0.9852456450462341
gpgbkevjrb.mp4,0.25385424494743347
gpgtncumzj.mp4,0.9899998903274536
gpgubeivem.mp4,0.4674157500267029
gphdyisiot.mp4,0.16537314653396606
gphegnhvqj.mp4,0.35202863812446594
gphrluouye.mp4,0.9726215600967407
gphwezuwrb.mp4,0.3349810540676117
gpieyudqze.mp4,0.9762080907821655
gpipuocgfq.mp4,0.9869793057441711
gpjfundste.mp4,0.47616782784461975
gpjwbkelnm.mp4,0.7338825464248657
gpjyutpeib.mp4,0.9821505546569824
gpktstikwh.mp4,0.6547440886497498
gplcznqznv.mp4,0.6237082481384277
gpldedgawp.mp4,0.9536279439926147
gplyturbmn.mp4,0.8824599385261536
gpnaqdqwqn.mp4,0.989590048789978
gpnnxqxwze.mp4,0.9841901659965515
gpolwqideg.mp4,0.9330527782440186
gpoummlawi.mp4,0.9900001287460327
gppsgbqjhr.mp4,0.8459445238113403
gppwxisrdc.mp4,0.9839282035827637
gpqlfejyna.mp4,0.8742157220840454
gpqvcwoenr.mp4,0.629709780216217
gprmemqqif.mp4,0.6552217602729797
gprvjgqraz.mp4,0.9890984892845154
gprwzinlpd.mp4,0.15446704626083374
gprxsfwfkc.mp4,0.9748138189315796
gpsqelalbp.mp4,0.11043194681406021
gpsqqpfkdy.mp4,0.9569933414459229
gptcvmbcqo.mp4,0.9898831248283386
gpuciydhjt.mp4,0.18930166959762573
gpuspwfxfl.mp4,0.9161309599876404
gpvwsfexwp.mp4,0.9733067154884338
gpwllvbhtm.mp4,0.9707505106925964
gpwufippaw.mp4,0.9606739282608032
gpwzcdqrwb.mp4,0.9900000691413879
gpxbzuuekd.mp4,0.98687744140625
gpxtwpeski.mp4,0.1847628951072693
gpyetootnv.mp4,0.960482656955719
gpzvmkrzgp.mp4,0.1115003153681755
gpzyphbuiq.mp4,0.9885520935058594
gqaybjiybn.mp4,0.9128178954124451
gqbelxwffi.mp4,0.3421553671360016
gqbraaobou.mp4,0.8461786508560181
gqbzlzztkw.mp4,0.9829446077346802
gqcruneneb.mp4,0.9900000095367432
gqdahxdfxi.mp4,0.9570670127868652
gqdcfaicrl.mp4,0.8727351427078247
gqeynbcxkt.mp4,0.9834099411964417
gqfqalokpc.mp4,0.983860433101654
gqgtmhrmxe.mp4,0.1487804353237152
gqhggniyqk.mp4,0.42673540115356445
gqhmedrcky.mp4,0.9807271957397461
gqikxmwgcc.mp4,0.9899999499320984
gqimawahvr.mp4,0.722264289855957
gqinsedysp.mp4,0.9899999499320984
gqiwjxefzm.mp4,0.9019608497619629
gqkajbhkof.mp4,0.980110228061676
gqlajpyklv.mp4,0.17835171520709991
gqlfqtmmxn.mp4,0.7732963562011719
gqlqikaara.mp4,0.9618130326271057
gqlvahrghg.mp4,0.9691659808158875
gqmkuyvpdv.mp4,0.928559422492981
gqndefmvai.mp4,0.8584492802619934
gqnpffuryh.mp4,0.9685733318328857
gqnudphymq.mp4,0.8950520753860474
gqnwgfbkzu.mp4,0.9781781435012817
gqnylcoyuu.mp4,0.7197191715240479
gqobzkvpep.mp4,0.9399311542510986
gqonceccpe.mp4,0.8778558969497681
gqopkqbkfc.mp4,0.9893741607666016
gqpayiddqv.mp4,0.1642698347568512
gqpjtmozqb.mp4,0.8842640519142151
gqpmcwawlo.mp4,0.9237189292907715
gqqwhprmmg.mp4,0.9871805906295776
gqrawigxvq.mp4,0.9521443247795105
gqriktodch.mp4,0.9699432849884033
gqrwddkzts.mp4,0.8195120692253113
gqsxnpltxr.mp4,0.9828686118125916
gqtmtpyvka.mp4,0.8361594080924988
gqtuvbqpsq.mp4,0.253449410200119
gqubsjszxz.mp4,0.9900000691413879
gqugaumrhz.mp4,0.06077147647738457
gqvaukdpwf.mp4,0.21800385415554047
gqvhfslswt.mp4,0.6454599499702454
gqvwimfpsc.mp4,0.9792324304580688
gqvxiqyivr.mp4,0.9347882270812988
gqwdkieboo.mp4,0.7893256545066833
gqwgdjqnmj.mp4,0.9624047875404358
gqwieprwei.mp4,0.8054443001747131
gqxlxuohui.mp4,0.13156616687774658
gqxmkawnqx.mp4,0.12986914813518524
gqxmvibpbl.mp4,0.22708778083324432
gqxqqodwql.mp4,0.9832282662391663
gqydkbnsxs.mp4,0.9622009992599487
gqyhsojmrv.mp4,0.9896227717399597
gqyrggbsdy.mp4,0.6223456263542175
gqzeunnauo.mp4,0.97062748670578
gqzfzqemdg.mp4,0.9885861277580261
gqzgsjhuem.mp4,0.9809074997901917
gqzltruesu.mp4,0.7141039371490479
gqzluogxga.mp4,0.9554253220558167
gqzmitvnil.mp4,0.8146905303001404
gqzpstkfoy.mp4,0.7388038635253906
gqzvxlnszl.mp4,0.9891942739486694
graaqioxxg.mp4,0.18837447464466095
graytfvzpa.mp4,0.9875408411026001
grcebccgmn.mp4,0.9771974086761475
grckidrcno.mp4,0.5269606113433838
grcrqhjtkp.mp4,0.9859758615493774
grcsdeaphd.mp4,0.48326292634010315
grdfjgrjnf.mp4,0.2033427208662033
grdqmwyyqg.mp4,0.9806699156761169
grgoqekefq.mp4,0.8400101661682129
grgtcqgenk.mp4,0.8076795935630798
grgwugperc.mp4,0.9823419451713562
grgytdeghx.mp4,0.40492749214172363
grgzrryeox.mp4,0.9772063493728638
grhovatoev.mp4,0.9701144695281982
grifwanjzn.mp4,0.6933526396751404
grihfvadlq.mp4,0.9872769117355347
grjlkuvjdb.mp4,0.9723234176635742
grjmbvjmtr.mp4,0.9900000095367432
grlpjauvzq.mp4,0.9731799364089966
grmlwkwdcl.mp4,0.9189568161964417
grmwnqgnpw.mp4,0.9002063870429993
groylurwmw.mp4,0.5297165513038635
grpiilvmlr.mp4,0.30501583218574524
grptyztvqt.mp4,0.6025626063346863
grqdeuyjno.mp4,0.9861356019973755
grqheonmvl.mp4,0.8048884868621826
grregntfio.mp4,0.9805395007133484
grrzxzptay.mp4,0.8977118134498596
grslroerqw.mp4,0.6232907176017761
grsslqidak.mp4,0.9820777177810669
gruwgoaxac.mp4,0.682863175868988
grvwhehnbv.mp4,0.9796120524406433
grwcxofqrx.mp4,0.8016230463981628
grxabtecyy.mp4,0.10697036236524582
grxlphstql.mp4,0.6546387672424316
grybcghwff.mp4,0.7202109098434448
gryesvnbgk.mp4,0.9540740251541138
gryjehjtpz.mp4,0.985382616519928
grzfncynvs.mp4,0.8370213508605957
grzlpkoinj.mp4,0.42196518182754517
grznenhqyo.mp4,0.9376333951950073
grzocblpqu.mp4,0.98460453748703
grzozxrpgq.mp4,0.9418216943740845
gsamcdsvpu.mp4,0.9894490838050842
gsdebkyxjy.mp4,0.17920218408107758
gsdeqqxsra.mp4,0.918268084526062
gseqcukgdx.mp4,0.26269426941871643
gsezfytakx.mp4,0.8285301923751831
gsgglgjlgm.mp4,0.7604995965957642
gshgzmqfid.mp4,0.17685958743095398
gsinaddbyd.mp4,0.9090595841407776
gsiowgsubl.mp4,0.9721364974975586
gsjtmupmyn.mp4,0.9634326100349426
gsjvxclchn.mp4,0.504144012928009
gskneuzeua.mp4,0.9815792441368103
gslkbdbmzw.mp4,0.9822434186935425
gsmcvnjygr.mp4,0.6467967629432678
gsmdxqdxdz.mp4,0.6511731743812561
gsmuzwzzhd.mp4,0.9760681390762329
gsnqvvauxc.mp4,0.989342987537384
gsolecscbm.mp4,0.25862985849380493
gsomzkioxq.mp4,0.8980634212493896
gsonsxkoib.mp4,0.9755666255950928
gsoustqnhm.mp4,0.11712168902158737
gspkzaeqxi.mp4,0.9494385719299316
gspmrngxra.mp4,0.9727736711502075
gspptumlth.mp4,0.30233678221702576
gsqepibeqs.mp4,0.9163779616355896
gsqjxejxuo.mp4,0.925935685634613
gsreldxplc.mp4,0.9724719524383545
gsrqbimmlr.mp4,0.5552757382392883
gsrtyhfpce.mp4,0.866762638092041
gstflwfliv.mp4,0.9899953603744507
gsurjeebwz.mp4,0.7447085976600647
gsvbqfdmzq.mp4,0.9900001287460327
gsvhbvufvu.mp4,0.979439914226532
gsviktqtsj.mp4,0.972418487071991
gsvnccxuzy.mp4,0.9852854609489441
gsvvtbcxik.mp4,0.9899522066116333
gswgzcqiav.mp4,0.27735045552253723
gswplrzgrl.mp4,0.9014865159988403
gswwmzzjhl.mp4,0.9100878238677979
gsxlolioxh.mp4,0.5704615712165833
gsyjiiflyp.mp4,0.9900000095367432
gsyttxitgj.mp4,0.9885255098342896
gsyuqlpdac.mp4,0.9760458469390869
gszezmtvth.mp4,0.670281708240509
gszgqnuzox.mp4,0.7217485308647156
gszkgixytj.mp4,0.5560821294784546
gtakjbzpjr.mp4,0.3718542158603668
gtawaprccv.mp4,0.985692024230957
gtazbanxdk.mp4,0.8961483836174011
gtbjejzsaf.mp4,0.13378439843654633
gtbjyhvpjl.mp4,0.9900000095367432
gtbmmjlyes.mp4,0.9619094729423523
gtbulzataa.mp4,0.7338410019874573
gtcqlfgves.mp4,0.9899999499320984
gtdjltklox.mp4,0.989372193813324
gteegjifpn.mp4,0.7949475049972534
gtehnsuwpf.mp4,0.9898293614387512
gtempuluqe.mp4,0.15276038646697998
gteyoegtwz.mp4,0.7164353728294373
gtfeygqlgd.mp4,0.9425370097160339
gtfpkooeab.mp4,0.9877675771713257
gtfqrajodf.mp4,0.8624775409698486
gtfydughgx.mp4,0.845368504524231
gtgjhateos.mp4,0.40505746006965637
gtglqdxsbl.mp4,0.9803235530853271
gtgnsdblos.mp4,0.8083054423332214
gtgtsreuso.mp4,0.7657126188278198
gthcuihaxs.mp4,0.1484157145023346
gthgmboyet.mp4,0.9900000095367432
gthvvygfcj.mp4,0.9899999499320984
gtiyrmrily.mp4,0.9597263932228088
gtjichhfwd.mp4,0.905022144317627
gtjqkjjkbv.mp4,0.9302855730056763
gtkdnbowjr.mp4,0.12649120390415192
gtkjgrkufy.mp4,0.9896962642669678
gtkrvhnjuz.mp4,0.650128960609436
gtksiofiwm.mp4,0.9182220697402954
gtlldwduek.mp4,0.9778851270675659
gtlqonbaur.mp4,0.7957801222801208
gtnobsfmmg.mp4,0.8194698691368103
gtnpqevfqh.mp4,0.20361272990703583
gtnprsrvpc.mp4,0.9659376740455627
gtohtrqukn.mp4,0.9863096475601196
gtotdtzxqz.mp4,0.9853782057762146
gtoxgbepyx.mp4,0.9602835178375244
gtpajvnljq.mp4,0.2453787922859192
gtpbqogpif.mp4,0.4373660385608673
gtqraqbdxd.mp4,0.926501452922821
gtrymxgptc.mp4,0.9900000691413879
gttcfnpbnd.mp4,0.8937006592750549
gttjnebniq.mp4,0.9898257851600647
gtuqynohfh.mp4,0.6662513017654419
gtvszqcyiu.mp4,0.3248792886734009
gtwgpgmxay.mp4,0.9826284646987915
gtwspzfcve.mp4,0.986479640007019
gtxzguuouj.mp4,0.6724365949630737
gtyvtbojpp.mp4,0.9243539571762085
guamkilhnt.mp4,0.6646221280097961
gucsgoyqes.mp4,0.9688138961791992
gudbaucusm.mp4,0.9241580367088318
gudniqrnda.mp4,0.9661647081375122
gudnqcenha.mp4,0.32716724276542664
gueccdqigw.mp4,0.9814429879188538
guemdthavy.mp4,0.18224604427814484
guezpomtrv.mp4,0.645066499710083
guffckbvby.mp4,0.9848856925964355
gufhvkutxh.mp4,0.8872274160385132
gugxmnqcuz.mp4,0.9712370038032532
guhbdgmemt.mp4,0.9828217625617981
guikinmnpm.mp4,0.9101453423500061
guipdaxnix.mp4,0.979344367980957
guiupvmbnj.mp4,0.2185734212398529
gujfmnwfsg.mp4,0.48158642649650574
gujzyphkky.mp4,0.9800205826759338
gukkdligzb.mp4,0.14097529649734497
guligiuqch.mp4,0.6688266396522522
gumcnhxhju.mp4,0.9815370440483093
gumgtfoblf.mp4,0.9898305535316467
gumjimknrf.mp4,0.9054213762283325
gumuvrnmnw.mp4,0.9876201748847961
gunswjvcre.mp4,0.9899999499320984
gunuuztaxd.mp4,0.3023794889450073
gunvgbbxht.mp4,0.9887527227401733
guorqioozw.mp4,0.9866481423377991
guoubqfpam.mp4,0.9792887568473816
guougkebbc.mp4,0.9845269918441772
guoxrfrcjl.mp4,0.8148573040962219
gupfxsxboj.mp4,0.11592534929513931
guplchrlzb.mp4,0.8640788793563843
gupsvszzkb.mp4,0.11505568027496338
gupwexfkmw.mp4,0.11825289577245712
gupyznzzsg.mp4,0.6804882884025574
gureoksscs.mp4,0.8445384502410889
gurgzgaapw.mp4,0.9610318541526794
gusmunifrj.mp4,0.9044166207313538
guthddbqij.mp4,0.8641850352287292
gutmvovhsj.mp4,0.989242672920227
gutujxzrwz.mp4,0.9900000691413879
gutukjzyfq.mp4,0.9878183603286743
guunxrhwrd.mp4,0.7875339388847351
guvcexkwdz.mp4,0.9291358590126038
guvptbqgrj.mp4,0.8700787425041199
guvtadxsbd.mp4,0.899253785610199
guwqwhnpzx.mp4,0.9820601344108582
guxqzghrat.mp4,0.9735828042030334
guxzdbakef.mp4,0.8694115877151489
guycctasoq.mp4,0.9835209846496582
guymqchfwo.mp4,0.9899370670318604
guytsqxffo.mp4,0.9826172590255737
guyytkpebp.mp4,0.9136932492256165
guzkiukrgs.mp4,0.9676819443702698
gvakjgsafd.mp4,0.11949152499437332
gvasdexmhe.mp4,0.9899645447731018
gvbbunnuat.mp4,0.9859352707862854
gvbhzwgszk.mp4,0.9211174249649048
gvbrxjqgaz.mp4,0.9890636801719666
gvcqqdwswv.mp4,0.9621518850326538
gvcvgscwwp.mp4,0.7622421979904175
gvcwrbcqdd.mp4,0.9503691792488098
gvdddfgpuv.mp4,0.9876818656921387
gvdlijoszh.mp4,0.9885398745536804
gvdqdduzkm.mp4,0.9700994491577148
gvdzbvkrlf.mp4,0.9242562055587769
gvejaseods.mp4,0.9338676929473877
gvekoglrgx.mp4,0.8620321750640869
gvelqlpjlg.mp4,0.9325776696205139
gvfblfpwca.mp4,0.9900000691413879
gvfvpjomcj.mp4,0.9750949144363403
gvgajrzeed.mp4,0.8642673492431641
gvgxwfdoif.mp4,0.9894506335258484
gvhvwnyqhp.mp4,0.9867975115776062
gvihoaswnr.mp4,0.9692571759223938
gvjesqmidg.mp4,0.8516730666160583
gvjmebnzzt.mp4,0.9794005155563354
gvkshqoaoc.mp4,0.30452677607536316
gvktgluynt.mp4,0.9744296669960022
gvlagxnnyh.mp4,0.3806265890598297
gvlczlcpmq.mp4,0.19235680997371674
gvlegsuxrg.mp4,0.9900000691413879
gvlsustfbo.mp4,0.9894302487373352
gvlswvktmc.mp4,0.9831595420837402
gvmfxvenfz.mp4,0.9613239169120789
gvmmfnzgbq.mp4,0.9894745945930481
gvmuanyslh.mp4,0.7450596690177917
gvnikaiiur.mp4,0.9326033592224121
gvnjgfmlvx.mp4,0.5986958742141724
gvoovcgcbs.mp4,0.8943309187889099
gvooygdutl.mp4,0.5887666940689087
gvoppdyhiw.mp4,0.3625517785549164
gvqnyftnqr.mp4,0.18239395320415497
gvqtcevzuo.mp4,0.9900000095367432
gvqtciuapu.mp4,0.13977313041687012
gvqtnedfso.mp4,0.9818551540374756
gvrsulnkqu.mp4,0.653279185295105
gvrtvflyup.mp4,0.06251811236143112
gvsnktlqne.mp4,0.9871488213539124
gvswyialmf.mp4,0.22140644490718842
gvugievkqg.mp4,0.5248035788536072
gvuknosmbn.mp4,0.9095184206962585
gvvhegkoiz.mp4,0.9900001287460327
gvvtqekgnn.mp4,0.9900000095367432
gvwsbshbuz.mp4,0.9898513555526733
gvxermtjav.mp4,0.14928844571113586
gvxubmogmp.mp4,0.1520443707704544
gvxxuwvfmx.mp4,0.9702461957931519
gvyjskpsbn.mp4,0.9561711549758911
gvyvbdlfap.mp4,0.8792482614517212
gvyzmvvvst.mp4,0.9332481622695923
gvzhautbsl.mp4,0.06429746001958847
gvzpnjrjdr.mp4,0.15258687734603882
gwadlivyoy.mp4,0.9073289036750793
gwaoeruqxm.mp4,0.987954318523407
gwauxumrmi.mp4,0.9841023087501526
gwazpgohym.mp4,0.9900000691413879
gwbqirmhfs.mp4,0.9194798469543457
gwbtfherju.mp4,0.9842514395713806
gwcackkeyx.mp4,0.9723992943763733
gwcngswmpj.mp4,0.9696320295333862
gwdgaxgtbf.mp4,0.15503458678722382
gweqqjwlxg.mp4,0.14868314564228058
gwfnjzzqju.mp4,0.983030378818512
gwfplwjvqk.mp4,0.9900000095367432
gwfykhtnqd.mp4,0.9714823961257935
gwfzxvjjaw.mp4,0.8690775632858276
gwgqpoaben.mp4,0.22094503045082092
gwhdmjsjlp.mp4,0.3105080723762512
gwihhlwtiq.mp4,0.1394999921321869
gwivrmiros.mp4,0.917699933052063
gwjdnxefon.mp4,0.15337887406349182
gwjgjuzzsp.mp4,0.9661914110183716
gwjhwktqmz.mp4,0.9890736937522888
gwjvucdwox.mp4,0.29155629873275757
gwjygmdcca.mp4,0.981766939163208
gwkspxiopk.mp4,0.9659183621406555
gwkxazzmmr.mp4,0.14702539145946503
gwldjrjahk.mp4,0.9794062376022339
gwmbvteaor.mp4,0.8086270689964294
gwmolehgvj.mp4,0.941413402557373
gwmpjvzjug.mp4,0.8140261173248291
gwnaxtndii.mp4,0.9544474482536316
gwnwppscuf.mp4,0.485126793384552
gwopodktyx.mp4,0.9092025756835938
gwpanglzbd.mp4,0.9840072393417358
gwpdxinfbc.mp4,0.9759750366210938
gwpyjfjctj.mp4,0.8916076421737671
gwqdrapybq.mp4,0.8966100215911865
gwrloogbta.mp4,0.926946222782135
gwrnbskgml.mp4,0.9584870934486389
gwrvpajipu.mp4,0.9897070527076721
gwsygunrfd.mp4,0.9899828433990479
gwtqrjjdfy.mp4,0.8326946496963501
gwvdqrkuux.mp4,0.24793091416358948
gwxtrqsaew.mp4,0.13686195015907288
gwymeedakp.mp4,0.9891669154167175
gwzavddryz.mp4,0.9001010656356812
gwzttezkpv.mp4,0.15136203169822693
gxahsvasub.mp4,0.9357491731643677
gxaxnlxlbg.mp4,0.9755859375
gxblelyihv.mp4,0.8681759238243103
gxcoafghbo.mp4,0.9784114360809326
gxcyjadqpe.mp4,0.6311734914779663
gxdbjmerhb.mp4,0.9670791029930115
gxdnihgbib.mp4,0.7970854043960571
gxeexnwuua.mp4,0.6832937598228455
gxekqzllls.mp4,0.149494469165802
gxemcrngus.mp4,0.9898644089698792
gxeogmuaiz.mp4,0.9461498856544495
gxeokzxuzn.mp4,0.1259363740682602
gxexltzdzl.mp4,0.9857174754142761
gxgebeeulk.mp4,0.9900000095367432
gxgseukasu.mp4,0.9747788906097412
gxgxsrftqs.mp4,0.1561211198568344
gxgytyxovs.mp4,0.5866515040397644
gxhigzfqiq.mp4,0.8736239671707153
gxhkzichcb.mp4,0.9893249273300171
gxhyukxwgx.mp4,0.8140026330947876
gxjlopeyls.mp4,0.9424969553947449
gxkjqcicyt.mp4,0.9180819988250732
gxkohasmfj.mp4,0.9551432728767395
gxnjamrtcf.mp4,0.9882373809814453
gxotbbzdqi.mp4,0.9900000095367432
gxrgmigzwn.mp4,0.9270694255828857
gxrqxnlvfe.mp4,0.6715790033340454
gxsfmaqauz.mp4,0.9726770520210266
gxskukcgnu.mp4,0.9740669131278992
gxtkixenvj.mp4,0.11725768446922302
gxuetvjkho.mp4,0.9584395289421082
gxvbypqozt.mp4,0.230701744556427
gxvifszntd.mp4,0.37840184569358826
gxxlbjuyza.mp4,0.1893692910671234
gxytgtbrld.mp4,0.976725697517395
gxzmtungxc.mp4,0.9891289472579956
gyaiywhloc.mp4,0.9887133240699768
gyapfffpvd.mp4,0.9691104888916016
gyarwewnap.mp4,0.9811806678771973
gyaxfbagnj.mp4,0.9770258069038391
gyccrjplmo.mp4,0.982319712638855
gycrnobqpp.mp4,0.18743501603603363
gycsdchxjv.mp4,0.17348554730415344
gydiqiazti.mp4,0.9686684608459473
gydjwwwbno.mp4,0.945233166217804
gydvsfdigh.mp4,0.7093570232391357
gyfqnutjyv.mp4,0.09560921788215637
gyfvycxfie.mp4,0.8427616357803345
gygcwtvdwz.mp4,0.4412379264831543
gyghugsmoh.mp4,0.98894202709198
gyibxtkqsu.mp4,0.9829926490783691
gyismzbpat.mp4,0.8864142298698425
gyiustrwjv.mp4,0.9349671006202698
gyjdebcqrc.mp4,0.9734771847724915
gykfuhwoaa.mp4,0.9307790398597717
gyknyxbcak.mp4,0.9380382299423218
gyksbhfprp.mp4,0.975142776966095
gykvshoqvk.mp4,0.9199444651603699
gykzntrrbw.mp4,0.9720702171325684
gylhcczatl.mp4,0.9620926976203918
gyliqzgsuy.mp4,0.9768717885017395
gylwlxqeer.mp4,0.9815869927406311
gymeckipqs.mp4,0.8915996551513672
gynpswzfos.mp4,0.9540978074073792
gyohjhqfmo.mp4,0.9844149351119995
gyosmhohba.mp4,0.7935865521430969
gypapuqdrx.mp4,0.6055076718330383
gypihejvbg.mp4,0.8924562931060791
gyppjmvypq.mp4,0.15203315019607544
gyrmgxlclo.mp4,0.9890073537826538
gysupwvqhg.mp4,0.9828274250030518
gytyimgugz.mp4,0.9867424964904785
gytzzsfpxt.mp4,0.9277299046516418
gyvolulghr.mp4,0.9888617992401123
gywcvsgmda.mp4,0.9746469855308533
gywkkzzoxq.mp4,0.1978367120027542
gywuzlodjr.mp4,0.9573310613632202
gyxkzwnniw.mp4,0.9758532643318176
gyzksucobq.mp4,0.9612368941307068
gyzplkphqa.mp4,0.9734928607940674
gzabjmglim.mp4,0.11459223926067352
gzbepripts.mp4,0.1915956437587738
gzcqegoojz.mp4,0.9843009114265442
gzcsmtvrjv.mp4,0.9797815084457397
gzcuhiyvpo.mp4,0.22465504705905914
gzdeexgkwp.mp4,0.8875892162322998
gzdmaijwqq.mp4,0.9725775122642517
gzdnifamxx.mp4,0.3641863465309143
gzdsestvja.mp4,0.9887548089027405
gzeidtyzub.mp4,0.16467539966106415
gzezqvyuqj.mp4,0.8291788101196289
gzflzoaadh.mp4,0.7933701276779175
gzfovnvluq.mp4,0.9877026081085205
gzfpunodyf.mp4,0.9891703724861145
gzfucmvdsr.mp4,0.97430419921875
gzhxxfhpyx.mp4,0.9699706435203552
gzialwlrmz.mp4,0.985314667224884
gzixibzfdy.mp4,0.8902464509010315
gzjphqbump.mp4,0.1583138406276703
gzjzykoccl.mp4,0.9728880524635315
gzlbvmboxm.mp4,0.9251480102539062
gznphyupii.mp4,0.9764910936355591
gzppmtghbx.mp4,0.9899545311927795
gzptosqztf.mp4,0.8832550644874573
gzpzmkyxey.mp4,0.9328290820121765
gzquromtns.mp4,0.9111787676811218
gzqyililkj.mp4,0.9837709665298462
gzqywnmwvp.mp4,0.9900000095367432
gzrswfalvp.mp4,0.965436577796936
gzsgxalkve.mp4,0.989788830280304
gzszyxolow.mp4,0.9625686407089233
gztamvyoxr.mp4,0.9882570505142212
gztffgsxpt.mp4,0.15427608788013458
gzutyeitxk.mp4,0.1292625218629837
gzvqxxjglz.mp4,0.2320818454027176
gzvsihgvyu.mp4,0.20743867754936218
gzwemmhhhp.mp4,0.635353684425354
gzwpdcyauj.mp4,0.9897031188011169
gzwzxbtkpd.mp4,0.9886574745178223
gzxtqsjyqm.mp4,0.2212759554386139
gzydkfronh.mp4,0.9744940996170044
gzykhcoocu.mp4,0.9887983798980713
gzypdzxoas.mp4,0.9262877106666565
gzyphxbstz.mp4,0.7491002082824707
gzyzadxidl.mp4,0.9899877905845642
gzyzqxvocf.mp4,0.663040041923523
haaekhexdq.mp4,0.9897998571395874
haawpbcezf.mp4,0.9869551658630371
habhcfsjme.mp4,0.1045464426279068
habiwpyvhu.mp4,0.8689501881599426
habybzgzxe.mp4,0.9854966402053833
hadghhszzt.mp4,0.9871551394462585
hadngdumar.mp4,0.6277242302894592
haefkdmngn.mp4,0.9810987114906311
haesrhzukc.mp4,0.983116626739502
haewukajaa.mp4,0.9800368547439575
haexnflzek.mp4,0.9888049364089966
haffddmiyo.mp4,0.682190477848053
hafobcwarm.mp4,0.978024423122406
hafojkdniz.mp4,0.9837338924407959
hafxsbsgly.mp4,0.8156578540802002
hafylusmeq.mp4,0.9584379196166992
hagdzrycyf.mp4,0.9712188839912415
hagyozibor.mp4,0.8278857469558716
hahicwynee.mp4,0.9299302697181702
hahqaxikvp.mp4,0.9213010668754578
hajkizpxpz.mp4,0.9379769563674927
hajmqkklsy.mp4,0.6072582006454468
hajyzvmisg.mp4,0.31439897418022156
hakfzgbjpc.mp4,0.7185728549957275
hakgdmsskq.mp4,0.2013428658246994
haknpmhigp.mp4,0.18155616521835327
hakpntaqiz.mp4,0.9897984266281128
hakqvgwstx.mp4,0.932348906993866
hakypmoszz.mp4,0.9841627478599548
halfgqdacz.mp4,0.9899999499320984
hamgcygfht.mp4,0.93726646900177
hamspgttwp.mp4,0.978023111820221
haoadbkzvu.mp4,0.15962864458560944
haonmijjij.mp4,0.9863356351852417
hapbnzkyau.mp4,0.9900000691413879
hapjmshqxw.mp4,0.9734244346618652
haqeduqxqn.mp4,0.47106269001960754
haqfqkkehf.mp4,0.9620717167854309
hasaagrlkg.mp4,0.9664095044136047
haslpfcwqj.mp4,0.9262143969535828
hasnlpwbbs.mp4,0.8763684630393982
haspvmtfkl.mp4,0.9535667896270752
hasyzyhtnw.mp4,0.5232728719711304
haszgwfsna.mp4,0.2665066123008728
hatesldbvu.mp4,0.9150442481040955
hatztthpbh.mp4,0.9136921763420105
hauadbuadc.mp4,0.9396619200706482
hauatxqcid.mp4,0.9861443638801575
hauswuhngn.mp4,0.8561596274375916
havbyqsvyj.mp4,0.9429842829704285
hawfsumehu.mp4,0.9793862700462341
hawgoyppoc.mp4,0.5491224527359009
hawifsawjr.mp4,0.988518476486206
hawpexvrwr.mp4,0.9850255250930786
hawpzjlxju.mp4,0.9863083362579346
hawrbvowsv.mp4,0.8792437314987183
hayorjmjob.mp4,0.9692734479904175
hazbvrlncf.mp4,0.6611418724060059
hazcvdjzyf.mp4,0.967235267162323
hazesofgff.mp4,0.9899511337280273
hazsgohnbv.mp4,0.7829461097717285
hbaimlsevz.mp4,0.9509006142616272
hbaqzvhluo.mp4,0.9777919054031372
hbaxiwzjnh.mp4,0.9280053973197937
hbbqldnatj.mp4,0.9892131686210632
hbcuusrvqf.mp4,0.97925865650177
hbdefybmtv.mp4,0.986286461353302
hbdemoelnk.mp4,0.6875143647193909
hbdkqzyutc.mp4,0.599375307559967
hbdwumljsj.mp4,0.8669591546058655
hbfartiyik.mp4,0.8822067975997925
hbgbxnhwum.mp4,0.9235482811927795
hbgdnkkbvi.mp4,0.618073582649231
hbgkrlnsmt.mp4,0.9860314726829529
hbgpipxncf.mp4,0.9898160696029663
hbhbmwoamq.mp4,0.6447948813438416
hbikqfcnyg.mp4,0.9704945683479309
hbiuohewjf.mp4,0.9811246991157532
hbjiozieej.mp4,0.7426038384437561
hbjsvnfxfi.mp4,0.9879171848297119
hbllwtwewh.mp4,0.9719610214233398
hblqwhprwy.mp4,0.13223737478256226
hblrxxtzvr.mp4,0.6262122988700867
hblxigrvhs.mp4,0.9085947871208191
hbmvxgonmq.mp4,0.17281930148601532
hbocezyrug.mp4,0.3546520471572876
hbouvodtjy.mp4,0.14338843524456024
hbozjjcafn.mp4,0.8380441069602966
hbpuinlogb.mp4,0.6714951992034912
hbqewgmkjj.mp4,0.891902506351471
hbqhyjamvh.mp4,0.42833954095840454
hbqrffvwjf.mp4,0.9040141105651855
hbrgosouxx.mp4,0.9468538165092468
hbrgvmrtnn.mp4,0.1828058511018753
hbrgwpfyhj.mp4,0.9893133640289307
hbrkehqfqm.mp4,0.7604621052742004
hbrxrguoxc.mp4,0.7165133953094482
hbsayxqlve.mp4,0.8317964673042297
hbsebsehoh.mp4,0.9895635843276978
hbsuttldcd.mp4,0.9194414615631104
hbtiyusigb.mp4,0.9770819544792175
hbuvmgbgzz.mp4,0.9814866781234741
hbveyaictx.mp4,0.6054701209068298
hbvjzqiqzz.mp4,0.37604209780693054
hbvvaxorwq.mp4,0.989041805267334
hbxcjlmqbk.mp4,0.8969950079917908
hbyikfsffc.mp4,0.2667110860347748
hbyxzwnifl.mp4,0.9606082439422607
hcawzoysam.mp4,0.9754902124404907
hcbetseuar.mp4,0.9704199433326721
hcbvqqozcj.mp4,0.8686617612838745
hcbzssleke.mp4,0.9900000095367432
hcccsffmhf.mp4,0.9794838428497314
hccoyhfnsf.mp4,0.808819055557251
hccujersgb.mp4,0.9732154011726379
hccviksznb.mp4,0.9033847451210022
hcdrcpsffi.mp4,0.9850937724113464
hcdyegkqzt.mp4,0.9899999499320984
hceplvorif.mp4,0.9899845123291016
hcgcvhxani.mp4,0.9900000691413879
hcgjlbnvpr.mp4,0.12540818750858307
hcgxrugwko.mp4,0.9602800607681274
hcgzrgtuno.mp4,0.9553546905517578
hchktsapup.mp4,0.9876696467399597
hchpwjgudx.mp4,0.33261653780937195
hciiufvnai.mp4,0.9590662717819214
hciujjwwnw.mp4,0.9322159886360168
hciwewlauj.mp4,0.37819918990135193
hcjkrcvvnd.mp4,0.9609076976776123
hcknrtiscw.mp4,0.9835395216941833
hckorjqpvy.mp4,0.9235759377479553
hclxvewcys.mp4,0.9794585108757019
hcnkuzygbp.mp4,0.6177071332931519
hcnyexqclz.mp4,0.9397004246711731
hcocbvbpxp.mp4,0.06321240961551666
hcprdjhcel.mp4,0.9811533093452454
hcpzvrriwh.mp4,0.9194841384887695
hcqyszppuv.mp4,0.3022434711456299
hcrbjaityh.mp4,0.9880390763282776
hcrqxnvfyt.mp4,0.9861999154090881
hcsfkirlgq.mp4,0.9831750392913818
hcspsjaudj.mp4,0.944189727306366
hcsynxlfev.mp4,0.8827519416809082
hcujjpgxaa.mp4,0.829238772392273
hculgfktdg.mp4,0.989932119846344
hcvdpnhqsa.mp4,0.9112536311149597
hcvgqdkqbf.mp4,0.9899855256080627
hcwghmdequ.mp4,0.09979056566953659
hcwhwpwcrv.mp4,0.9853991270065308
hcwiusyvox.mp4,0.9483733177185059
hcwlqsoonr.mp4,0.8033201694488525
hcxcomepos.mp4,0.9622814059257507
hcxhtxqzio.mp4,0.4260035455226898
hcxzxuvedy.mp4,0.9886589050292969
hcyeodttbp.mp4,0.9260608553886414
hcyhcyfnzo.mp4,0.8665476441383362
hcyprruzpu.mp4,0.9853132963180542
hcyqdktfiv.mp4,0.9763875603675842
hcyzbzdwtd.mp4,0.9723447561264038
hczfyxtxnw.mp4,0.7349680662155151
hcziircupz.mp4,0.899124026298523
hcznycmxsa.mp4,0.9886453151702881
hczoakrfld.mp4,0.8448523879051208
hdaleijded.mp4,0.7124059796333313
hdauuytvhx.mp4,0.47434744238853455
hdavvtqjrp.mp4,0.950696587562561
hdbbppsmhp.mp4,0.950850784778595
hdbejalgtx.mp4,0.8026259541511536
hdcdmjhoca.mp4,0.94908207654953
hdclgrggjs.mp4,0.9457679390907288
hdcxhrlafa.mp4,0.982414186000824
hdddfrvqws.mp4,0.8989769816398621
hddminxrhw.mp4,0.17655311524868011
hddohuycnv.mp4,0.6275198459625244
hddvrtxffc.mp4,0.6594855189323425
hdejlbwnnn.mp4,0.7993637919425964
hdeubzuwrt.mp4,0.9880791306495667
hdfheqvqwf.mp4,0.5697946548461914
hdgwynwsyh.mp4,0.9590385556221008
hdhelrqzci.mp4,0.6731404066085815
hdhktpnxtk.mp4,0.9469079375267029
hdhntzlsdw.mp4,0.8866463303565979
hdhosyjdqa.mp4,0.8886395692825317
hdhuqvdfij.mp4,0.981365978717804
hdjbbigtmb.mp4,0.7907695174217224
hdjvowbkbe.mp4,0.12813124060630798
hdjvuuxpxx.mp4,0.184401273727417
hdlcufarcs.mp4,0.9670667052268982
hdlewnlnud.mp4,0.8610591888427734
hdmcjrfdtf.mp4,0.8200674653053284
hdmcmgszjt.mp4,0.9681693315505981
hdmqltaiuh.mp4,0.9854922890663147
hdnlkddxfh.mp4,0.9083629250526428
hdnxtcjnps.mp4,0.9851141571998596
hdoemwbabf.mp4,0.36595550179481506
hdonvukllz.mp4,0.9898707866668701
hdoyjaobhg.mp4,0.8937965631484985
hdoyopjuki.mp4,0.8934825658798218
hdpfwcfigq.mp4,0.7880057096481323
hdpkdyuvok.mp4,0.872139573097229
hdplrrdvqu.mp4,0.16516926884651184
hdquimbepn.mp4,0.4062874913215637
hdrcfbhylq.mp4,0.6219927668571472
hdsbvyxutk.mp4,0.14899811148643494
hdtqiagzqb.mp4,0.9360918402671814
hdtslvvftc.mp4,0.36507606506347656
hdvazdbvbo.mp4,0.3463684022426605
hdvpqmklwf.mp4,0.8038307428359985
hdvrxlrnyk.mp4,0.9093248248100281
hdwtamqvky.mp4,0.9311809539794922
hdxfvvlpet.mp4,0.9789837002754211
hdxzneektz.mp4,0.9414612054824829
hdysfhsyox.mp4,0.9236711263656616
hdyvindkjk.mp4,0.9861046671867371
hdzckzbjcm.mp4,0.9059697389602661
hdzygqltzu.mp4,0.9738601446151733
heaouuhopi.mp4,0.6912875771522522
heapwnqjpm.mp4,0.9558485746383667
heaqqlytsc.mp4,0.09330576658248901
heaxbmchys.mp4,0.4798489511013031
hebctgmncr.mp4,0.9884510636329651
hebddxiwci.mp4,0.98881995677948
heccnjugpk.mp4,0.1373300552368164
hecglkrexr.mp4,0.635007917881012
hechdrfgkj.mp4,0.4211994409561157
hecofwjiux.mp4,0.9287124872207642
hecxeqclmd.mp4,0.9574131965637207
hecxxkaprp.mp4,0.33672115206718445
hedeftegwd.mp4,0.9060245752334595
hedetzyqpu.mp4,0.1591758280992508
hedjpbgyga.mp4,0.16051015257835388
heexadftse.mp4,0.15247832238674164
hefiremjyf.mp4,0.12893106043338776
hegttdfqre.mp4,0.9895452857017517
heiurmawgr.mp4,0.15792250633239746
heiuytczzb.mp4,0.9898408651351929
hejmoxglbw.mp4,0.35597649216651917
hekeqdfuyw.mp4,0.9832969903945923
hekwkvdvyq.mp4,0.8718971610069275
helaqdgadz.mp4,0.9837979674339294
heldbzescf.mp4,0.10419391095638275
heltevgekc.mp4,0.32862281799316406
helumjtmik.mp4,0.20016588270664215
helywhtbcs.mp4,0.17612411081790924
hemhhjgnld.mp4,0.9892059564590454
henggajptu.mp4,0.9899075627326965
henpwcjutg.mp4,0.9419429898262024
heoxpyffcw.mp4,0.9900001287460327
hepvgksmbb.mp4,0.8880144357681274
hercreciym.mp4,0.9799370169639587
herufumizv.mp4,0.5283978581428528
hervmuonhn.mp4,0.6664000153541565
herwmvoobn.mp4,0.9339066743850708
hesruaznni.mp4,0.9314236044883728
heszotticv.mp4,0.9890981912612915
hetclsgiwz.mp4,0.6252700686454773
hevkhkdleb.mp4,0.5295219421386719
hevnqqfelb.mp4,0.988129198551178
hevrtabipp.mp4,0.9811297655105591
hewhitnasz.mp4,0.9744316339492798
hewlieyzlv.mp4,0.9321789741516113
hewyozvcjs.mp4,0.863038182258606
hexxuigzdl.mp4,0.9735161066055298
heyixtkolz.mp4,0.605034351348877
heymqwtnns.mp4,0.9637243747711182
heyuhmcyfe.mp4,0.7558984160423279
hezvknnrgk.mp4,0.40430301427841187
hfbhfeevlg.mp4,0.7170782089233398
hfblnovkno.mp4,0.2457471787929535
hfbqxpfhqu.mp4,0.9577676057815552
hfcbsslplq.mp4,0.9069631099700928
hfcedpllzw.mp4,0.7285000681877136
hfcezskxnq.mp4,0.988064706325531
hfckgxxhle.mp4,0.8102266192436218
hfcojjgcdl.mp4,0.9854337573051453
hfcxlucrbj.mp4,0.11430120468139648
hfdpapyngn.mp4,0.9886784553527832
hfeqmmhfgn.mp4,0.9900000095367432
hffemnxolq.mp4,0.9860377311706543
hffkrqxlyv.mp4,0.8867056369781494
hfflsxqsqi.mp4,0.9873531460762024
hffpiwqxns.mp4,0.9601995944976807
hffpurrqwv.mp4,0.7711682915687561
hfgcpeoeyp.mp4,0.9302505254745483
hfgczdzbix.mp4,0.2883117198944092
hfhuzaukrl.mp4,0.9281118512153625
hfhvimgnkc.mp4,0.6512039303779602
hfirqzsicr.mp4,0.9894084334373474
hfiuhfcgkx.mp4,0.9064291715621948
hfiyocolqc.mp4,0.9639959931373596
hfizjciwwe.mp4,0.975683867931366
hfjnotbatc.mp4,0.9788607954978943
hfjoxmvhmu.mp4,0.9073644876480103
hfkssjwgsy.mp4,0.9848552346229553
hflevhjyro.mp4,0.5
hflfcwvmtb.mp4,0.8666434288024902
hflgowqwtt.mp4,0.9881385564804077
hfltwgkohs.mp4,0.9702868461608887
hflzcvraei.mp4,0.8132982850074768
hfmicjxnyl.mp4,0.8649255633354187
hfmwxyjott.mp4,0.9899999499320984
hfmycbfmln.mp4,0.9738181829452515
hfocfhpdtw.mp4,0.8580774068832397
hfoioyeobe.mp4,0.4734523296356201
hfoleykkho.mp4,0.24552488327026367
hfqpyvxasx.mp4,0.9899805188179016
hfqvgavken.mp4,0.9887082576751709
hfrhtjungx.mp4,0.9708266854286194
hfrtnrlcxd.mp4,0.1977963000535965
hfspenqmpw.mp4,0.9845627546310425
hfsrhxxnih.mp4,0.988591730594635
hftninrtod.mp4,0.6447626948356628
hfuhmcwrhn.mp4,0.8706774711608887
hfurjnbjvj.mp4,0.919922411441803
hfuumbpivg.mp4,0.9839149713516235
hfvexodpht.mp4,0.9873402118682861
hfwzpytvpn.mp4,0.3881734609603882
hfxhgmcsvf.mp4,0.8160272240638733
hfxmqrzdrp.mp4,0.21758125722408295
hfxnnbwcve.mp4,0.9816961288452148
hfxwupsztp.mp4,0.11240213364362717
hfygefzhwd.mp4,0.9882632493972778
hfzbajanit.mp4,0.10380319505929947
hfzjrtvrtz.mp4,0.9822494387626648
hgapkkpvdb.mp4,0.9521517753601074
hgboevycdj.mp4,0.9842473268508911
hgbumfkmoy.mp4,0.9836053848266602
hgbvseybjl.mp4,0.9847471714019775
hgcbwsvmxh.mp4,0.6134832501411438
hgcjhnidtm.mp4,0.7199318408966064
hgdjrqzwff.mp4,0.9437472820281982
hgdkjejnki.mp4,0.9816721677780151
hgdswzlbuq.mp4,0.33557239174842834
hgeakabscm.mp4,0.9774643778800964
hgeeqivyjy.mp4,0.9804704785346985
hgeesybdln.mp4,0.11489005386829376
hgefzguctw.mp4,0.9239678978919983
hgenhqxwyf.mp4,0.9881317019462585
hgfgxgkali.mp4,0.9434425830841064
hgfpjkaots.mp4,0.975816547870636
hgfqmoimul.mp4,0.9831134676933289
hgfxjjgtbx.mp4,0.9412201046943665
hgimnvvfup.mp4,0.8994882702827454
hgipczryrr.mp4,0.8945247530937195
hgjbnfsyid.mp4,0.9559851288795471
hgjheddlde.mp4,0.9571065902709961
hgjkkddwjy.mp4,0.989831268787384
hgjswpbmmu.mp4,0.9465662240982056
hgkbhaztur.mp4,0.2918011546134949
hgkfryxybj.mp4,0.6260865926742554
hgkiymguuo.mp4,0.9324395060539246
hgkokdqkcx.mp4,0.9898819923400879
hglklkxzxg.mp4,0.9867227077484131
hgmckehjft.mp4,0.9765909910202026
hgmpsbvzkx.mp4,0.17837369441986084
hgndjhgrlr.mp4,0.6101363897323608
hgoscxtunq.mp4,0.7620051503181458
hgozghlrty.mp4,0.9768321514129639
hgpbgnofoj.mp4,0.9898449182510376
hgqcjhbdse.mp4,0.953744113445282
hgqeprjgid.mp4,0.9821560382843018
hgqfoasyla.mp4,0.9803634285926819
hgqmjmxhiw.mp4,0.9510219097137451
hgqrrbegzn.mp4,0.9547101855278015
hgsvltiixn.mp4,0.12081560492515564
hgtvuwhztq.mp4,0.9900000095367432
hgubfvlxta.mp4,0.4812256991863251
hguygahizr.mp4,0.8816639184951782
hgvdttjcgk.mp4,0.9900000691413879
hgvfhqfbuz.mp4,0.9875442385673523
hgvlupzwxy.mp4,0.1534942090511322
hgwsskiudd.mp4,0.907750129699707
hgwzdxfynt.mp4,0.9753298759460449
hgxaxykble.mp4,0.9754118323326111
hgyjtixhyn.mp4,0.896477222442627
hgyovfcxxl.mp4,0.982766330242157
hgyupsezoh.mp4,0.9897977113723755
hgyvcmpddj.mp4,0.0961521565914154
hgyzedfdiq.mp4,0.8841131329536438
hgzgtxzgeg.mp4,0.9864445924758911
hgzihzctao.mp4,0.91645348072052
hgziojxtan.mp4,0.9893239736557007
hgztdvmlmk.mp4,0.9041522145271301
hgzwakwfuu.mp4,0.9899852275848389
hgzzpepxkv.mp4,0.4707790017127991
hhayopshwo.mp4,0.9521227478981018
hhcpcamiwk.mp4,0.9845702648162842
hhcvwyuwfv.mp4,0.8077889084815979
hhdblnxhtj.mp4,0.15996183454990387
hhdffhudyd.mp4,0.987892210483551
hhdpnhrnsp.mp4,0.7784860134124756
hhdxjkkbow.mp4,0.989616334438324
hhdzofpfgu.mp4,0.20077553391456604
hheboixbgi.mp4,0.9555470943450928
hhfcshhpse.mp4,0.8951636552810669
hhfhnyojlh.mp4,0.9377527832984924
hhflpjeagw.mp4,0.15228591859340668
hhfplwerbg.mp4,0.976995587348938
hhftunckhq.mp4,0.9854897856712341
hhgjldiswr.mp4,0.9814224243164062
hhgkixhctm.mp4,0.9727598428726196
hhhrdnwzdw.mp4,0.9900000691413879
hhhrjgexse.mp4,0.9526987671852112
hhhwdbxlej.mp4,0.9187569618225098
hhiznfrxun.mp4,0.983929455280304
hhjavsocdd.mp4,0.9530994892120361
hhjfirelwd.mp4,0.9805302619934082
hhjnfwezhr.mp4,0.9900000691413879
hhjttwtfko.mp4,0.9811376333236694
hhkhtvnkro.mp4,0.826495349407196
hhkzdvqnzf.mp4,0.2977917790412903
hhlgrzjdif.mp4,0.9566290378570557
hhlpoxvufn.mp4,0.9827545881271362
hhmemqpsld.mp4,0.8700260519981384
hhmoxuqvqh.mp4,0.9874813556671143
hhmsbuyugf.mp4,0.4227711260318756
hhmwtkzgph.mp4,0.9390519261360168
hhnqmzylpd.mp4,0.9806610941886902
hhoccqhaaq.mp4,0.9836581349372864
hhohejcksh.mp4,0.8127319812774658
hhozjscusk.mp4,0.7913907766342163
hhphifkstv.mp4,0.7194660902023315
hhpivlybuf.mp4,0.9603961110115051
hhpmuiybqn.mp4,0.9898128509521484
hhpvctiryk.mp4,0.9480128884315491
hhqpulohfs.mp4,0.5382556319236755
hhrfguhlkg.mp4,0.9280796051025391
hhroycqneq.mp4,0.9840585589408875
hhsaujqkqo.mp4,0.9430500864982605
hhtnxlvfxd.mp4,0.9900000095367432
hhtxwyjqcc.mp4,0.9900000095367432
hhuakzfttr.mp4,0.38242393732070923
hhujcljzhk.mp4,0.9892050623893738
hhuqodnvgi.mp4,0.5391177535057068
hhuwygcgzu.mp4,0.9797986149787903
hhvcvjyrne.mp4,0.987749457359314
hhvdokacxp.mp4,0.9751635193824768
hhvfywtomx.mp4,0.9894921779632568
hhviyvxoiw.mp4,0.9893022775650024
hhwwxylstd.mp4,0.8281403183937073
hhwyxajcrv.mp4,0.9440993070602417
hhxgnzqfxb.mp4,0.09326257556676865
hhxzvnfdij.mp4,0.17112059891223907
hhydqxywzf.mp4,0.9451700448989868
hhykrwtxxp.mp4,0.9512516260147095
hhyykgozwv.mp4,0.5659776329994202
hhzhvvifat.mp4,0.9899839162826538
hhzlddfggp.mp4,0.9641441702842712
hhzprfzlcj.mp4,0.9598492980003357
hialtjzmnx.mp4,0.9733058214187622
hibnixfhse.mp4,0.8898367881774902
hicbwuyaxv.mp4,0.9897281527519226
hicusehiwu.mp4,0.5891624689102173
hicycmkrce.mp4,0.7037656903266907
hidonazxtm.mp4,0.9852784872055054
hidvvmamhc.mp4,0.9864827990531921
hidwnstahw.mp4,0.4857958257198334
hiedwjfocm.mp4,0.9852648377418518
hiedwjvflb.mp4,0.9861080646514893
hielcvtmau.mp4,0.797684371471405
hifcwvflfd.mp4,0.14398916065692902
hihcrogmkv.mp4,0.9891751408576965
hihtiqtluv.mp4,0.9871476292610168
hiiqeoftgd.mp4,0.9727177023887634
hiixalzbpk.mp4,0.1677572876214981
hiiyhfqeia.mp4,0.911919116973877
hiiyszsgjy.mp4,0.9853389263153076
hijflohfrw.mp4,0.9899247884750366
hijoaaoakn.mp4,0.512185275554657
hikjkaojdy.mp4,0.05942447856068611
hilfoftyjg.mp4,0.9327194094657898
himctcvjeg.mp4,0.9896228313446045
hinogxnrhx.mp4,0.3568282425403595
hinrxateqp.mp4,0.9824349284172058
hioffslzjp.mp4,0.37140700221061707
hiokkbarew.mp4,0.10202675312757492
hioopeggcn.mp4,0.8824377059936523
hioqqktyzq.mp4,0.9726592898368835
hipcyptyvv.mp4,0.8678609728813171
hipskflepq.mp4,0.9833066463470459
hipzzheqlg.mp4,0.9794474244117737
hiqphvdpfi.mp4,0.9894807934761047
hirzwspuzp.mp4,0.735750138759613
hischbhubz.mp4,0.9493774771690369
hisfrixnbu.mp4,0.9452010989189148
hislcternr.mp4,0.9899999499320984
hiudppjazt.mp4,0.9779902696609497
hiuybvwqac.mp4,0.15689940750598907
hivqoasard.mp4,0.9899999499320984
hiwfnsyvzr.mp4,0.9860548377037048
hiwlkmphat.mp4,0.3310941755771637
hiwmwaraiy.mp4,0.8445790410041809
hixamsqeov.mp4,0.9430896043777466
hixdloourp.mp4,0.892107367515564
hixrtrhxmi.mp4,0.9822765588760376
hixunokdof.mp4,0.9732272028923035
hiycpfipxc.mp4,0.9798240661621094
hiyergvepo.mp4,0.6180554628372192
hiyivgrvoi.mp4,0.9039487242698669
hizgjrsljt.mp4,0.9771972298622131
hizygxelaj.mp4,0.985462486743927
hjaasqlfzy.mp4,0.8353709578514099
hjbisxrdbp.mp4,0.9387761354446411
hjblygobtf.mp4,0.9706758856773376
hjboqskwsk.mp4,0.79130619764328
hjbwztyuch.mp4,0.9867540001869202
hjbzbnxylc.mp4,0.952683687210083
hjcdjhhlzo.mp4,0.9656287431716919
hjcwtelvys.mp4,0.521275520324707
hjdbpzbkot.mp4,0.9807618260383606
hjddyeycod.mp4,0.9800891280174255
hjdkaabfzj.mp4,0.6689064502716064
hjemlpvsee.mp4,0.14725302159786224
hjevypwbpn.mp4,0.6042422652244568
hjffkbkdvp.mp4,0.2182612419128418
hjfvwlqmeg.mp4,0.09472626447677612
hjgtdyuovr.mp4,0.2115200012922287
hjhhculjsi.mp4,0.8676249384880066
hjieycglah.mp4,0.509191632270813
hjiwmybauf.mp4,0.09807080775499344
hjjccpoiwf.mp4,0.984088122844696
hjjqxkbsay.mp4,0.9779176712036133
hjkcrbpbmq.mp4,0.9854437112808228
hjlbfmyuri.mp4,0.8505411148071289
hjledymcmc.mp4,0.9799838066101074
hjlgfrsktl.mp4,0.9884268045425415
hjliawiffu.mp4,0.9864130616188049
hjlmanfced.mp4,0.6858429312705994
hjlzopctcs.mp4,0.362163245677948
hjmeygvyqc.mp4,0.9594746232032776
hjmmmwusjx.mp4,0.9826897382736206
hjmxpjgpol.mp4,0.989989161491394
hjnhwpnuwm.mp4,0.9224911332130432
hjnjfrebfb.mp4,0.14285099506378174
hjpsvhdncw.mp4,0.9754443168640137
hjpxttqjyq.mp4,0.9729230999946594
hjrlzjkygb.mp4,0.9813064336776733
hjurtqndkf.mp4,0.9886584877967834
hjutmftzmw.mp4,0.9828644394874573
hjvdrvoimr.mp4,0.22185707092285156
hjwhpdkwyw.mp4,0.9842513203620911
hjxrkescnx.mp4,0.9353679418563843
hjxvdbnndw.mp4,0.9900001287460327
hjybminefo.mp4,0.988067090511322
hjyffvdgvf.mp4,0.9239839315414429
hjyiwrwmgn.mp4,0.8981595039367676
hjykhqbhtu.mp4,0.37300917506217957
hjykqlxjea.mp4,0.7259622812271118
hjziepuyhs.mp4,0.9869897961616516
hkatomhgph.mp4,0.8214985728263855
hkawzvmxbl.mp4,0.9899999499320984
hkbvijpfcs.mp4,0.9401536583900452
hkcapfpydt.mp4,0.5732264518737793
hkcmwgdksh.mp4,0.7734459042549133
hkdpyhtqxm.mp4,0.5639358162879944
hkeigtkzne.mp4,0.9620881080627441
hkeodxizla.mp4,0.9899238348007202
hkfagixfez.mp4,0.9882823824882507
hkfajoookb.mp4,0.961166262626648
hkfkwisdxl.mp4,0.9832969307899475
hkggfwvkgu.mp4,0.978803277015686
hkglxceyvi.mp4,0.9474283456802368
hkhkaewcvi.mp4,0.9685811400413513
hkhmcpecpe.mp4,0.932988166809082
hkigowcdwd.mp4,0.9900000095367432
hkimmsmxii.mp4,0.9323093295097351
hkkjpsnyoj.mp4,0.9672217965126038
hkklgujolw.mp4,0.6890405416488647
hklckgfsis.mp4,0.719645619392395
hkljzykenf.mp4,0.9759454131126404
hklmidvppb.mp4,0.8771633505821228
hklnylpqrg.mp4,0.9881057143211365
hklyydiyzp.mp4,0.9850110411643982
hkmapmksbu.mp4,0.3073374032974243
hkmilhpalb.mp4,0.9602051973342896
hkmoxnzqtq.mp4,0.9788834452629089
hkmsartjds.mp4,0.9632269740104675
hknkkpwstj.mp4,0.960015594959259
hkobpyburj.mp4,0.17474181950092316
hkptymbsmx.mp4,0.9750410914421082
hkqeqfzdqw.mp4,0.9884634017944336
hkqivnrpco.mp4,0.23545902967453003
hkrithzmkt.mp4,0.9829691648483276
hkrkkhinzs.mp4,0.9882842302322388
hkrtxvxgru.mp4,0.9397010207176208
hkrwmakjzh.mp4,0.9408506155014038
hksbfcpnax.mp4,0.14058469235897064
hksnuwrrdz.mp4,0.9729335904121399
hkssffmqxw.mp4,0.9771129488945007
hktegfngvy.mp4,0.9025925993919373
hkthfcssqp.mp4,0.9487114548683167
hktmreohka.mp4,0.948974072933197
hkudmkrrvu.mp4,0.9707510471343994
hkutirleav.mp4,0.9895399808883667
hkvfyeacje.mp4,0.1256965845823288
hkvmtvsxem.mp4,0.9273251891136169
hkvpmzvour.mp4,0.9648777842521667
hkwmewfrew.mp4,0.9897946715354919
hkxfkwihoy.mp4,0.15060068666934967
hkxvcdnquz.mp4,0.9899999499320984
hkygybryma.mp4,0.989739716053009
hkyoqklcwu.mp4,0.9852925539016724
hkyviotvry.mp4,0.8558297157287598
hkzmlkdyik.mp4,0.9052825570106506
hkzxsmpuld.mp4,0.9188366532325745
hlafyytmmy.mp4,0.9396629333496094
hlawtszbsz.mp4,0.9893550872802734
hlbgxxptwj.mp4,0.9423462748527527
hlbhxqaqjn.mp4,0.5672450065612793
hlbyzsyuai.mp4,0.682765543460846
hlcpwfwcyw.mp4,0.24542786180973053
hldqervcxy.mp4,0.6326818466186523
hletmfwutr.mp4,0.09525447338819504
hlevqpdeyf.mp4,0.9372773766517639
hlfwsfhjps.mp4,0.9899196624755859
hlgekivsbq.mp4,0.9667255282402039
hlgjnuwvqu.mp4,0.10703004151582718
hlglukfuyt.mp4,0.5500156283378601
hlhjulceyx.mp4,0.8788609504699707
hlhncbtsgq.mp4,0.9784066081047058
hlhoclqaeb.mp4,0.3011983036994934
hlhzincbxl.mp4,0.9381752610206604
hljbrosgou.mp4,0.9853917360305786
hljiksfqfy.mp4,0.9582058191299438
hlkupyhesf.mp4,0.9888233542442322
hllbaopvae.mp4,0.9879990816116333
hlnuvejoum.mp4,0.9710296392440796
hlpqxodqpz.mp4,0.27990075945854187
hlpvgvhabg.mp4,0.8754281401634216
hlqbwyefzd.mp4,0.20013944804668427
hlqvmahzco.mp4,0.15569297969341278
hlrcsqraqd.mp4,0.49446067214012146
hlrdlbupbd.mp4,0.9822468161582947
hlritbsszg.mp4,0.9874999523162842
hlrlbzwfxa.mp4,0.9635917544364929
hlrlzybjrq.mp4,0.16290061175823212
hlskpzircb.mp4,0.5861650705337524
hlsrphdgcn.mp4,0.27027183771133423
hlsubhyoea.mp4,0.15349186956882477
hlugfdnwth.mp4,0.9094273447990417
hluutfbsig.mp4,0.9896419644355774
hluxanoxct.mp4,0.13638925552368164
hluygfpyjs.mp4,0.9341753721237183
hluzffysqf.mp4,0.9769536256790161
hlxpjpydlh.mp4,0.7680608034133911
hlytebulax.mp4,0.9900000095367432
hlzmydxvvf.mp4,0.9852893948554993
hlzztkliyx.mp4,0.9737080335617065
hmaacoiafs.mp4,0.9876518845558167
hmaiksgpyg.mp4,0.385123074054718
hmapkolrje.mp4,0.9508542418479919
hmbdrjvmet.mp4,0.683069109916687
hmbkdaflod.mp4,0.9542824029922485
hmbpajsqhd.mp4,0.9900000095367432
hmbxhbhknk.mp4,0.9877145886421204
hmchxsdorm.mp4,0.9709399938583374
hmcqmxvatx.mp4,0.9500017762184143
hmdbpmyhyp.mp4,0.3090035021305084
hmdnaffyws.mp4,0.9066179394721985
hmdppelxqt.mp4,0.9737287163734436
hmedexplpk.mp4,0.8277913928031921
hmfcvfkagy.mp4,0.7776527404785156
hmfskvugyq.mp4,0.4645158648490906
hmhnfzfrro.mp4,0.8440003991127014
hmikzgosnp.mp4,0.9520607590675354
hmiugidcyk.mp4,0.9877668619155884
hmiwpufbgr.mp4,0.7074239253997803
hmiylncrva.mp4,0.9899615049362183
hmjzgvkbky.mp4,0.7077192664146423
hmklvgxrga.mp4,0.9828683733940125
hmkphhcxhw.mp4,0.9899049997329712
hmktpowvrd.mp4,0.9068275094032288
hmlwkqnxio.mp4,0.903225302696228
hmlxrwowtc.mp4,0.9890831112861633
hmmwmhrujk.mp4,0.7734509706497192
hmnwbyjgea.mp4,0.972548246383667
hmofiqjzxe.mp4,0.816929280757904
hmoglbgvzh.mp4,0.9210785031318665
hmpczzivtb.mp4,0.9169686436653137
hmpmzhsjga.mp4,0.9876077771186829
hmprulvonq.mp4,0.7922641038894653
hmqcnrnldb.mp4,0.8961216807365417
hmqvkvgdop.mp4,0.698013961315155
hmsewtnful.mp4,0.8717881441116333
hmsmkwzusz.mp4,0.9894310832023621
hmsupjpzvl.mp4,0.9876468181610107
hmtkeeibrj.mp4,0.9344449043273926
hmtkfywnsi.mp4,0.7208508849143982
hmtnmrntlj.mp4,0.1450461447238922
hmtslfgekh.mp4,0.965999186038971
hmuurfnobk.mp4,0.10603344440460205
hmwcwtutbx.mp4,0.9208996891975403
hmxdowkesn.mp4,0.6966106295585632
hmxdwxydsk.mp4,0.7272017598152161
hmxflzmzym.mp4,0.9684356451034546
hmxlvyrksk.mp4,0.9900000095367432
hmyccfpvbu.mp4,0.9841914176940918
hmyfqyxclx.mp4,0.8659546971321106
hmzclmiplx.mp4,0.9581478238105774
hmzcuszpok.mp4,0.9304028749465942
hmzpkrjqxh.mp4,0.9750190377235413
hnbbjkbmiw.mp4,0.9887580871582031
hncklxqdgl.mp4,0.9714012742042542
hncvqppfad.mp4,0.21436604857444763
hnduasoexh.mp4,0.9872111678123474
hndweyuwrf.mp4,0.7427583932876587
hndzrlolxt.mp4,0.2404749095439911
hnemetktvp.mp4,0.9900000095367432
hnetpruzii.mp4,0.98993319272995
hnfdytoptb.mp4,0.10559748113155365
hnfqnasdnm.mp4,0.97001713514328
hngbppnrys.mp4,0.9704878926277161
hnglazpqtw.mp4,0.23761385679244995
hngmdcwliy.mp4,0.9082093238830566
hngsxhckgd.mp4,0.5
hnhafxatut.mp4,0.9688105583190918
hnhrxcfqsy.mp4,0.979682445526123
hninriimhd.mp4,0.984516441822052
hniydbeakm.mp4,0.9276796579360962
hnjgqaaicx.mp4,0.92452472448349
hnjoobqywj.mp4,0.9899999499320984
hnjvdnygjm.mp4,0.9899998307228088
hnjzbriysa.mp4,0.8757328391075134
hnmefdzxxf.mp4,0.9774354696273804
hnmpqyteqf.mp4,0.26804235577583313
hnnlcrqfpf.mp4,0.13522563874721527
hnobywmhub.mp4,0.9894684553146362
hnonyvtuvx.mp4,0.9365941286087036
hnpjlqwpos.mp4,0.722467303276062
hnpxfwmrxc.mp4,0.4326889216899872
hnqjwijpdp.mp4,0.7757510542869568
hnqkejilda.mp4,0.9243420362472534
hnqxotcevk.mp4,0.9383659958839417
hnrjqavaaf.mp4,0.9875624775886536
hnrlrzohns.mp4,0.1770743727684021
hnrzuoqnkz.mp4,0.951994776725769
hnselekxwv.mp4,0.3263387084007263
hnsgjiicgo.mp4,0.9845120906829834
hnsvwqpsxc.mp4,0.9899999499320984
hnswfdiygr.mp4,0.9900000095367432
hnuudbriou.mp4,0.5
hnuxytmfdm.mp4,0.9795141816139221
hnwayorldx.mp4,0.9076792597770691
hnwljrzjaz.mp4,0.23785732686519623
hnwwmhenfg.mp4,0.9784483909606934
hnxdqowyqc.mp4,0.152485653758049
hnxetiknbh.mp4,0.7781510949134827
hnxhwfttpy.mp4,0.9422244429588318
hnxiwdurri.mp4,0.951167643070221
hnyfyegvrt.mp4,0.9491496682167053
hnyhxyrahc.mp4,0.9897654056549072
hnzymonnsh.mp4,0.36824336647987366
hoafmkwlaw.mp4,0.93680340051651
hoavhqskuy.mp4,0.82855224609375
hoaweiathp.mp4,0.9769408702850342
hobarhnsyk.mp4,0.9653400778770447
hobmpusszb.mp4,0.8193320631980896
hocglwmzhr.mp4,0.33917176723480225
hockjwzduq.mp4,0.9758307337760925
hocuhwhgji.mp4,0.97746741771698
hocwzucogk.mp4,0.9888567328453064
hodglukdub.mp4,0.8404554128646851
hodhfycfrm.mp4,0.9861364364624023
hodzowguky.mp4,0.98745197057724
hofhiufhfd.mp4,0.8035649061203003
hofqokfyvd.mp4,0.9458059668540955
hofrbunxng.mp4,0.578397810459137
hofyuwtrcy.mp4,0.9568431377410889
hogilbrbej.mp4,0.10125595331192017
hogyprobqu.mp4,0.9848947525024414
hohrvrekpk.mp4,0.21133966743946075
hoifswpbsd.mp4,0.9535593390464783
hoihutnvty.mp4,0.9040076732635498
hoitqyycbu.mp4,0.29095494747161865
hojbefkzhz.mp4,0.8031840324401855
hojcyybnwm.mp4,0.0967477336525917
hojjnezarv.mp4,0.9900001287460327
hokbxluozv.mp4,0.8861339688301086
hokugesscb.mp4,0.9900000691413879
holdvutgiz.mp4,0.9874470829963684
holfzxlrzl.mp4,0.9164227247238159
holjfoqmdj.mp4,0.9860609769821167
hopheufrwa.mp4,0.9633277058601379
hopuugykpb.mp4,0.9835134148597717
hoqjyfyjbw.mp4,0.7761433720588684
horcjsxnin.mp4,0.9632689952850342
hormvlveov.mp4,0.8005236983299255
horrhnsuea.mp4,0.9288881421089172
horzzciczp.mp4,0.9896709322929382
hosqfqqgee.mp4,0.9054772853851318
hotvnhsufy.mp4,0.9894455075263977
houceixjki.mp4,0.9898662567138672
houdacvthz.mp4,0.9517074227333069
hournhdfpq.mp4,0.9709023237228394
houyfiwdyw.mp4,0.9851766228675842
houzjcicgk.mp4,0.9855490326881409
hovynzkrlh.mp4,0.4889114201068878
howewzbdom.mp4,0.7936078310012817
howishwmtc.mp4,0.8953990340232849
howruupkxw.mp4,0.9581185579299927
hoxrefyboh.mp4,0.8310656547546387
hoykxrljpv.mp4,0.987593948841095
hozwfqophr.mp4,0.5
hpabomixmu.mp4,0.8166096210479736
hpafzeavqo.mp4,0.98809814453125
hpaydhckpf.mp4,0.9834824800491333
hpbqzowfao.mp4,0.9899998903274536
hpbrsjknez.mp4,0.9894634485244751
hpcgekliru.mp4,0.8674834370613098
hpcivouyku.mp4,0.11051902174949646
hpcnfqzlto.mp4,0.8320313692092896
hpdetbrchg.mp4,0.9418631792068481
hpdlkcnpbf.mp4,0.9886601567268372
hpetjipexz.mp4,0.9024420380592346
hpfrfbheli.mp4,0.9473685026168823
hpftfizsyi.mp4,0.9710460305213928
hpgkeqihrs.mp4,0.9302474856376648
hpgteigvcc.mp4,0.09323281794786453
hpgyfsynif.mp4,0.9899998307228088
hphaokkuxd.mp4,0.5016291737556458
hphxgttbro.mp4,0.9488289952278137
hpibvkqmvh.mp4,0.933743417263031
hpierzntfi.mp4,0.9863277077674866
hpirlwniwe.mp4,0.9057519435882568
hpjcrnqxyo.mp4,0.9341722726821899
hpjecyfqrx.mp4,0.18974073231220245
hpjlsodvji.mp4,0.9232333302497864
hpkvnqbnyt.mp4,0.975141704082489
hplnnfomzi.mp4,0.9845998883247375
hpmezdkuki.mp4,0.8878207802772522
hpneudadtf.mp4,0.3429340720176697
hpnhftyxnr.mp4,0.5862505435943604
hpnicxbgrn.mp4,0.9233123660087585
hpnkbdrjsz.mp4,0.8675935864448547
hpomliuqdc.mp4,0.9844759106636047
hponjexdhn.mp4,0.8986544013023376
hpoqxrddlx.mp4,0.36880385875701904
hpotsxzxbx.mp4,0.9369478821754456
hppeihmuec.mp4,0.9899647235870361
hppiwnhbax.mp4,0.6606930494308472
hppthldonb.mp4,0.8124759197235107
hppwmqphfq.mp4,0.9745127558708191
hpqgkultrg.mp4,0.9885472059249878
hpqlwuwerw.mp4,0.9472194910049438
hpqmelyasc.mp4,0.9898766279220581
hprzotbjtj.mp4,0.5128887891769409
hptbcitxji.mp4,0.6945822238922119
hpurahupjh.mp4,0.16672568023204803
hpvoiuirnt.mp4,0.9853246212005615
hpvpqejzle.mp4,0.09168761223554611
hpvtmohvma.mp4,0.9828185439109802
hpxikhknts.mp4,0.9840081334114075
hpxkitfcxm.mp4,0.1769641488790512
hpxsnuodkh.mp4,0.973236083984375
hpypqkybny.mp4,0.9454047679901123
hpzqubfjom.mp4,0.9573426246643066
hpzwxyqpht.mp4,0.9877488613128662
hqacfyyvqa.mp4,0.9862794280052185
hqaogapyog.mp4,0.9742603302001953
hqbcowwydf.mp4,0.41686466336250305
hqbgbuxksq.mp4,0.9540443420410156
hqbwqqwxgl.mp4,0.9764001369476318
hqcdljodok.mp4,0.13747018575668335
hqcgyayuwb.mp4,0.9834015369415283
hqcieyxrgs.mp4,0.4581867456436157
hqcveqsrsb.mp4,0.7812954187393188
hqcwnryzvl.mp4,0.7954338192939758
hqdfmlonnd.mp4,0.9829826951026917
hqdpqxvekq.mp4,0.981641411781311
hqebuosggp.mp4,0.681981086730957
hqeldyhmpu.mp4,0.9376838803291321
hqeseklsdo.mp4,0.8649135231971741
hqftstuxzs.mp4,0.8988580107688904
hqfxruqynj.mp4,0.9894595146179199
hqgbifpkry.mp4,0.9885913729667664
hqgervpkkf.mp4,0.1845388263463974
hqgndlnyvu.mp4,0.1932513266801834
hqgoqmozpm.mp4,0.9900000691413879
hqiebmrvou.mp4,0.989853024482727
hqionfqgsu.mp4,0.9821040630340576
hqixijrrjd.mp4,0.902666449546814
hqjuvsqmpv.mp4,0.9531534910202026
hqkpapumoa.mp4,0.21682478487491608
hqlfvevxfl.mp4,0.6611355543136597
hqlmhjsbgj.mp4,0.9686773419380188
hqmvbuwhwa.mp4,0.09810733795166016
hqnfmvrjlo.mp4,0.9899542927742004
hqnwdzttpm.mp4,0.06448624283075333
hqosycfrjf.mp4,0.9689909219741821
hqpjmwyygq.mp4,0.08301994949579239
hqpntlbcte.mp4,0.9883561730384827
hqpqwfnjwz.mp4,0.6843281984329224
hqqkhnvgtc.mp4,0.22660532593727112
hqqnsbetzv.mp4,0.983104407787323
hqrrpdijqb.mp4,0.874181866645813
hqsrildiwm.mp4,0.978965163230896
hqsuovcrlk.mp4,0.940639853477478
hqtjafdzow.mp4,0.9888838529586792
hqtmojujlv.mp4,0.957849383354187
hqvchagnjd.mp4,0.9275938868522644
hqvhlivsas.mp4,0.33937421441078186
hqwfxfcohn.mp4,0.9627764821052551
hqwhpdgort.mp4,0.9065412282943726
hqwxwmvopn.mp4,0.9765014052391052
hqxhkfkzyv.mp4,0.9390057921409607
hqxlyxhjin.mp4,0.49237245321273804
hqxniwuzth.mp4,0.9899997711181641
hqxtmetifv.mp4,0.9827215075492859
hqzvjivapc.mp4,0.9899547100067139
hraxiiyfvg.mp4,0.9884430170059204
hrbdgunsvk.mp4,0.8455747365951538
hrblxtujgx.mp4,0.280792236328125
hrbrjdctgm.mp4,0.8875598311424255
hrbwvtjwat.mp4,0.8113294839859009
hrcciawbyh.mp4,0.9035986661911011
hrcfjojxqq.mp4,0.9415416717529297
hrcggrngog.mp4,0.9830246567726135
hrchuhybuy.mp4,0.9749429821968079
hrcmsestby.mp4,0.1637391746044159
hrdezifdym.mp4,0.8642584681510925
hrdlenccwv.mp4,0.941506028175354
hrepdeiczh.mp4,0.9854791164398193
hrettxkjco.mp4,0.9857749938964844
hrfjbsruvh.mp4,0.8832690715789795
hrfkjdtzww.mp4,0.9475721120834351
hrflalczag.mp4,0.12961484491825104
hrfplvcrnp.mp4,0.973707914352417
hrfweylnua.mp4,0.9462186098098755
hrhxpqjpui.mp4,0.9870404005050659
hrhzoupjzq.mp4,0.9899979829788208
hrigwyzdtm.mp4,0.9361447095870972
hrilefvfga.mp4,0.17334021627902985
hrimlwvzjd.mp4,0.9598293900489807
hriultflyg.mp4,0.13975197076797485
hrizczebyb.mp4,0.9832237958908081
hrjaahazzq.mp4,0.8400205969810486
hrjiflwsrx.mp4,0.9862070679664612
hrjkgzpcgc.mp4,0.8787462711334229
hrjphyuizh.mp4,0.6705716848373413
hrkgvxumkl.mp4,0.9574344754219055
hrkikllkqt.mp4,0.9685085415840149
hrkrdfhmdr.mp4,0.3374120891094208
hrkvhduqqm.mp4,0.9505304098129272
hrkwsnfbfp.mp4,0.9348081350326538
hrlrtaouty.mp4,0.9608898758888245
hrlshhoiko.mp4,0.9881449341773987
hrlttulqpm.mp4,0.9896127581596375
hrmqefifhs.mp4,0.19902567565441132
hrncvumttq.mp4,0.9674977660179138
hrnrjdfoqh.mp4,0.22956140339374542
hrofeelxvp.mp4,0.9794486165046692
hroqcpapmy.mp4,0.8347821831703186
hrotywgvnz.mp4,0.9433797001838684
hrpdutntqq.mp4,0.9851524233818054
hrpffqsxiv.mp4,0.8922650814056396
hrqqeibfnm.mp4,0.9899376034736633
hrrrvetfgu.mp4,0.9389705061912537
hrrwofyxnz.mp4,0.801863968372345
hrsdmqnrgy.mp4,0.9858326315879822
hrsiwoxehy.mp4,0.9468223452568054
hrthfgffnf.mp4,0.9476632475852966
hrtmclnwyq.mp4,0.159749373793602
hrtmnxmadf.mp4,0.3713383078575134
hrtvdjgrqc.mp4,0.9834099411964417
hrtyepnllz.mp4,0.9292624592781067
hrucxshlym.mp4,0.9408636689186096
hrumbmmwuf.mp4,0.4931199252605438
hrviseedju.mp4,0.9857228398323059
hrvliizvgg.mp4,0.97666996717453
hrvqywpiev.mp4,0.9723550081253052
hrvsdlljgn.mp4,0.9886683821678162
hrvyuyjwuv.mp4,0.8951303958892822
hrxijsbgns.mp4,0.9900001883506775
hrxqwqdrfd.mp4,0.7535119652748108
hrxximpcnf.mp4,0.9829476475715637
hrydrvbapt.mp4,0.984740674495697
hryhqvkupl.mp4,0.985873281955719
hrzdrybpdy.mp4,0.9745590686798096
hrznynemfj.mp4,0.13343974947929382
hrzskpirud.mp4,0.9700446128845215
hsaafwdtoj.mp4,0.04962855204939842
hsazdtrvux.mp4,0.9369238018989563
hsbmlcuxyx.mp4,0.909652054309845
hscinccfcp.mp4,0.8897281289100647
hsdyfidrxi.mp4,0.9873690009117126
hselhjjdwg.mp4,0.9824394583702087
hsfbyxbkmn.mp4,0.17213571071624756
hsfchihmld.mp4,0.9486122131347656
hsfkitehzn.mp4,0.9893800616264343
hsfrlqoezc.mp4,0.9856980443000793
hsgmhqmqpn.mp4,0.9673095345497131
hshapbcail.mp4,0.3663601279258728
hshlhtycxr.mp4,0.989518940448761
hsholijlwo.mp4,0.964981734752655
hsibptqojw.mp4,0.11434298008680344
hsivixcmnn.mp4,0.9317682385444641
hsiwbtszfc.mp4,0.1271936148405075
hsjukoflzf.mp4,0.5636042952537537
hsjzcuaors.mp4,0.9887399673461914
hskevjjlzp.mp4,0.9773725867271423
hskxjddedq.mp4,0.9900000095367432
hskzjifsqo.mp4,0.6109331250190735
hsmggsiwax.mp4,0.8247455954551697
hsnbqojgis.mp4,0.989864706993103
hsnyaujcts.mp4,0.9894471764564514
hsoybkvkrv.mp4,0.9695086479187012
hsqdhntniv.mp4,0.9653478264808655
hsrjpbooab.mp4,0.1704956442117691
hsrmbntnjw.mp4,0.9853066205978394
hsrvahwnuw.mp4,0.7872303128242493
hsrvqfoaoy.mp4,0.715164303779602
hssbxyyudp.mp4,0.8759774565696716
hstvglyexy.mp4,0.9296947121620178
hsubmoizkf.mp4,0.08253201097249985
hsunnwljgf.mp4,0.26083362102508545
hsvjituyll.mp4,0.06369735300540924
hsxhkffniw.mp4,0.9899704456329346
hsyvnjesxg.mp4,0.08073398470878601
hszitlusxg.mp4,0.14840897917747498
hszxdjvyva.mp4,0.26113781332969666
hszyxcktnw.mp4,0.8798393607139587
htajkoiyrr.mp4,0.09259499609470367
htawfkucux.mp4,0.9871186017990112
htcergdpsj.mp4,0.8794026374816895
htdbgatkbk.mp4,0.7041536569595337
htdbovnnfa.mp4,0.8652393817901611
htdkbuepzw.mp4,0.9899641871452332
htdxbghbeg.mp4,0.9858963489532471
htecfndsrs.mp4,0.9652227759361267
htekfrsraw.mp4,0.9732034206390381
hteouiubpz.mp4,0.9899998903274536
htexdzffsg.mp4,0.9864013195037842
htfcxeytvn.mp4,0.9791851043701172
hthvckddty.mp4,0.9283397793769836
htigwwgwkf.mp4,0.35945671796798706
htiihimjnm.mp4,0.9832804799079895
htiiwicntu.mp4,0.15207669138908386
htixfnxfgt.mp4,0.926917314529419
htkelwcies.mp4,0.9837867617607117
htkszkediw.mp4,0.40796440839767456
htlcviofbb.mp4,0.971563458442688
htlytxvrxf.mp4,0.9849337339401245
htmmpihuxm.mp4,0.9126890897750854
htofmqfrjk.mp4,0.9900001287460327
htogozkrax.mp4,0.950486421585083
htohhxlfnl.mp4,0.9836304187774658
htoothlges.mp4,0.9642566442489624
htoyvdszos.mp4,0.9831357002258301
htpazaviko.mp4,0.8285648226737976
htpynjivdq.mp4,0.7150857448577881
htqfkjzpuv.mp4,0.9892544150352478
htqfzcytzu.mp4,0.9363538026809692
htqhzfwsmb.mp4,0.21488089859485626
htqvbtsnrv.mp4,0.8240723609924316
htrmbppvvr.mp4,0.9501398801803589
htrwxzllri.mp4,0.9107303023338318
htsviqkpig.mp4,0.942011296749115
htuvyvkovk.mp4,0.9871746897697449
htuxozplwj.mp4,0.19684983789920807
htvbzxbpmd.mp4,0.9894055128097534
htwkhbxggy.mp4,0.15919801592826843
htwrdfuipf.mp4,0.9877294898033142
htxrveybse.mp4,0.9889166951179504
htyilrgshp.mp4,0.93642258644104
htyzbxdetd.mp4,0.7630093097686768
htztzgkfzv.mp4,0.4597034156322479
hubqivdhne.mp4,0.9839386940002441
hubuiiwdtn.mp4,0.9898149967193604
hucmdlcmdg.mp4,0.723547101020813
huecqgjncq.mp4,0.9815204739570618
hueziwjubp.mp4,0.8113351464271545
hufloxjssp.mp4,0.9899999499320984
hufywdzltd.mp4,0.8885751962661743
hugbzjpphk.mp4,0.9631245732307434
hugopxwqks.mp4,0.9737938642501831
huhwegsrhh.mp4,0.5304308533668518
huhxclvymi.mp4,0.7944082617759705
huhxwuihzm.mp4,0.9860182404518127
huiqdkxjuu.mp4,0.6816628575325012
huirsgmbxy.mp4,0.9850309491157532
hujddswvon.mp4,0.9165992736816406
hujmromlkd.mp4,0.9898423552513123
hujqhjtxub.mp4,0.17962424457073212
hukhzzntwr.mp4,0.9852519631385803
hukttnllxr.mp4,0.9254509806632996
hulfidzhmi.mp4,0.9792941212654114
hunpbscjol.mp4,0.9218720197677612
huntakrfzp.mp4,0.9703050851821899
huoaqoftqs.mp4,0.8808874487876892
huontkxnwo.mp4,0.14257441461086273
huoueercpo.mp4,0.8038063645362854
huouxztjql.mp4,0.9836923480033875
huqivatfln.mp4,0.9899632334709167
hurlxdpsxl.mp4,0.9868306517601013
hurylpugkq.mp4,0.9346409440040588
husskehtel.mp4,0.1979735642671585
huucvrfcfm.mp4,0.8973959684371948
huuebfmqec.mp4,0.9877405762672424
huvdiotphl.mp4,0.9899784922599792
huvgomcylt.mp4,0.9782961010932922
huvmpblgyw.mp4,0.986452579498291
huwetbwqtr.mp4,0.8515734672546387
huyikpryex.mp4,0.9855785369873047
huyniwuhqe.mp4,0.9888746738433838
huzaqiagsc.mp4,0.9760992527008057
huzpmegfxj.mp4,0.9634609818458557
huzryvwrfa.mp4,0.4488943815231323
hvajujwuez.mp4,0.9740879535675049
hvalvoklqf.mp4,0.9899999499320984
hvayvsrcxg.mp4,0.8991750478744507
hvbbizddfc.mp4,0.2665526568889618
hvbfbdqdin.mp4,0.4247419536113739
hvcxqgiwfe.mp4,0.9717683792114258
hvddxkjpgm.mp4,0.9389892220497131
hvdftuozuk.mp4,0.9177030324935913
hvdkiikndg.mp4,0.2721947729587555
hvefzshjxl.mp4,0.9753825664520264
hvfgnmjmvl.mp4,0.31568121910095215
hvgokdtdla.mp4,0.9787527918815613
hvhduzbzjw.mp4,0.9849886894226074
hvhrlowtzh.mp4,0.9888391494750977
hvizpibrvb.mp4,0.15437401831150055
hvkcuhyedq.mp4,0.9555101990699768
hvkuzvtulc.mp4,0.9252271056175232
hvkwnouqnx.mp4,0.9454250335693359
hvkwqeaczn.mp4,0.919036328792572
hvlgjwfnrp.mp4,0.34644144773483276
hvmllpuucc.mp4,0.9297879338264465
hvnzdsvkpa.mp4,0.941021740436554
hvopzymymu.mp4,0.16017551720142365
hvqfyaxyfj.mp4,0.8402401804924011
hvqmkyrggf.mp4,0.5238802433013916
hvrbzohjij.mp4,0.987670361995697
hvrogfypmt.mp4,0.9886900782585144
hvrqacacno.mp4,0.9421110153198242
hvshaelzle.mp4,0.9878216981887817
hvshykjvwt.mp4,0.09119588136672974
hvsoudzqfb.mp4,0.9882082343101501
hvtsyiuvcn.mp4,0.9900001287460327
hvtwtohuor.mp4,0.9820497035980225
hvuxhtdbqf.mp4,0.8300999999046326
hvvemhbopa.mp4,0.9862938523292542
hvvohsysmz.mp4,0.9797129034996033
hvxjjbvcwj.mp4,0.6233456134796143
hvxlokkbzn.mp4,0.12791374325752258
hvxmvczeqx.mp4,0.9899694919586182
hvxrsfgvyi.mp4,0.7762585878372192
hvyhhgtkpb.mp4,0.9784515500068665
hvywucdzbt.mp4,0.9688995480537415
hvzboteugl.mp4,0.9900000095367432
hvzbxqeisd.mp4,0.9624818563461304
hvznknkjvq.mp4,0.6687695980072021
hvzoeiqyqe.mp4,0.8944333791732788
hwafeitigg.mp4,0.544249415397644
hwapuqrvfb.mp4,0.9545431137084961
hwaslzerct.mp4,0.9828475117683411
hwbnnzmcos.mp4,0.6909446716308594
hwckmbvupn.mp4,0.9412462115287781
hwcpjaebpn.mp4,0.9667056798934937
hwdlruplpx.mp4,0.13323882222175598
hwepjtfgdu.mp4,0.966372013092041
hwfnbfscmk.mp4,0.6824061870574951
hwgbkoswda.mp4,0.9746319651603699
hwgdtucbck.mp4,0.5494750142097473
hwgvcwpzod.mp4,0.39837318658828735
hwgyszfbcc.mp4,0.988093912601471
hwhqtnxdsd.mp4,0.14998288452625275
hwixlpyhpe.mp4,0.9748671054840088
hwjkdmwrce.mp4,0.9360094666481018
hwjkxkreht.mp4,0.8371119499206543
hwjlcdwuyq.mp4,0.12233930826187134
hwjqfepxmx.mp4,0.24588234722614288
hwjyutuyee.mp4,0.4812694489955902
hwkcwhwgix.mp4,0.985651433467865
hwkplisvwe.mp4,0.47914955019950867
hwlwjbtrzq.mp4,0.9888263940811157
hwmbdrmueb.mp4,0.9794041514396667
hwmwyhtoqf.mp4,0.9250102043151855
hwmybqyceh.mp4,0.970949649810791
hwnavovbnf.mp4,0.9126874208450317
hwnmkmvzfo.mp4,0.9139991998672485
hwoxyvspab.mp4,0.9751116633415222
hwpkcfgqbk.mp4,0.7306056618690491
hwqmdqroas.mp4,0.9881961941719055
hwrgbbswlw.mp4,0.97841876745224
hwsgjnslze.mp4,0.9593508243560791
hwsneitzms.mp4,0.507883608341217
hwspklkjol.mp4,0.8564469814300537
hwsqxlbtgc.mp4,0.14809826016426086
hwssfxdbbv.mp4,0.9174193143844604
hwszxmhues.mp4,0.40093791484832764
hwtjiitwwe.mp4,0.35885119438171387
hwtnalvalq.mp4,0.9585302472114563
hwtnwtczts.mp4,0.9899004101753235
hwtrzrxkyg.mp4,0.8221437335014343
hwuavdwztw.mp4,0.9045165181159973
hwufwjdaai.mp4,0.9200503826141357
hwuksjmpvu.mp4,0.9615623354911804
hwupzqblgo.mp4,0.9722208380699158
hwuxekhvmb.mp4,0.8859585523605347
hwweeeqkll.mp4,0.9752549529075623
hwwirlqjuh.mp4,0.6965823173522949
hwwmhwkdhb.mp4,0.8444443941116333
hwwmwwteag.mp4,0.9721623063087463
hwxamzrdaw.mp4,0.12177526205778122
hwyguzgmzq.mp4,0.9666251540184021
hwypebukel.mp4,0.6528880596160889
hwyuwbnszo.mp4,0.9889236092567444
hwyvbtuvoe.mp4,0.6711336374282837
hxadmqihjf.mp4,0.9880738258361816
hxahnhbnrz.mp4,0.1424150913953781
hxamrqjjwm.mp4,0.17836721241474152
hxbklovyme.mp4,0.9898622632026672
hxbtxphmom.mp4,0.936015248298645
hxcejljpta.mp4,0.9877485036849976
hxddpnvklf.mp4,0.9476564526557922
hxdktprbdm.mp4,0.8597092032432556
hxfbxeudpd.mp4,0.5172299742698669
hxfqltenqh.mp4,0.20998550951480865
hxfyzpnwgd.mp4,0.9815201163291931
hxgcefsums.mp4,0.21461540460586548
hxgmozlftr.mp4,0.984061598777771
hxgqkqtcwy.mp4,0.5588459372520447
hxhqqdtdeg.mp4,0.33011341094970703
hxijwdmltd.mp4,0.9402685761451721
hxipakgdqj.mp4,0.8477732539176941
hxixbghgxj.mp4,0.9037212133407593
hxjwywtwmb.mp4,0.9867002367973328
hxkewzrwjo.mp4,0.9897937774658203
hxmwbpwwlv.mp4,0.7415149211883545
hxnvptlgcu.mp4,0.988605797290802
hxofsiydpl.mp4,0.9813825488090515
hxorjqfecw.mp4,0.41282254457473755
hxpkxzoseq.mp4,0.9771658778190613
hxqzlyumcg.mp4,0.7679269909858704
hxrckqklrs.mp4,0.9870646595954895
hxrduudydx.mp4,0.9323325157165527
hxrlyivxvh.mp4,0.9748636484146118
hxrruqinnh.mp4,0.8354085087776184
hxrzxtizic.mp4,0.9637253880500793
hxtnpcdaum.mp4,0.952141523361206
hxuijnzfvw.mp4,0.6491344571113586
hxutvmudyl.mp4,0.8520421385765076
hxvqvnqwwb.mp4,0.965971827507019
hxwzblwhdi.mp4,0.8497666120529175
hxxcsuzjqx.mp4,0.9899998903274536
hxxjoiyqqv.mp4,0.17386654019355774
hxyhoufgrm.mp4,0.9397324323654175
hxywvspdgi.mp4,0.9807834625244141
hxzczdbibf.mp4,0.15168239176273346
hxzftbkedt.mp4,0.9899999499320984
hxzhvrhlfs.mp4,0.21551282703876495
hyaabcnwum.mp4,0.9756177663803101
hyacxfznfc.mp4,0.9898957014083862
hyaicsqrnu.mp4,0.9831113815307617
hyalywahqn.mp4,0.9855189323425293
hyamgqummb.mp4,0.805158793926239
hyaoeiownm.mp4,0.9578356742858887
hybbdegxvk.mp4,0.9632143974304199
hybjfytvwo.mp4,0.14043046534061432
hybocopfwt.mp4,0.10368795692920685
hycvcywqid.mp4,0.9828041195869446
hydytyakzr.mp4,0.9654327630996704
hyefliglvt.mp4,0.9806088805198669
hyeotskpuk.mp4,0.9825223684310913
hyesgtzimm.mp4,0.9615243673324585
hyfazmeacv.mp4,0.4882117807865143
hygximjjnw.mp4,0.9848098754882812
hyheeyffxt.mp4,0.936040997505188
hyihnzrlex.mp4,0.9264097213745117
hyiigyjbmd.mp4,0.7951176166534424
hyizhsdahl.mp4,0.1406417340040207
hyjbsteleq.mp4,0.9899999499320984
hykhlwchzt.mp4,0.8715469837188721
hykoiqkbcv.mp4,0.40703731775283813
hykupxvaxj.mp4,0.9849534630775452
hykwehvlji.mp4,0.9802646040916443
hylhabqxpy.mp4,0.29431819915771484
hylimfhykk.mp4,0.9854309558868408
hylmyxkwlh.mp4,0.9183447957038879
hylvpzoqpn.mp4,0.7782780528068542
hylzxlfyus.mp4,0.15709814429283142
hymwuaomiw.mp4,0.29143857955932617
hynagulpwz.mp4,0.979366660118103
hyqhqaosfl.mp4,0.3130250573158264
hyqnbsrinc.mp4,0.8430493474006653
hyqomxgzrg.mp4,0.9869511127471924
hyqpaqnmpv.mp4,0.9900000095367432
hyqxxshotc.mp4,0.0912773385643959
hyrfzhhgre.mp4,0.7057815194129944
hyrhddtayk.mp4,0.17093588411808014
hyrufbafyc.mp4,0.9383746981620789
hyrugmqhbc.mp4,0.5411900281906128
hysmzkqsdl.mp4,0.1489877998828888
hytcfohlkv.mp4,0.23920075595378876
hytdcdixlv.mp4,0.9880460500717163
hytkciqjko.mp4,0.7746416330337524
hytzleqzdw.mp4,0.9652552604675293
hyukhkwhtn.mp4,0.7789304852485657
hyvdtasvvc.mp4,0.9595837593078613
hyxbgxnsvz.mp4,0.11056960374116898
hyxfugmowu.mp4,0.8905346989631653
hyxwqqhbtb.mp4,0.3668983578681946
hyylxcyelg.mp4,0.09611815959215164
hyzoxkmcdr.mp4,0.9754284024238586
hzacynzkcu.mp4,0.9554713368415833
hzblrhnitq.mp4,0.6201163530349731
hzbuabrbvf.mp4,0.1525016576051712
hzbydejarq.mp4,0.9734300374984741
hzddssvylu.mp4,0.9895071387290955
hzdkasgymo.mp4,0.8886520266532898
hzeqgckwyg.mp4,0.9615737199783325
hzessrlmik.mp4,0.41314148902893066
hzfymkaibp.mp4,0.8835071325302124
hzgtrzyuld.mp4,0.9899371862411499
hzhpfomgqf.mp4,0.8749130368232727
hzhpkfynsu.mp4,0.9338338375091553
hzhqjbrmui.mp4,0.9487605094909668
hzhqwtkwwq.mp4,0.9783974885940552
hzhuilctfp.mp4,0.8087924122810364
hzhwgieazk.mp4,0.9893238544464111
hzicugvreh.mp4,0.935825765132904
hzinugqapj.mp4,0.7976792454719543
hzizltbggv.mp4,0.9736396074295044
hzjmslmkue.mp4,0.9752137660980225
hzjoljnatn.mp4,0.8031181693077087
hzjunvkstz.mp4,0.9686141610145569
hzkpyvitkj.mp4,0.9888818860054016
hzkxlsfxbk.mp4,0.06859076768159866
hzlitwzkhf.mp4,0.9122908115386963
hzmellkdvz.mp4,0.8979440927505493
hzmhezkxsf.mp4,0.9705953001976013
hznaljgdzc.mp4,0.3619897961616516
hznmrjbckp.mp4,0.9563544392585754
hznsgfmfvj.mp4,0.9683179259300232
hzogjayovj.mp4,0.27255216240882874
hzohyyrfdj.mp4,0.9894819855690002
hzoyngiaoz.mp4,0.9364831447601318
hzpezehigs.mp4,0.8699191808700562
hzpjegobrw.mp4,0.9899998903274536
hzrlcndrek.mp4,0.8225075602531433
hzsparxotj.mp4,0.9629589915275574
hzssesksot.mp4,0.2838367223739624
hzuyakazoo.mp4,0.3465047776699066
hzvfnkeuhu.mp4,0.9799420237541199
hzvsjhvepm.mp4,0.9650834202766418
hzvtmmdbpv.mp4,0.2801486849784851
hzwhewelss.mp4,0.9753320217132568
hzxwksyuxx.mp4,0.9825130701065063
hzxzeuuwac.mp4,0.6888604164123535
iaaecuquha.mp4,0.5010979771614075
iaasdaamvq.mp4,0.9788773655891418
iaawixugwg.mp4,0.87885981798172
iabrckrzzb.mp4,0.9771426320075989
iackjaqvnz.mp4,0.9651838541030884
iadglutuip.mp4,0.9873712658882141
iadhtmfonc.mp4,0.878460168838501
iaeoilngdv.mp4,0.9300153255462646
iaephhhsbp.mp4,0.46331682801246643
iaffxzbsat.mp4,0.13270148634910583
iafpekejto.mp4,0.41462019085884094
iaggyguueu.mp4,0.41046738624572754
iagsuyrhfv.mp4,0.9899999499320984
iagtuzbrax.mp4,0.9719862341880798
iahqztseln.mp4,0.40524160861968994
iahumkrqom.mp4,0.9826270937919617
iahzcxmuck.mp4,0.2257664054632187
iaiyrdizoh.mp4,0.895025908946991
iajblozgtx.mp4,0.9147140383720398
iakkfkedts.mp4,0.13055624067783356
iaklhigjuj.mp4,0.9845513701438904
iaknaxuuhv.mp4,0.9857295155525208
iakovzidoj.mp4,0.6605703830718994
iakzgqqova.mp4,0.46515652537345886
ialahsnskn.mp4,0.521253764629364
ialifkmkeh.mp4,0.8515864610671997
ianegceftx.mp4,0.7769908308982849
ianhunltdj.mp4,0.9899238348007202
ianyazeqng.mp4,0.9128431081771851
iaocprcxtx.mp4,0.9069509506225586
iapkqojtfb.mp4,0.955582320690155
iapmgvknfw.mp4,0.8472315073013306
iapyznpzgw.mp4,0.248003751039505
iaqjkrucsa.mp4,0.9892429709434509
iargdxuhac.mp4,0.3709964156150818
iarhtpfnbt.mp4,0.9218332767486572
iarkkhmyta.mp4,0.1490255445241928
iarowhjwvl.mp4,0.20957359671592712
iaroxkofsz.mp4,0.9863207936286926
iasfjbowcb.mp4,0.4940747916698456
iasfksuaeb.mp4,0.9680278897285461
iasqxzcofm.mp4,0.9900000095367432
iatevqworc.mp4,0.9694302678108215
iathiiapiz.mp4,0.9900001287460327
iauytvnhuf.mp4,0.9207907319068909
iavkdhtxku.mp4,0.989982008934021
iavrplwusj.mp4,0.8071149587631226
iaxpznfgmx.mp4,0.9857136011123657
iayalzmyvk.mp4,0.773592472076416
iazfgosbgc.mp4,0.7184802889823914
iazktilafz.mp4,0.9608404636383057
ibbcanpfpz.mp4,0.7901090383529663
ibcoeemozu.mp4,0.27023693919181824
ibcqtraqym.mp4,0.9883673787117004
ibcrkohdrk.mp4,0.9779415726661682
ibcwqvjymz.mp4,0.9850693345069885
ibcxjvamtn.mp4,0.8641548156738281
ibdaotbwap.mp4,0.9768592715263367
ibdcakioxs.mp4,0.9334339499473572
ibdjhlazgn.mp4,0.12103479355573654
ibdnlvrnvu.mp4,0.9131635427474976
ibebxwclro.mp4,0.20466776192188263
ibeqsemwnq.mp4,0.988542914390564
ibgmhjenxr.mp4,0.5118833184242249
ibgocbdxva.mp4,0.9899999499320984
ibgylexamz.mp4,0.25041288137435913
ibhfdqywst.mp4,0.987165629863739
ibhhifhsba.mp4,0.987876296043396
ibhodehdzb.mp4,0.9472771883010864
ibhrbcboav.mp4,0.8083943128585815
ibjkcuwfby.mp4,0.7146390080451965
ibjkzbpqhd.mp4,0.9900000095367432
ibjnrzfngk.mp4,0.9515373706817627
ibjqcwchjo.mp4,0.9795709848403931
ibjwnqjulv.mp4,0.2784879207611084
ibkcnqqixc.mp4,0.18050649762153625
ibketgjuop.mp4,0.9882568120956421
ibksoedegv.mp4,0.20964612066745758
iblfjaagwo.mp4,0.9558906555175781
iblofvipyk.mp4,0.9827699661254883
iblqxqdpfr.mp4,0.6957070827484131
iblrdnkcny.mp4,0.1919618546962738
iboqzcaknp.mp4,0.1055266410112381
iboykxeyiq.mp4,0.8550661206245422
ibpkhvbton.mp4,0.8951267004013062
ibpmaawlyo.mp4,0.9857218265533447
ibqoxklbrh.mp4,0.09289763867855072
ibrdkgckhc.mp4,0.547873318195343
ibryrelmff.mp4,0.963516116142273
ibsjfqtooa.mp4,0.989922285079956
ibtbfelplt.mp4,0.9879166483879089
ibumwtxpsd.mp4,0.9895939826965332
ibusijathj.mp4,0.17679765820503235
ibvgqmxwiz.mp4,0.8642833232879639
ibvouhuzak.mp4,0.1848655343055725
ibvyapyort.mp4,0.10302192717790604
ibwpmofvsr.mp4,0.1518644094467163
ibwttyoraj.mp4,0.9511334300041199
ibxaeqkkkf.mp4,0.651994526386261
ibxesqtwof.mp4,0.2707544267177582
ibxjbinwhk.mp4,0.12559843063354492
ibxmhkmxpx.mp4,0.9135900735855103
ibxroxfckg.mp4,0.9895851612091064
ibxyizjjut.mp4,0.5840616226196289
ibxzhlqijg.mp4,0.9749664068222046
ibylnpjwsj.mp4,0.8782353401184082
ibyvsdbywn.mp4,0.8143900632858276
ibzgacltls.mp4,0.9851962924003601
ibzihaeowg.mp4,0.9220513105392456
icbggbmffh.mp4,0.9831822514533997
icbzbcwlgf.mp4,0.1345791220664978
icctbkjedq.mp4,0.953094482421875
icdmwvicft.mp4,0.9737488031387329
icdpbucptd.mp4,0.35455605387687683
icdurrnilp.mp4,0.24233579635620117
icdzrrflaj.mp4,0.87575364112854
icexgxjsbx.mp4,0.9866482615470886
icfgdgdzzu.mp4,0.869495689868927
icfhrsjvcf.mp4,0.7701592445373535
icflgdqzzp.mp4,0.8172505497932434
icfyibcstp.mp4,0.9878889322280884
icgapcxria.mp4,0.9751917123794556
icgiegvinq.mp4,0.969045877456665
icgrbktjov.mp4,0.9755324125289917
icgwvijfsj.mp4,0.8449485898017883
ichbahfgrd.mp4,0.9527080655097961
ichbbqrzzf.mp4,0.9741809368133545
icihmyxnps.mp4,0.9332349896430969
iciucnxpfs.mp4,0.9884903430938721
iciwnqedvi.mp4,0.9862472414970398
icjdgqaegf.mp4,0.8471702933311462
icjguyixom.mp4,0.9623684883117676
ickaowvree.mp4,0.9899999499320984
ickokxqfnq.mp4,0.9897472858428955
icleltrgvr.mp4,0.9007641673088074
icletkvmhy.mp4,0.703989565372467
iclvcqwdte.mp4,0.9899999499320984
icnsjvyovf.mp4,0.9899998903274536
icnxlpkqck.mp4,0.9855173826217651
icogfaodkh.mp4,0.7012674808502197
icoqtpzktv.mp4,0.9181637167930603
icovknaajw.mp4,0.9896447062492371
icpriujqbv.mp4,0.09851270914077759
icqmqztbry.mp4,0.36524975299835205
icqveacfdo.mp4,0.9361730813980103
icqvlexdsf.mp4,0.2431841492652893
icrgmcvxwy.mp4,0.8833689093589783
icrvorrnel.mp4,0.9653677940368652
icsdvfdvix.mp4,0.9159671068191528
icsyoswwvq.mp4,0.9134501814842224
ictiftibcz.mp4,0.9594457149505615
ictrscipdx.mp4,0.9438344836235046
ictsrbvpyw.mp4,0.18445464968681335
ictulnhznj.mp4,0.9461188316345215
icuolbvyqu.mp4,0.9315550327301025
icwciqzrid.mp4,0.9872616529464722
icwqxqfmqt.mp4,0.9548069834709167
icwvmmmlpy.mp4,0.28929224610328674
icwzexprfv.mp4,0.8567168712615967
icxhnmftoq.mp4,0.9819043278694153
icxllszfib.mp4,0.9636285305023193
icynhabozg.mp4,0.9257200956344604
icyttnhbcb.mp4,0.5998818278312683
iczglouguh.mp4,0.2787225842475891
icziwndesh.mp4,0.9899999499320984
iczlgqaqpg.mp4,0.7795426249504089
idarvroilu.mp4,0.9897112250328064
idawtjiblc.mp4,0.9190400838851929
idbhrszccl.mp4,0.828576385974884
idblbloesr.mp4,0.9385957717895508
idbrvettfr.mp4,0.9563382863998413
idbvfynrkg.mp4,0.9798815250396729
idbyqyjxer.mp4,0.9783264994621277
idclldpxxv.mp4,0.9891923666000366
idcxezkhbt.mp4,0.8658766746520996
idczrxmicy.mp4,0.9425342082977295
iddcpvsvnq.mp4,0.8335156440734863
iddusvxjjk.mp4,0.9760463833808899
ideirgtvwo.mp4,0.9873437881469727
idelcgqdok.mp4,0.937778890132904
idffgkfuuu.mp4,0.8416414856910706
idgviegmai.mp4,0.9882927536964417
idhbtlqlax.mp4,0.7952708601951599
idhqpwmptv.mp4,0.9621062874794006
idhucumgad.mp4,0.9839706420898438
idhxsxrljg.mp4,0.9347757697105408
idifdkemcz.mp4,0.7486291527748108
idjaubvnms.mp4,0.9248754978179932
idkctowzoy.mp4,0.9788392186164856
idkhtendeo.mp4,0.9732996225357056
idklchvhxp.mp4,0.1101166307926178
idklujzcjs.mp4,0.28985777497291565
idkypjamom.mp4,0.2093789279460907
idmpttjjmt.mp4,0.9843599200248718
idnbymuzkb.mp4,0.9742757081985474
idndashdrs.mp4,0.9428489804267883
idnrnqaocs.mp4,0.9365020990371704
idpnmsyoio.mp4,0.9838825464248657
idpqahuphg.mp4,0.9395726323127747
idpryxethg.mp4,0.9715179800987244
idpyzjmfvr.mp4,0.9900000691413879
idqfpxmkbz.mp4,0.9887559413909912
idqgctgfgm.mp4,0.8955354690551758
idqmbfhtod.mp4,0.9473711848258972
idrfcnqkmy.mp4,0.9811147451400757
idrywygpod.mp4,0.961694598197937
idsrgxzhuj.mp4,0.9784523844718933
idswtwyaat.mp4,0.23412920534610748
idtfzwduqc.mp4,0.1476992964744568
idthtttdin.mp4,0.9880096316337585
idtjidropp.mp4,0.9896512031555176
idumxqtpaq.mp4,0.984792947769165
idvckqxhku.mp4,0.9441609978675842
idvupxipcj.mp4,0.33837780356407166
idwhtnofel.mp4,0.18569441139698029
idwymigirr.mp4,0.9732941389083862
idwzwpxlhh.mp4,0.8140063881874084
idxzijbhuc.mp4,0.9759657382965088
idyaoorqlq.mp4,0.12346059828996658
idyeuzauml.mp4,0.9264534115791321
idymraczvi.mp4,0.9888722896575928
idytgtwoyw.mp4,0.9874408841133118
idznoeuphj.mp4,0.9900000095367432
ieahdkebjr.mp4,0.8981830477714539
ieahgrikbf.mp4,0.9886040091514587
ieammjzuzr.mp4,0.9776845574378967
ieazyslhjp.mp4,0.5091103911399841
ieblmcegmk.mp4,0.9636212587356567
iebmggvffj.mp4,0.9857732057571411
iedayonitd.mp4,0.4374483525753021
iedoxqgjib.mp4,0.9587005376815796
ieespskvba.mp4,0.9845918416976929
ieetcpdorf.mp4,0.976503312587738
iefejwjgxv.mp4,0.9176497459411621
ieffklubvw.mp4,0.9855891466140747
iefmojjwhd.mp4,0.10044179111719131
iefyuoxhji.mp4,0.08367963880300522
iegajauwmj.mp4,0.9888033270835876
ieghrgrzcg.mp4,0.9718927145004272
iegunvihwt.mp4,0.2420201301574707
ieijedcdgu.mp4,0.9040035605430603
ieiyrvycnc.mp4,0.7796416282653809
iejsjlmsbf.mp4,0.7461940050125122
iejtesnfvm.mp4,0.9434806108474731
iekjkjksds.mp4,0.9429149627685547
iekkobafvz.mp4,0.6447907090187073
iekpcgggfb.mp4,0.9885830879211426
ieljnverzu.mp4,0.9794752597808838
iellyzphms.mp4,0.963826060295105
ielpecwrvy.mp4,0.9695079326629639
iencorrqjy.mp4,0.21217972040176392
ieniyhcxoj.mp4,0.8596962690353394
ienzfrlnku.mp4,0.17302796244621277
ieoardezfz.mp4,0.9820533394813538
ieoervpooz.mp4,0.11945652961730957
ieojkfxvfb.mp4,0.9430838823318481
iepfpszzex.mp4,0.23837830126285553
iepiicsldm.mp4,0.7765746712684631
ieplvzbyvl.mp4,0.9585540890693665
ieqilqdtny.mp4,0.9872716665267944
ieqqabcgry.mp4,0.901947557926178
ieqrzhbkfi.mp4,0.8422901630401611
ieqsmnbncd.mp4,0.9855717420578003
ieqtuasijl.mp4,0.5682166814804077
ieqvxyxqaf.mp4,0.9891677498817444
ierdtqxaqx.mp4,0.989936351776123
ierqhmpksk.mp4,0.984376072883606
ierqmjhgkw.mp4,0.9549775123596191
iesftahqon.mp4,0.9488604068756104
iesgtcmomr.mp4,0.9324273467063904
iesqelxvxo.mp4,0.9178079962730408
ietaguzsww.mp4,0.5391808152198792
ietmndyxyc.mp4,0.8917681574821472
ieushlhwpk.mp4,0.9766969680786133
ievevzdypl.mp4,0.7080217003822327
ievjqsivjx.mp4,0.2629986107349396
iewanjcqyo.mp4,0.9823718070983887
iewggzdtmd.mp4,0.13461031019687653
iewhuybkzt.mp4,0.9720309972763062
iewlnbyxcr.mp4,0.9147490859031677
iewnksavpn.mp4,0.9710671901702881
iewubyuawz.mp4,0.9892022013664246
ieyaeossbx.mp4,0.9706360101699829
ieybduadtn.mp4,0.9900000691413879
ieysmiicva.mp4,0.9503703713417053
ifbftteujv.mp4,0.11576288938522339
ifbmgslpux.mp4,0.9132557511329651
ifbnqnateq.mp4,0.9641510248184204
ifcvgledqx.mp4,0.9143954515457153
ifdiyylyow.mp4,0.9054678678512573
ifdpnvioqy.mp4,0.9647537469863892
ifdrempraq.mp4,0.962067186832428
ifdxdslmat.mp4,0.2815457880496979
ifdycojmja.mp4,0.09424928575754166
ifdzmbmabw.mp4,0.9899870157241821
ifeiovrcyz.mp4,0.4797813594341278
ifetxjrqft.mp4,0.9877150058746338
iffowzafje.mp4,0.9887239933013916
ifggshtynd.mp4,0.9887675046920776
ifhkiyyjtc.mp4,0.9872927069664001
ifhlmoycii.mp4,0.9189971685409546
ifiabzpicn.mp4,0.9335106611251831
ifiidnukqv.mp4,0.6609823107719421
ifipnaujoy.mp4,0.9659989476203918
ifjsiierar.mp4,0.7931106090545654
ifjxjinmwm.mp4,0.9876449108123779
ifkgrayoeg.mp4,0.6871709823608398
ifksnroxss.mp4,0.9899755120277405
iflpspqqjz.mp4,0.983751654624939
ifmengvgvb.mp4,0.8226199746131897
ifncshryta.mp4,0.9856427311897278
ifnsbiqfdf.mp4,0.9763492345809937
ifoesojzgd.mp4,0.9351828098297119
ifougnqcfr.mp4,0.9771098494529724
ifpnkdloos.mp4,0.8327631950378418
ifpqeojocz.mp4,0.9810725450515747
ifpqwaqwfe.mp4,0.9332574605941772
ifqnnxzpry.mp4,0.6480252146720886
ifquukmxxm.mp4,0.10701775550842285
ifrgshsycv.mp4,0.964217483997345
ifrxcbqamt.mp4,0.39859554171562195
ifsqlqkvvg.mp4,0.9131144881248474
ifsukcvnch.mp4,0.9645000696182251
iftayphwhc.mp4,0.980156421661377
ifthrazggb.mp4,0.9888913035392761
iftqakgrmy.mp4,0.8840144872665405
iftscryovw.mp4,0.8400407433509827
ifubyoaifk.mp4,0.09368088096380234
ifvypkuwuk.mp4,0.08856728672981262
ifwhspkofn.mp4,0.9900000095367432
ifxaojtzqg.mp4,0.07822668552398682
ifypxgoczv.mp4,0.8844238519668579
igaobtaeuk.mp4,0.16734682023525238
igbhevulbb.mp4,0.9891868233680725
igbnijdvai.mp4,0.9865337014198303
igbvqmetfq.mp4,0.8792615532875061
igbxxjlcsp.mp4,0.9816608428955078
igbyejqxve.mp4,0.9868980050086975
igbypcqmah.mp4,0.937775731086731
igcpecxbxu.mp4,0.9851435422897339
igcqzxjezw.mp4,0.49410194158554077
igedkulsvc.mp4,0.8710185289382935
igekiersqy.mp4,0.9890378713607788
iggaslwzex.mp4,0.8630720376968384
iggojuqqng.mp4,0.9898951649665833
igguzxdchx.mp4,0.9732936024665833
iggzpvhqpl.mp4,0.8686259388923645
igicvxhpvq.mp4,0.35264408588409424
igigqwkkkj.mp4,0.9398508667945862
igiqjkzwbj.mp4,0.14316891133785248
igkhzfxvlv.mp4,0.966984212398529
igloenuzfl.mp4,0.9802703857421875
igndyvsvjz.mp4,0.9856847524642944
ignjgucwqo.mp4,0.09011023491621017
ignnnnpang.mp4,0.1450808346271515
ignosnyrgj.mp4,0.9685189127922058
igoscayqzz.mp4,0.9566653370857239
igouepvsij.mp4,0.9876020550727844
igpgpxsxfi.mp4,0.9871988892555237
igpqypvhtg.mp4,0.982183575630188
igpuctdnhm.mp4,0.9894598722457886
igsqiwufse.mp4,0.12912344932556152
igszgtyaou.mp4,0.9458546042442322
igtgmuljlt.mp4,0.906324565410614
igtwtegocc.mp4,0.9623983502388
igublytzpc.mp4,0.934537947177887
igukuxrfcz.mp4,0.9900000691413879
igvhwcjqqi.mp4,0.8040103912353516
igvtidvimh.mp4,0.9060773253440857
igwekiidbq.mp4,0.9785118699073792
igwkzixatk.mp4,0.8545423746109009
igwuwvvjkv.mp4,0.9871839880943298
igwyftdshr.mp4,0.6966555714607239
igxcdfatrf.mp4,0.8626992106437683
igxhynhfsr.mp4,0.16754375398159027
igydssgspa.mp4,0.2287714183330536
igyligfzip.mp4,0.7711341381072998
ihaenwsjeg.mp4,0.9837557077407837
ihahebszkv.mp4,0.9892944097518921
ihaqcaeveo.mp4,0.9899998903274536
ihazqithac.mp4,0.9741395115852356
ihbkkxqfue.mp4,0.985432505607605
ihbtgqksjv.mp4,0.9738085865974426
ihceabkzlk.mp4,0.6347978711128235
ihcnyhddua.mp4,0.9728012084960938
ihcxgmbubo.mp4,0.8218716382980347
ihdgrfnndy.mp4,0.9397944808006287
ihdopxhysr.mp4,0.9784569144248962
ihdspfgwip.mp4,0.754280149936676
ihflbuvazj.mp4,0.9826197624206543
ihgiilzahj.mp4,0.8978604674339294
ihgkxfqczm.mp4,0.3074690103530884
ihgvbkognw.mp4,0.8154730796813965
ihhaaurrmn.mp4,0.824279248714447
ihhgledxgx.mp4,0.9850121140480042
ihhwpdsrvf.mp4,0.9899265766143799
ihjiysecxt.mp4,0.1074829176068306
ihjtihwars.mp4,0.07574214786291122
ihkcjetbrc.mp4,0.09488624334335327
ihkenvytso.mp4,0.8319321870803833
ihknrbxosz.mp4,0.6175112128257751
ihlwqfxdwa.mp4,0.9511600732803345
ihlwuzlhii.mp4,0.9899940490722656
ihmmwjfyqf.mp4,0.9863215684890747
ihmwekcjlb.mp4,0.969970166683197
ihnelbxnxa.mp4,0.8899871706962585
ihnjwwvpbz.mp4,0.36688610911369324
ihnmbvgfqn.mp4,0.9900000691413879
ihocczjmdk.mp4,0.9730897545814514
ihohnncinv.mp4,0.9367954730987549
ihrdbdpbes.mp4,0.9589733481407166
ihshihvwkk.mp4,0.8839017152786255
ihsjupntno.mp4,0.956803560256958
ihsokbmjbc.mp4,0.9743742346763611
ihstncrcwa.mp4,0.9819733500480652
ihszkmcwvw.mp4,0.13923868536949158
ihtsucyrjz.mp4,0.979296863079071
ihtzbryflc.mp4,0.845047116279602
ihubnfhyuw.mp4,0.9462424516677856
ihugfangyt.mp4,0.5831061601638794
ihwgpktjiq.mp4,0.9297788143157959
ihxgskwgvn.mp4,0.9876800179481506
ihzrsqmrxi.mp4,0.34323903918266296
iiawmjvzsd.mp4,0.9867199659347534
iibdamwadw.mp4,0.11971543729305267
iibfhdltcd.mp4,0.8354277610778809
iibolawmoq.mp4,0.8472391366958618
iichbiatyw.mp4,0.9205074310302734
iicreugtei.mp4,0.9850146174430847
iicsvrikit.mp4,0.9502796530723572
iidbhoxlpr.mp4,0.15229643881320953
iidoeyujak.mp4,0.983796238899231
iidsevbnrs.mp4,0.4116789400577545
iidspecvyy.mp4,0.9767876267433167
iidxfdoplp.mp4,0.8601094484329224
iiefdnlzps.mp4,0.9864000082015991
iiesesoyxp.mp4,0.9869439005851746
iifumipimm.mp4,0.9020893573760986
iigcoabzxw.mp4,0.9895421266555786
iiggbgfpsz.mp4,0.983590304851532
iihqpphuyy.mp4,0.916035532951355
iihsdrajtc.mp4,0.754019021987915
iiiycdclun.mp4,0.9852728247642517
iiiylmxggs.mp4,0.8912063241004944
iijyezwuua.mp4,0.2645206153392792
iijypkhgyw.mp4,0.8917022943496704
iikdjnrllm.mp4,0.7468885779380798
iilenvtqqu.mp4,0.7111800312995911
iilormraws.mp4,0.9294400811195374
iilvxqnapt.mp4,0.9446418881416321
iilxfvdyrq.mp4,0.9346998929977417
iilzyabbzl.mp4,0.9887319207191467
iinevbpmcf.mp4,0.757103443145752
iioiaeqxcj.mp4,0.980111300945282
iipgclzryu.mp4,0.989940881729126
iipnaebawa.mp4,0.9767985939979553
iipnhxfxmp.mp4,0.9636939764022827
iitkiiwmyx.mp4,0.9412263631820679
iiubmqamod.mp4,0.9659532308578491
iiuxgysiec.mp4,0.7050108909606934
iivadqebol.mp4,0.9787941575050354
iivpdtsjfc.mp4,0.9207717776298523
iivrgiqnjk.mp4,0.24856890738010406
iivwdmxdjd.mp4,0.16608653962612152
iivwkmoazr.mp4,0.9559637904167175
iiwffwiyrg.mp4,0.962099552154541
iiwilssrhb.mp4,0.5977622270584106
iixmhsmehf.mp4,0.8225914239883423
iiyfpjuqaf.mp4,0.884120762348175
iizdcloziq.mp4,0.9045105576515198
iizsrcugyd.mp4,0.9802849888801575
ijatjjgjhr.mp4,0.5588820576667786
ijbbtmsgoj.mp4,0.9370500445365906
ijblnijmpp.mp4,0.8877577185630798
ijbtvhvhra.mp4,0.9820472598075867
ijchkulser.mp4,0.9628002047538757
ijcnfssqqj.mp4,0.9316246509552002
ijdwrjrzme.mp4,0.9885269999504089
ijdydipjws.mp4,0.9895354509353638
ijecctqkpp.mp4,0.892613410949707
ijecyudlvs.mp4,0.9445556998252869
ijeocdiijx.mp4,0.956364095211029
ijeqomctsa.mp4,0.3659249246120453
ijgborufon.mp4,0.9848393797874451
ijgmcbwkjy.mp4,0.9847190976142883
ijgnftkova.mp4,0.9728554487228394
ijgzafdtqj.mp4,0.9280281066894531
ijiubvcsfk.mp4,0.9898361563682556
ijjnmqocav.mp4,0.9835129976272583
ijjxgqmbfv.mp4,0.11267703026533127
ijjybatadp.mp4,0.9454124569892883
ijkswoield.mp4,0.1333223283290863
ijkwihnmld.mp4,0.49504247307777405
ijlaqnxjxt.mp4,0.9874240159988403
ijlmzpbxth.mp4,0.9889673590660095
ijnkazaysb.mp4,0.9900000095367432
ijnlvfbgww.mp4,0.8914790153503418
ijoflemgjq.mp4,0.989456295967102
ijolohlrbz.mp4,0.9771387577056885
ijpcelqdco.mp4,0.9612606763839722
ijphkwnzba.mp4,0.9011358618736267
ijpnvvtakw.mp4,0.109440878033638
ijpxswghyk.mp4,0.981894314289093
ijqpebqhwk.mp4,0.9687488675117493
ijqrvbpesp.mp4,0.8905852437019348
ijqvofcxuj.mp4,0.9311437606811523
ijqxtqvteg.mp4,0.9042478203773499
ijrcsnykcm.mp4,0.9245819449424744
ijsldsuegi.mp4,0.9052245020866394
ijspqwgovc.mp4,0.6026018857955933
ijsuhngezc.mp4,0.699427604675293
ijttkzkvrk.mp4,0.9771466255187988
ijuhwltjyu.mp4,0.9899594783782959
ijupxdmyah.mp4,0.8741366267204285
ijvicicjwi.mp4,0.8408986926078796
ijvlxcfbhg.mp4,0.9900001287460327
ijvrruppbz.mp4,0.9836660623550415
ijvwgmpoiy.mp4,0.9790111780166626
ijwmhwupga.mp4,0.9895349144935608
ijxbyfwxse.mp4,0.11302981525659561
ijxlgqqryi.mp4,0.25939619541168213
ijxoweqtxd.mp4,0.8805572986602783
ijzbqfymei.mp4,0.7298979759216309
ijzokipecn.mp4,0.9845635890960693
ikacknizqm.mp4,0.9771487712860107
ikavesminb.mp4,0.9698542952537537
ikcfxjwycf.mp4,0.9898862242698669
ikchbvrynn.mp4,0.8601168990135193
ikchunmihb.mp4,0.9868918657302856
ikcpaaosur.mp4,0.9830420613288879
ikebomnsiq.mp4,0.13660775125026703
ikezifzakr.mp4,0.9115109443664551
ikfugyrtps.mp4,0.9876009225845337
ikfukzmrfb.mp4,0.9422742128372192
ikgilgckkh.mp4,0.8969838619232178
ikgrgrxlvd.mp4,0.9610750079154968
ikgxqbhmlv.mp4,0.9514023661613464
ikgzvuuznw.mp4,0.5567595362663269
ikipwnlsnz.mp4,0.7215872406959534
ikjnhwvtjb.mp4,0.9860671162605286
ikkhswmbmy.mp4,0.9897423386573792
ikkpygqiej.mp4,0.9695113897323608
ikmsdmynbf.mp4,0.5031943321228027
iknaoncdob.mp4,0.9355906248092651
ikndrsefac.mp4,0.08391305804252625
iknfqmugud.mp4,0.9779998660087585
ikoqjcdupk.mp4,0.23781724274158478
ikosynolad.mp4,0.9864699840545654
ikqbzrbwqh.mp4,0.9738532900810242
ikqkuyagbl.mp4,0.9773854613304138
ikschsvken.mp4,0.9296764135360718
iksdzvxrny.mp4,0.4588874876499176
iksntpazti.mp4,0.7439594268798828
iktrajicum.mp4,0.9461355209350586
ikuebqamni.mp4,0.7558197379112244
ikwlskwwyf.mp4,0.9310728311538696
ikxhnaekof.mp4,0.986058235168457
ikyetixxef.mp4,0.9874769449234009
iladqczmtm.mp4,0.6653736233711243
ilbzdmwnuv.mp4,0.59613436460495
ilcewfduax.mp4,0.25772854685783386
ilcsznbvvu.mp4,0.9900000095367432
ildnnpsayt.mp4,0.9490980505943298
ilefzzpsik.mp4,0.9835265874862671
ilfrynyhef.mp4,0.9027466773986816
ilhnupngyk.mp4,0.9545844197273254
ilijyjnnde.mp4,0.09819686412811279
iliwmonzgd.mp4,0.527070939540863
iljdwnyteo.mp4,0.9853163361549377
iljvsojzzv.mp4,0.9888566732406616
iljxxtnxnb.mp4,0.9761868715286255
ilkbvphctp.mp4,0.2124049961566925
ilkhtkopoq.mp4,0.05591227114200592
ilkuxqamua.mp4,0.9328424334526062
illjeenptm.mp4,0.43861597776412964
ilmqjfferi.mp4,0.9850726127624512
ilnsunnigz.mp4,0.23828525841236115
iloepwbylm.mp4,0.9377508759498596
ilowgdacjj.mp4,0.9011943936347961
iloxmuwjpn.mp4,0.965669572353363
ilrqvcmvno.mp4,0.9881423711776733
ilrvlrlkzu.mp4,0.9870488047599792
ilthkuqkih.mp4,0.9900001287460327
iluetsnbln.mp4,0.9899815320968628
ilutuvrivm.mp4,0.35992535948753357
ilvcghrcpt.mp4,0.9383665919303894
ilvnosnbxx.mp4,0.9861159324645996
ilvrzgvmhk.mp4,0.8428845405578613
ilwecgcnwg.mp4,0.9524957537651062
ilwwucmcze.mp4,0.24288828670978546
ilwxdcdstv.mp4,0.9900000095367432
ilxlssjsrw.mp4,0.22937288880348206
ilxmktuups.mp4,0.7876066565513611
ilxszbrras.mp4,0.9727093577384949
ilxyhurnfu.mp4,0.8797361850738525
ilyytexbev.mp4,0.10522301495075226
ilzhgraxpl.mp4,0.09582564979791641
imasufvwky.mp4,0.9726598858833313
imbitycmfj.mp4,0.07797836512327194
imcctslcgz.mp4,0.9887802004814148
imcmewblak.mp4,0.779136061668396
imehwufcox.mp4,0.9896678924560547
imekboagmn.mp4,0.9899999499320984
imfatmxgxk.mp4,0.9634566307067871
imgnvcjijv.mp4,0.9101622700691223
imicatmqrf.mp4,0.13183055818080902
imijeuifwl.mp4,0.9898654818534851
imitqivtlf.mp4,0.9895590543746948
imiwzsamzz.mp4,0.969007134437561
imjkqycpxy.mp4,0.9503130316734314
imjvwheucs.mp4,0.8077658414840698
imkrswmxeg.mp4,0.9739718437194824
imkrunyvib.mp4,0.9849143624305725
immfucqwhc.mp4,0.9008316397666931
immhqqjbug.mp4,0.7946876287460327
immsyyzjjq.mp4,0.9802854657173157
imnhgitwer.mp4,0.39863383769989014
imnimaiuzj.mp4,0.9325495958328247
imnyrjolno.mp4,0.4579335153102875
imnzannmcr.mp4,0.3717960715293884
imrbxfrdoe.mp4,0.4310430586338043
imsacxixmv.mp4,0.17771723866462708
imsssnmbdh.mp4,0.9853321313858032
imtkdzkypf.mp4,0.1238766461610794
imtqhldxwh.mp4,0.6605522632598877
imuelslarq.mp4,0.9896821975708008
imunhfzepl.mp4,0.7456002831459045
imuxybwcaq.mp4,0.9747667908668518
imvkjcocgb.mp4,0.9564303159713745
imvljxvuta.mp4,0.9620774388313293
imwrhaxipv.mp4,0.9900000691413879
imwtonmaac.mp4,0.8514469861984253
imwxooampn.mp4,0.8892549276351929
imxclqmepu.mp4,0.8648069500923157
imzpiqvcnt.mp4,0.9900000095367432
imzpztemle.mp4,0.135268896818161
inaegnmolg.mp4,0.8282060027122498
inbbyulhvi.mp4,0.9761685132980347
inbkxxjlvs.mp4,0.3535105586051941
incavslche.mp4,0.8937671184539795
incntknemt.mp4,0.9505193829536438
incwjyqmnr.mp4,0.9895603656768799
indhegsbew.mp4,0.9872127771377563
indjhijlne.mp4,0.7888414263725281
indoiqhinq.mp4,0.5108713507652283
indvfeemhp.mp4,0.9889160394668579
inelwzcgih.mp4,0.9401260018348694
inemzkdvkp.mp4,0.9899184107780457
ineolokmqv.mp4,0.7612637877464294
ineriwbkom.mp4,0.20373249053955078
inesnaprwm.mp4,0.9719985127449036
infqarzfqf.mp4,0.9831627011299133
ingtbpvean.mp4,0.9414011836051941
inhdjqusao.mp4,0.6620261073112488
inhhnmbumo.mp4,0.9898361563682556
inhobwkrgo.mp4,0.0796656459569931
inidddgtbx.mp4,0.9846834540367126
iniyhknsde.mp4,0.8989412188529968
injepvztjq.mp4,0.2376527041196823
injmftmbii.mp4,0.9795319437980652
injpbivosc.mp4,0.9312300086021423
inkvlhzprb.mp4,0.9893120527267456
inkxsksvfs.mp4,0.989906370639801
inlulnqgjf.mp4,0.8230728507041931
inlurljyft.mp4,0.9864113330841064
inmmctcqam.mp4,0.988671064376831
inmqhfujch.mp4,0.1689223200082779
inmwakldeq.mp4,0.9277517199516296
inneixkosf.mp4,0.10490015894174576
innfhbljwv.mp4,0.6551873683929443
innnxjnjzg.mp4,0.23723791539669037
inocfgtpyx.mp4,0.9500039219856262
inpyubrqgk.mp4,0.970411479473114
inrodxmtmz.mp4,0.9826280474662781
insnamzdii.mp4,0.268368661403656
inspmkixlc.mp4,0.944606602191925
intdikbydt.mp4,0.9897248148918152
intjrgoddn.mp4,0.9845623970031738
intvelmsah.mp4,0.29446715116500854
inuntgvmfo.mp4,0.8854237794876099
invdiiotkx.mp4,0.06400425732135773
invgswjxql.mp4,0.8906703591346741
inwaznexiv.mp4,0.9900000095367432
inwvkwgbae.mp4,0.45232948660850525
inxdbjiqun.mp4,0.10367118567228317
inyghuvekb.mp4,0.9862352013587952
inyhiitiqt.mp4,0.12657545506954193
inyhmnubqq.mp4,0.5790008902549744
inyptqqeru.mp4,0.12820662558078766
inyzwblrvn.mp4,0.659624457359314
inzgulrorj.mp4,0.46888792514801025
inzlbdwkpz.mp4,0.9894344210624695
inzlvwlpks.mp4,0.9062437415122986
inzqoiwoae.mp4,0.6111821532249451
inztcghfvo.mp4,0.33839356899261475
ioafctqohg.mp4,0.9441820979118347
ioagaknzxx.mp4,0.9639497995376587
ioakowtmul.mp4,0.13932453095912933
ioawppxuxf.mp4,0.15705430507659912
iobexjisxq.mp4,0.9645861983299255
iobnxqtkgg.mp4,0.9588754177093506
iobunwzuda.mp4,0.19531454145908356
iobvxlnbwn.mp4,0.12454397976398468
iocecnmdzm.mp4,0.9736508727073669
ioconbamkx.mp4,0.9842413663864136
iocstgmnkp.mp4,0.672999918460846
iodlnqsuzm.mp4,0.9818233251571655
iodvtuacfh.mp4,0.9055746793746948
ioephjampr.mp4,0.8854252696037292
iofnzcsfzb.mp4,0.33766821026802063
iogpvrelcc.mp4,0.8294388651847839
iogrkojxwc.mp4,0.9496539235115051
iogwwljjzs.mp4,0.82663494348526
iohdbhydzx.mp4,0.7413064241409302
ioibyufhmd.mp4,0.9867388606071472
ioiwzbafjy.mp4,0.9854937195777893
iojhndegmj.mp4,0.13121826946735382
iojrefzdlz.mp4,0.6122004389762878
iojwofhnwj.mp4,0.5942118763923645
iolhfuzywn.mp4,0.7998929619789124
iolxctpvjw.mp4,0.6995146870613098
iolzdxcdlv.mp4,0.9894355535507202
iomeepgxuc.mp4,0.825663149356842
iomhrpdypg.mp4,0.9729333519935608
iomixyprpe.mp4,0.9714464545249939
iomxmfsdim.mp4,0.11498994380235672
iondvzqjbe.mp4,0.33029499650001526
ionjkxysgw.mp4,0.0922774076461792
ionmsllaxk.mp4,0.6254936456680298
iootzzehig.mp4,0.9771764278411865
iopaywxzcj.mp4,0.1975037306547165
iopprxmdrl.mp4,0.9895056486129761
iorflqhzwd.mp4,0.8222827315330505
iorhxrlbuy.mp4,0.890338122844696
iorrylopzn.mp4,0.9895347952842712
iosfhlelkz.mp4,0.9676213264465332
iosljkpvnt.mp4,0.9726503491401672
iotljxkhvm.mp4,0.9748881459236145
iotwxkwswd.mp4,0.620286226272583
ioujtlguyo.mp4,0.6655970811843872
ioumwfvogk.mp4,0.9886184930801392
ioupchhadz.mp4,0.9048871994018555
iouptolpal.mp4,0.5212851166725159
iouymhtfaw.mp4,0.9847110509872437
iovjcaptmz.mp4,0.1508612036705017
iovkjpgpva.mp4,0.9783197641372681
iowiznmnnd.mp4,0.989389181137085
ioxkqfokjj.mp4,0.8788532018661499
ioxvbxicwx.mp4,0.8004512190818787
ioyetmvwyk.mp4,0.9555862545967102
ioztkmjhbg.mp4,0.837775707244873
iozztujesd.mp4,0.8478336334228516
ipaqrjidab.mp4,0.966691255569458
ipbdzgqssd.mp4,0.1317095309495926
ipbyairara.mp4,0.6165518760681152
ipceevmvfn.mp4,0.9827191829681396
ipcosodfbo.mp4,0.9887469410896301
ipdbmwlfml.mp4,0.9892805218696594
ipdvhtudnz.mp4,0.9620386958122253
ipehaqtcgz.mp4,0.9067751169204712
ipemtttinh.mp4,0.9828555583953857
ipescrcxli.mp4,0.3190768361091614
ipfbkyfhlv.mp4,0.9554893970489502
ipffiwpnpn.mp4,0.9895837306976318
ipflfpnkmh.mp4,0.9895258545875549
ipfvrgbjrm.mp4,0.6760668754577637
iphmozjvef.mp4,0.5416424870491028
iphspqugeu.mp4,0.9683879613876343
ipijpsawpc.mp4,0.10028424113988876
ipiqzekfkc.mp4,0.9816681742668152
ipisvmpxfd.mp4,0.1319567859172821
ipjfbgagrj.mp4,0.9899351596832275
ipjivmsrdi.mp4,0.7669717073440552
ipjmvcgdhw.mp4,0.9799222946166992
ipjvzjdfja.mp4,0.21142065525054932
ipknjeuhyx.mp4,0.8867701292037964
ipkyxmxjiz.mp4,0.8654157519340515
ipmaldzjwp.mp4,0.7210460901260376
ipnuvehtbk.mp4,0.9712312817573547
ipnxcxbofs.mp4,0.8664668798446655
ipopeacpus.mp4,0.9871647357940674
ipouzwmwit.mp4,0.9875614047050476
ippfrlcmdo.mp4,0.9899999499320984
ipqistxtpz.mp4,0.954922616481781
iprmrrxtle.mp4,0.13299323618412018
ipsqwydoob.mp4,0.9494602084159851
iptndwhwjz.mp4,0.6756904721260071
ipudumrvde.mp4,0.4197469651699066
ipujpicjxw.mp4,0.4435187876224518
ipuniglqkv.mp4,0.41925758123397827
ipuxlomcqk.mp4,0.6933484077453613
ipvtjixuqg.mp4,0.9899406433105469
ipvzfekfwu.mp4,0.21065549552440643
ipwgilocco.mp4,0.9888465404510498
ipwroeubye.mp4,0.9265185594558716
ipxsymswgp.mp4,0.9217041730880737
ipxvvnscml.mp4,0.8872642517089844
ipywaoscpa.mp4,0.7796903252601624
ipzntfgcbe.mp4,0.9787468910217285
ipzrldinfx.mp4,0.9899999499320984
ipzwmxtfrl.mp4,0.6662088632583618
iqapiwnsmu.mp4,0.9722506999969482
iqbavyrfyl.mp4,0.05885991454124451
iqbrblvxvk.mp4,0.9762880206108093
iqcgvkabeg.mp4,0.9803866147994995
iqcrbrzzrn.mp4,0.9503934979438782
iqczmlmmzx.mp4,0.9832550287246704
iqczwyywit.mp4,0.911918580532074
iqdxlygogh.mp4,0.24880915880203247
iqeneddttw.mp4,0.7025169134140015
iqfsgocljr.mp4,0.9506611227989197
iqgfxqewgi.mp4,0.2614273726940155
iqgiirciwn.mp4,0.9700977802276611
iqgmjgjrsy.mp4,0.5579607486724854
iqhjifcniy.mp4,0.6891984343528748
iqhllschqx.mp4,0.9701018333435059
iqhpjrotso.mp4,0.6287479996681213
iqhvvdkndu.mp4,0.24106808006763458
iqigcfmdmy.mp4,0.11149314045906067
iqigcvwgji.mp4,0.9895555377006531
iqjffnydwu.mp4,0.9897699356079102
iqjtsrlatk.mp4,0.948610246181488
iqjzxqooem.mp4,0.9736291766166687
iqkdtvdhhy.mp4,0.9804311990737915
iqkhdjjxes.mp4,0.963440477848053
iqlbivxagm.mp4,0.968728244304657
iqllublvez.mp4,0.9892443418502808
iqlmoluucd.mp4,0.9781954884529114
iqlnkvxslo.mp4,0.9294720888137817
iqmkwrcyqs.mp4,0.25600236654281616
iqmnjobdob.mp4,0.9285848140716553
iqmwzjyksk.mp4,0.9729796051979065
iqndppeoav.mp4,0.9471628069877625
iqnkribxkk.mp4,0.7006399631500244
iqnvkkewxi.mp4,0.16793468594551086
iqopoamixz.mp4,0.9502015709877014
iqovzvsvkn.mp4,0.9835048913955688
iqpckowwia.mp4,0.30575764179229736
iqpcsxzxci.mp4,0.930079460144043
iqqutdwnya.mp4,0.9894698858261108
iqrjuczuxb.mp4,0.9809761643409729
iqrzppimhu.mp4,0.9828210473060608
iqsceqxotz.mp4,0.9785629510879517
iqsxnucxvo.mp4,0.905278742313385
iqttukcyth.mp4,0.9832233786582947
iqtutmwfui.mp4,0.6576162576675415
iqubmhnfvq.mp4,0.8220903873443604
iquhufkwjb.mp4,0.8928552269935608
iqupvubgpm.mp4,0.9748550057411194
iquxmnsbsg.mp4,0.923835277557373
iqvfopywpa.mp4,0.9125723838806152
iqvkbrbikt.mp4,0.9891480207443237
iqxebazshx.mp4,0.9740978479385376
iqxkenmlnj.mp4,0.9897103309631348
iqygzjmnpv.mp4,0.16973674297332764
iqylhfxyjm.mp4,0.6776955127716064
iqyzgnhgxt.mp4,0.9448690414428711
iqzgrscbcu.mp4,0.9175623655319214
iqzjzifjuj.mp4,0.9564772844314575
iqzoqolccf.mp4,0.2281067967414856
iqztfmomng.mp4,0.8918116092681885
iramathzcf.mp4,0.3886421322822571
irbizraspf.mp4,0.987095057964325
irbmsvytsj.mp4,0.9749770760536194
irbuixhcdk.mp4,0.8411402106285095
irbyfpqxhh.mp4,0.9870731830596924
ircmvzkosl.mp4,0.8116613626480103
ircosowvze.mp4,0.7709195017814636
irdptfgpbb.mp4,0.4868695139884949
irerylmdmc.mp4,0.0812959372997284
irexjenpki.mp4,0.959534764289856
irfhrdweqh.mp4,0.8819797039031982
irfjbqscfl.mp4,0.4044429361820221
irgxysozjn.mp4,0.9000370502471924
irhlokwbsm.mp4,0.9715355634689331
irhspphnzz.mp4,0.9897016286849976
iriadhnmyy.mp4,0.8287910223007202
irjbrwpqqd.mp4,0.9888866543769836
irjbukzjqt.mp4,0.34069889783859253
irjsumzeie.mp4,0.9763748645782471
irjxqznjfr.mp4,0.967201828956604
irkrdbjkkv.mp4,0.1060628667473793
irkzgutang.mp4,0.9900000691413879
irmdgkpcgn.mp4,0.9681646227836609
irmimyuumh.mp4,0.9810917377471924
irmkoxrfni.mp4,0.891902506351471
irmpbhnlrc.mp4,0.6861264109611511
irnejrdgex.mp4,0.9573889374732971
irnsrjoymh.mp4,0.22933804988861084
irpvjndavi.mp4,0.974029004573822
irriroabtu.mp4,0.3227502405643463
irslbryzin.mp4,0.18623560667037964
irtnypbxas.mp4,0.6677955985069275
irtyyuhhqy.mp4,0.8839396238327026
irufgcupir.mp4,0.9885970950126648
iruhgcdiww.mp4,0.8580699563026428
irurxjcnqr.mp4,0.9784407615661621
irxfiqsbuj.mp4,0.17776042222976685
iryjkosyla.mp4,0.16762693226337433
iryuwfmpbs.mp4,0.9732846617698669
irzbrxikle.mp4,0.9503220319747925
isaginujnt.mp4,0.9879541993141174
isbaammqru.mp4,0.51678067445755
isbmgabjat.mp4,0.8176900744438171
iscbfzqeyn.mp4,0.9817684292793274
isdacfltyy.mp4,0.9894390106201172
isdffajhii.mp4,0.6567565202713013
isdklqbdnf.mp4,0.8774499297142029
isdtdgwlbi.mp4,0.9763651490211487
isenrfjdku.mp4,0.9300410151481628
isesajuxxf.mp4,0.9547110795974731
iseykvossv.mp4,0.9745368957519531
isfagiiubj.mp4,0.9896624088287354
isfkcvmzbm.mp4,0.9754731059074402
isfrxiomlx.mp4,0.9058707356452942
isgmhzcnsn.mp4,0.20675727725028992
isgoeqoedr.mp4,0.7585092186927795
isgwavrxss.mp4,0.9697944521903992
ishwxahqhu.mp4,0.9799392223358154
isijlzptfp.mp4,0.9492512941360474
isiqchtxth.mp4,0.8016546964645386
isiubqzuzc.mp4,0.9699277281761169
isixfyxvcp.mp4,0.8293442726135254
isjcjsmrmb.mp4,0.971233606338501
isjoudmnfj.mp4,0.9876460433006287
isjvgthpyu.mp4,0.9716526865959167
iskbjiyaij.mp4,0.9898985624313354
iskhivysqb.mp4,0.684569239616394
isknscqsjx.mp4,0.7555751204490662
iskqdueuxr.mp4,0.9841340184211731
islzgwudql.mp4,0.9415262937545776
isototjlvu.mp4,0.2856460213661194
ispeyrhmus.mp4,0.9824610948562622
ispnjqelfe.mp4,0.30507221817970276
isprimskfu.mp4,0.8895640969276428
isqyfxebiv.mp4,0.7563140988349915
isrcbycggz.mp4,0.8351382613182068
isrtayaexy.mp4,0.9542782306671143
istaazovyg.mp4,0.3300495445728302
istgsllxyq.mp4,0.9899999499320984
istlvvylqy.mp4,0.9900000095367432
istqcxpzte.mp4,0.8962495923042297
isuuywkjkp.mp4,0.9639698266983032
isuyxkqttj.mp4,0.9877438545227051
isvpmjjhwn.mp4,0.5438098907470703
isvqeoksng.mp4,0.9419788718223572
iswbynqcos.mp4,0.9885523319244385
iswgwrwtzr.mp4,0.9873757362365723
iswoxfhubj.mp4,0.92789226770401
isxdbhzurn.mp4,0.8999675512313843
isxekfofqe.mp4,0.9697741270065308
isxwueescp.mp4,0.9884521961212158
isxxybhuls.mp4,0.2673228681087494
isxzmbfwaz.mp4,0.9428797364234924
isyewdvxzt.mp4,0.9542335271835327
isyewygrzc.mp4,0.3664902448654175
isyglougjg.mp4,0.9892599582672119
isyopaltci.mp4,0.4921506643295288
isyucpkqoa.mp4,0.4437154531478882
isywvoylfh.mp4,0.8236826658248901
iszopdcfmo.mp4,0.9900001287460327
iszptuqyzd.mp4,0.3814540505409241
itajgcgrsh.mp4,0.8842071890830994
itbsjttkkw.mp4,0.9839267730712891
itdywxjknn.mp4,0.784584105014801
itfdmygyre.mp4,0.9878066182136536
itfdsbukvb.mp4,0.9342904686927795
itfojnmvrv.mp4,0.9638049602508545
itfzfpuilx.mp4,0.7098178267478943
itgprdayac.mp4,0.5438487529754639
itgqbpccfo.mp4,0.7946895956993103
itgrgobbrq.mp4,0.8906683921813965
ithkydrkkp.mp4,0.9718095660209656
ithpejaqrb.mp4,0.9900000691413879
itiptpqxpj.mp4,0.9103723764419556
itjpxbskre.mp4,0.9795343279838562
itkfiidxuu.mp4,0.6968370676040649
itksyonvbk.mp4,0.9495891332626343
itmjxopkey.mp4,0.9787245988845825
itmkomrbnh.mp4,0.9617451429367065
itmnwcrluu.mp4,0.18282587826251984
itmomecdvu.mp4,0.9889740943908691
itnawjbxos.mp4,0.9895040392875671
itndhezahp.mp4,0.9858369827270508
itnkworuoe.mp4,0.9321950674057007
itoiaabhko.mp4,0.5622454285621643
itpaqvfwpg.mp4,0.9662796258926392
itpkvblciq.mp4,0.9856175184249878
itqdvqnosv.mp4,0.9745420217514038
itqhlrleio.mp4,0.8590406179428101
itqmwnvajl.mp4,0.8921022415161133
itqqhgysnw.mp4,0.9753165245056152
itqxwigfum.mp4,0.9833316206932068
itranaleig.mp4,0.12721504271030426
itrpygajdw.mp4,0.9374900460243225
itrqtffjkw.mp4,0.9784363508224487
itrsdfydjh.mp4,0.7727393507957458
itrsojyzkf.mp4,0.9106204509735107
itrwytnqso.mp4,0.9846770763397217
itsdlwdqje.mp4,0.9621970653533936
itsdmmtdxg.mp4,0.13845089077949524
itsedwdjys.mp4,0.5891210436820984
itsqfzciit.mp4,0.8905556201934814
ittkkelgtf.mp4,0.9885072708129883
itttfditsj.mp4,0.9375263452529907
itwegcsfqa.mp4,0.8268682956695557
itwsvyywjd.mp4,0.9809818267822266
itxawnlbch.mp4,0.9864838719367981
itxziqmodj.mp4,0.989998996257782
itymdrkyyf.mp4,0.9462412595748901
ityqjjucub.mp4,0.9900000095367432
itzjjwxysp.mp4,0.9706867933273315
iuaqkvagza.mp4,0.9788428544998169
iubyasowgv.mp4,0.4528818428516388
iucnaynimg.mp4,0.9111207127571106
iucnlyadlt.mp4,0.2611647844314575
iuctxvtxkp.mp4,0.8723291754722595
iudlawgsry.mp4,0.8693745136260986
iudlsefikg.mp4,0.3072448968887329
iueelzuywc.mp4,0.12549906969070435
iuewyxarwm.mp4,0.6462868452072144
iufanilvlv.mp4,0.9593219757080078
iufjcxwyop.mp4,0.16979365050792694
iufrqaiymv.mp4,0.13408389687538147
iufybuadlw.mp4,0.979107677936554
iuhjpblryw.mp4,0.9235973358154297
iuhskztdjv.mp4,0.9881371259689331
iuhvvwxdce.mp4,0.9900000095367432
iuikozlzvg.mp4,0.36095669865608215
iuituywyxn.mp4,0.80146324634552
iujukgehcc.mp4,0.9607837796211243
iujvgedoas.mp4,0.9760164618492126
iukkdgxnwj.mp4,0.9878782033920288
iulhnuhwee.mp4,0.9811866879463196
iulnkyslop.mp4,0.932834267616272
iumfuatkkz.mp4,0.8645181655883789
iumkcwloxz.mp4,0.9723935127258301
iunpzphxxr.mp4,0.5001132488250732
iuoegscrup.mp4,0.9871484637260437
iuphngdpvq.mp4,0.9724635481834412
iupngkdauv.mp4,0.9885264039039612
iuqozhqifr.mp4,0.9192568063735962
iusachxgqy.mp4,0.9560747146606445
iusawyxkvl.mp4,0.9072974920272827
iutmmxwgah.mp4,0.9656596183776855
iutqppzovu.mp4,0.3517611026763916
iuttprjxhf.mp4,0.8722836375236511
iutwrfjdoo.mp4,0.9862269163131714
iuujqumhwm.mp4,0.9797267317771912
iuuurlqitq.mp4,0.9867656826972961
iuvelrnuap.mp4,0.8891030550003052
iuvhrgckrt.mp4,0.32220450043678284
iuvkcwcqbb.mp4,0.9830044507980347
iuvuhjcihe.mp4,0.9002603888511658
iuwgvbwcmp.mp4,0.948762834072113
iuwqcvrhol.mp4,0.9894450306892395
iuxopnkzzc.mp4,0.947472333908081
iuxpinrkvu.mp4,0.9899606108665466
iuxpmnchdi.mp4,0.9616416692733765
iuxuegzrfo.mp4,0.9579308032989502
iuzspdkchy.mp4,0.9858173131942749
iuzzbmiabi.mp4,0.647307813167572
ivarngiehh.mp4,0.9900000691413879
ivbryilmzq.mp4,0.9881187081336975
ivbsetowvs.mp4,0.9816248416900635
ivbyvtqgzd.mp4,0.9899720549583435
ivdewyemli.mp4,0.6701563000679016
ivdoqanbyx.mp4,0.9894529581069946
iverjmtcbg.mp4,0.17852646112442017
ivewzkxtuu.mp4,0.927438497543335
ivexyynvqc.mp4,0.16084471344947815
ivfizuthsm.mp4,0.9833002090454102
ivfrhdfujz.mp4,0.988960325717926
ivfwhnosla.mp4,0.9730276465415955
ivgaqlclhh.mp4,0.9872382879257202
ivgbyeslaz.mp4,0.19623765349388123
ivgunqqypz.mp4,0.7661961913108826
ivhkxdvvgc.mp4,0.9825124144554138
ivhowmrwtd.mp4,0.9785380959510803
ivhyxzrfbf.mp4,0.7784690856933594
ivilahinci.mp4,0.9806239604949951
ivindnrfyd.mp4,0.9432455897331238
ivjzfgjjmd.mp4,0.968946635723114
ivkdoukoga.mp4,0.8667688965797424
ivkrzgwlst.mp4,0.9884176850318909
ivkvvdfcdr.mp4,0.9197850823402405
ivlblicoqn.mp4,0.2787647843360901
ivlfunutyu.mp4,0.9824433922767639
ivliztuflk.mp4,0.7319401502609253
ivlrwjxjko.mp4,0.9460969567298889
ivlxblgscs.mp4,0.9899999499320984
ivlxyjtbza.mp4,0.05344243347644806
ivmnlzrcpl.mp4,0.971825897693634
ivngiaholz.mp4,0.9737005829811096
ivnnzevjef.mp4,0.6410170197486877
ivofslwmml.mp4,0.9776533246040344
ivojdfsuih.mp4,0.661796510219574
ivpqdcully.mp4,0.1330997347831726
ivpufxwmth.mp4,0.8954805731773376
ivrgztqnvy.mp4,0.9492117166519165
ivrmpnijrq.mp4,0.1999969333410263
ivrpwqfdob.mp4,0.9840232729911804
ivssyazqtr.mp4,0.6031970381736755
ivtlhlvgvf.mp4,0.9896359443664551
ivuvppfhap.mp4,0.44470351934432983
ivuxnysacw.mp4,0.9867591857910156
ivuxvfquuw.mp4,0.9827432632446289
ivxbutvlwk.mp4,0.9364703297615051
ivxhxfpwus.mp4,0.9824259877204895
ivywzqwzjw.mp4,0.8821005821228027
ivyyfovazh.mp4,0.9817017316818237
ivzevsvsgw.mp4,0.9775692224502563
ivzpsahjfw.mp4,0.955639660358429
iwaikfiivj.mp4,0.9853211641311646
iwanjxbuqq.mp4,0.10775323957204819
iwbdixywrr.mp4,0.983740508556366
iwbmnvxovh.mp4,0.9053276181221008
iwbsozjcfr.mp4,0.928832471370697
iwbsxnzpmc.mp4,0.9880092740058899
iwceuiykdi.mp4,0.989477813243866
iwcfxyoimw.mp4,0.9849441051483154
iwckkslbpn.mp4,0.43031930923461914
iwclmdjwvc.mp4,0.8899224996566772
iwdvdzvhwn.mp4,0.9863329529762268
iweobhwprt.mp4,0.08333445340394974
iwezcnpomx.mp4,0.8773402571678162
iwffazkchq.mp4,0.7268584370613098
iwfrjkhocp.mp4,0.5936341881752014
iwfuqlozsg.mp4,0.9667998552322388
iwfxiijzfc.mp4,0.9786888957023621
iwgchcxyfo.mp4,0.1183403879404068
iwgzfwanql.mp4,0.9895132780075073
iwhqfmxbfl.mp4,0.9762343168258667
iwicbrflbu.mp4,0.9899998903274536
iwitbkehiq.mp4,0.7153225541114807
iwjadqnimm.mp4,0.9890363812446594
iwjvhmsdzk.mp4,0.9893035292625427
iwkdyefcry.mp4,0.31834471225738525
iwkkadozkq.mp4,0.9195982217788696
iwkwpivdty.mp4,0.9407587647438049
iwlcgjhuyz.mp4,0.9856728315353394
iwljtmarck.mp4,0.9899391531944275
iwlqewbjeo.mp4,0.9846709966659546
iwmafsriju.mp4,0.9623326063156128
iwnfvkmktq.mp4,0.4877316355705261
iwnwcdanvb.mp4,0.9900000691413879
iwozkvydbl.mp4,0.9894999265670776
iwqcdlurfz.mp4,0.26637107133865356
iwquwreibp.mp4,0.8571082949638367
iwqwiezecx.mp4,0.9568605422973633
iwrhhiwljg.mp4,0.9870629906654358
iwrkkcfcob.mp4,0.08306277543306351
iwrwdtvmiw.mp4,0.9899991154670715
iwswdyproy.mp4,0.9844233989715576
iwtrhnpwnb.mp4,0.9741564989089966
iwunoavlgg.mp4,0.9642593264579773
iwviwwoqkf.mp4,0.9502188563346863
iwvynfufaq.mp4,0.9898638725280762
iwwogruzra.mp4,0.9828387498855591
iwwqxjoxfp.mp4,0.14772069454193115
iwwvnksime.mp4,0.8716030716896057
iwwwgbxelv.mp4,0.8975904583930969
iwxjlxfpjo.mp4,0.9856069684028625
iwxzxemnjl.mp4,0.9863587021827698
iwyurlgxiq.mp4,0.9857327342033386
iwzbgmtsuh.mp4,0.08460620045661926
iwznmctsoz.mp4,0.8252907991409302
iwzqtwchox.mp4,0.9635376930236816
iwzxofazow.mp4,0.7094473838806152
ixaapzynwh.mp4,0.9900000095367432
ixbbqxbrci.mp4,0.9515780210494995
ixbezghtef.mp4,0.9866465926170349
ixbgenntvc.mp4,0.9883564710617065
ixbshqefra.mp4,0.9370538592338562
ixcguszlsk.mp4,0.8992338180541992
ixcrtusrfi.mp4,0.6873109936714172
ixcsuxxhzj.mp4,0.9760619401931763
ixdllrcaga.mp4,0.9890070557594299
ixdpdwwjvr.mp4,0.984708309173584
ixegidgqza.mp4,0.7332711815834045
ixesiknxjz.mp4,0.947607159614563
ixewjgjdwm.mp4,0.9873377084732056
ixfdzrarsa.mp4,0.665337860584259
ixgbeiekdr.mp4,0.9899571537971497
ixgmwbaxry.mp4,0.9073622226715088
ixhywssact.mp4,0.966784656047821
ixictcnnwq.mp4,0.9753928780555725
ixiemiordj.mp4,0.6226006746292114
iximgngyzc.mp4,0.9828291535377502
ixjhxwgcrt.mp4,0.22936168313026428
ixjimragxn.mp4,0.13286954164505005
ixjqcqqxps.mp4,0.8051027655601501
ixlipbxbyl.mp4,0.19903446733951569
ixlpgpwyoa.mp4,0.9665877819061279
ixlzpzmnam.mp4,0.9441297054290771
ixmkyvkxxd.mp4,0.9276859164237976
ixmsvefemy.mp4,0.8348243832588196
ixmvwmgewb.mp4,0.9556930065155029
ixmwxjoqke.mp4,0.9859949350357056
ixnfuudpie.mp4,0.7849687337875366
ixollenxsr.mp4,0.9461685419082642
ixongfpxov.mp4,0.9819782972335815
ixoywiwxzr.mp4,0.9629135727882385
ixpztpmojx.mp4,0.9884457588195801
ixqaiwtldi.mp4,0.15790890157222748
ixqfvxjtsr.mp4,0.9314788579940796
ixrdlekndo.mp4,0.9877524971961975
ixrshvjpui.mp4,0.9595279693603516
ixsabuaykm.mp4,0.978891134262085
ixsazdvgcm.mp4,0.8490341901779175
ixsldkjafq.mp4,0.5602501630783081
ixsotcyrvg.mp4,0.9189557433128357
ixthjlkjan.mp4,0.9895258545875549
ixtnoobpji.mp4,0.9876219630241394
ixtukgbkmv.mp4,0.913112461566925
ixtuyddxxz.mp4,0.9468291997909546
ixtydssmam.mp4,0.9844804406166077
ixuijcqeee.mp4,0.965459406375885
ixuuwiejti.mp4,0.9531387090682983
ixuvnlwtrp.mp4,0.9900000691413879
ixuyfvogbq.mp4,0.9900000095367432
ixvhklaxky.mp4,0.9783083200454712
ixvjylnpra.mp4,0.986777126789093
ixvkhbcuyq.mp4,0.22652500867843628
ixvvgevgry.mp4,0.9810922145843506
ixvztrxchg.mp4,0.5621749758720398
ixwykebrtz.mp4,0.21648386120796204
ixxcpbrymg.mp4,0.36947330832481384
ixxetzflme.mp4,0.9882363080978394
ixxjxilvck.mp4,0.9106276035308838
ixxwqexyhb.mp4,0.9831461906433105
ixycmrnyks.mp4,0.9654907584190369
ixydhrhngh.mp4,0.9897034168243408
ixypadrkvg.mp4,0.8672840595245361
ixytmqplqt.mp4,0.7425552606582642
ixytzdgbfl.mp4,0.9670726656913757
ixyvxquetw.mp4,0.8968339562416077
ixzsayotaj.mp4,0.8099824786186218
ixzuccwwqs.mp4,0.2434922307729721
ixzzfbjiwu.mp4,0.9859227538108826
iyaaatxftx.mp4,0.7741823196411133
iyathksdmx.mp4,0.9900000095367432
iyaxgpepqr.mp4,0.5300929546356201
iybcwvsnru.mp4,0.25100430846214294
iybrmlqrzb.mp4,0.9625878930091858
iybuwdyjkm.mp4,0.8443588018417358
iycbbmjief.mp4,0.6489062905311584
iycqbycozc.mp4,0.9879086017608643
iycstoqedl.mp4,0.9627713561058044
iydummdsoa.mp4,0.3459714949131012
iyerbpbkeq.mp4,0.9882375001907349
iyevlxhraf.mp4,0.9619585275650024
iyfdxpvkgk.mp4,0.6291353702545166
iygbhjkhpm.mp4,0.9330905675888062
iyheosista.mp4,0.8124382495880127
iyhqfygtwo.mp4,0.9746706485748291
iyhtjahyzx.mp4,0.934981644153595
iyiojarsht.mp4,0.9855080842971802
iykatwvtlo.mp4,0.9861692786216736
iylujmtolb.mp4,0.702109158039093
iymdqozovu.mp4,0.9514631032943726
iymsvbtlnp.mp4,0.9899678230285645
iynaefjhwh.mp4,0.730809211730957
iynqjtimwc.mp4,0.12969684600830078
iypkckoqsb.mp4,0.9900000691413879
iyquxriyqd.mp4,0.9805569052696228
iyrsthhhwi.mp4,0.8454819321632385
iytyilgihs.mp4,0.046334605664014816
iyvoafuqjf.mp4,0.9714365601539612
iyvtqyxizu.mp4,0.9846400022506714
iyvytmjwkb.mp4,0.8041329383850098
iywgtvcdky.mp4,0.9900001287460327
iyxelmxpfx.mp4,0.7594266533851624
iyxutmglzj.mp4,0.7603051662445068
iyxwamcojv.mp4,0.9814398288726807
iyzcmtlqds.mp4,0.9262983798980713
iyzrahjpvo.mp4,0.15403741598129272
iyzruylmxa.mp4,0.9839261174201965
iyzvsvstsw.mp4,0.957356333732605
izafuvvwwi.mp4,0.8736881613731384
izaoqssyvw.mp4,0.9900001287460327
izappfzldr.mp4,0.9709946513175964
izbbmenvrw.mp4,0.7705658078193665
izbioilrax.mp4,0.9719988107681274
izbxdkbfdk.mp4,0.6656291484832764
izcgakoubh.mp4,0.9873964190483093
izcpnmmhfa.mp4,0.9736992716789246
izcsobojgp.mp4,0.6334118843078613
izdxztnzpd.mp4,0.9655716419219971
izdzcdlrpo.mp4,0.9139339327812195
izehsqyemw.mp4,0.9443792104721069
izfdfyundf.mp4,0.7618025541305542
izfojgcokb.mp4,0.4207053482532501
izgghxbita.mp4,0.7452407479286194
izgldriffe.mp4,0.8553621768951416
izgnxrjqfv.mp4,0.9863695502281189
izgutpnsre.mp4,0.21131624281406403
izgxrlqbqk.mp4,0.8080052137374878
izhchgzacx.mp4,0.08639941364526749
izhgevkhba.mp4,0.9861982464790344
izkavempcf.mp4,0.7339390516281128
izkdaeizpj.mp4,0.9546360373497009
izkrdjbtol.mp4,0.9865754246711731
izlhutihbf.mp4,0.814589262008667
izmfhoosyi.mp4,0.46637457609176636
iznuwuxnqc.mp4,0.13377264142036438
iznvkuthdk.mp4,0.9027965664863586
izoywnwvzc.mp4,0.3113901913166046
izozkczrrt.mp4,0.7028605937957764
izpedkituy.mp4,0.9853557348251343
izpffscumm.mp4,0.9788269996643066
izqkhizehl.mp4,0.9865548014640808
izqyarmakg.mp4,0.9873775243759155
izrjasmngs.mp4,0.974677324295044
izrxqbhkca.mp4,0.9823548793792725
izsejcmijs.mp4,0.9646576642990112
izsvnupcib.mp4,0.9403982162475586
izswzcgmjq.mp4,0.7524418830871582
izsycjuamo.mp4,0.6489814519882202
iztglppzcn.mp4,0.8982820510864258
iztvnzwxds.mp4,0.8306611180305481
izujskjynu.mp4,0.974765419960022
izunrhzmhr.mp4,0.4081164002418518
izushcrwhm.mp4,0.8437626361846924
izuwizilgv.mp4,0.20206037163734436
izvqobjehj.mp4,0.7132792472839355
izxkpunalz.mp4,0.9862163662910461
izybzjtoof.mp4,0.9790588021278381
izycdfyeik.mp4,0.7841587066650391
izyqqybmcq.mp4,0.9030407667160034
izyrzamcqj.mp4,0.988070547580719
izzizxvfaw.mp4,0.09310229867696762
izzjbktyjr.mp4,0.9776968359947205
izzrixoftl.mp4,0.4853072166442871
jaaeovgdwa.mp4,0.9290472269058228
jaarawxvwo.mp4,0.9834463596343994
jabfulxofx.mp4,0.879677951335907
jacmgbjhwo.mp4,0.7134859561920166
jaeqgvkwlm.mp4,0.923010528087616
jaeslmfgab.mp4,0.9642105102539062
jafxhlcyqk.mp4,0.9889777898788452
jafxiptxew.mp4,0.9834277629852295
jagflalxhl.mp4,0.9749703407287598
jagrhoufaz.mp4,0.9879109263420105
jahklnwscj.mp4,0.7413133978843689
jaiojqyufy.mp4,0.9783971905708313
jajjzvhlou.mp4,0.9749917984008789
jakjfxcjqx.mp4,0.9873636960983276
jalbvevoxn.mp4,0.5999663472175598
jalqfjsxyr.mp4,0.9409631490707397
jamhxdptam.mp4,0.3005991578102112
janghqcnuj.mp4,0.3613230586051941
jankpqqcqv.mp4,0.8580370545387268
jannamlrje.mp4,0.9651153087615967
janpjkrxky.mp4,0.9786848425865173
janqvnnppy.mp4,0.9900000691413879
janwsbiojw.mp4,0.9810343384742737
jaocplqkcu.mp4,0.9772720336914062
japautsabs.mp4,0.91795414686203
japkrtsdkj.mp4,0.9705294966697693
japoasbnio.mp4,0.9897105097770691
jaqavnyaii.mp4,0.9869742393493652
jaqgccovpn.mp4,0.9614772200584412
jarcxupfvu.mp4,0.8742145299911499
jaruexfgky.mp4,0.9301062226295471
jascajixzv.mp4,0.9765853881835938
jatpyqmdhn.mp4,0.19891567528247833
jatuhhpdfa.mp4,0.8699076175689697
jauolugbsh.mp4,0.9899656176567078
javooplidl.mp4,0.9833792448043823
javtxnogey.mp4,0.11904250085353851
javxtwhvub.mp4,0.9895666241645813
javyvwvmhd.mp4,0.10396264493465424
jawewhiexm.mp4,0.9668247103691101
jawjzasauu.mp4,0.152846097946167
jaxssdkeyg.mp4,0.8810884356498718
jaymexergk.mp4,0.3107406198978424
jaynqmloow.mp4,0.7434191107749939
jayvasghae.mp4,0.8997721672058105
jazbpflrcx.mp4,0.9736050367355347
jazdzntcfc.mp4,0.9050081968307495
jazhgxildx.mp4,0.8638694882392883
jazmkphsnn.mp4,0.947239339351654
jazrfmgzpy.mp4,0.25932028889656067
jazyoeydzn.mp4,0.9851547479629517
jbaahohsns.mp4,0.4547669291496277
jbahcovspa.mp4,0.9637758731842041
jbajkblyko.mp4,0.9775092601776123
jbatiwjmzh.mp4,0.834287166595459
jbbzntphpu.mp4,0.9899409413337708
jbcesucwqv.mp4,0.8918952941894531
jbcnsmlysc.mp4,0.10770322382450104
jbcuiqstif.mp4,0.9615240693092346
jbdkulvsti.mp4,0.9897118806838989
jbdqevfnlz.mp4,0.948623776435852
jbdqpkuyac.mp4,0.8129881024360657
jbebqobxeb.mp4,0.9605915546417236
jbencltszf.mp4,0.988818347454071
jbfrizzpin.mp4,0.9825496673583984
jbgdikwbwr.mp4,0.25727343559265137
jbgxmoyvla.mp4,0.9859182238578796
jbhoztwgjm.mp4,0.1618688851594925
jbhvifiujz.mp4,0.8832970261573792
jbkaewamsx.mp4,0.9182007312774658
jblifxkahd.mp4,0.9847309589385986
jblkcfejih.mp4,0.9815545082092285
jbmdzelkry.mp4,0.9870303273200989
jbmemsdbvf.mp4,0.843504786491394
jbnakrsscz.mp4,0.9891477227210999
jbpajntban.mp4,0.9680003523826599
jbplnqxfbw.mp4,0.9163789749145508
jbptmfdsjb.mp4,0.2334541231393814
jbpuqmomvc.mp4,0.8485530614852905
jbqqqhuiir.mp4,0.21943552792072296
jbrjeujfmw.mp4,0.07584262639284134
jbswxonozv.mp4,0.9796258807182312
jbtayvbjbv.mp4,0.9824439287185669
jbtkucyaxo.mp4,0.8032066226005554
jbtuvaqltg.mp4,0.6714462041854858
jbtxgmgqke.mp4,0.9011309742927551
jbvktadzia.mp4,0.23190326988697052
jbvqnbkpoo.mp4,0.9822842478752136
jbvwtnekeh.mp4,0.7763173580169678
jbwfkkdeep.mp4,0.6494307518005371
jbwtbfbdko.mp4,0.9899996519088745
jbwtytjdyj.mp4,0.959213376045227
jbwvahbmfb.mp4,0.8969229459762573
jbxiszwoms.mp4,0.8820736408233643
jbxjqnwwhv.mp4,0.9738338589668274
jbxsnmibxr.mp4,0.09486488252878189
jbxvxjeklv.mp4,0.310117244720459
jbygwljdyy.mp4,0.8994348049163818
jbysofevrm.mp4,0.9833483695983887
jbzqjborfw.mp4,0.9731842279434204
jbzxmsdlna.mp4,0.17510434985160828
jcaavicbyk.mp4,0.4995095729827881
jcaentwavr.mp4,0.7011141180992126
jcafibbcdx.mp4,0.9095412492752075
jcaoljdnpm.mp4,0.9032426476478577
jcbbrqaaaq.mp4,0.11513713002204895
jcbcsxbmkh.mp4,0.9797584414482117
jcbljxsnkq.mp4,0.8642178773880005
jcbzvzcxzt.mp4,0.9887322783470154
jccdosuaei.mp4,0.12425868213176727
jcckrtvvmw.mp4,0.9024745225906372
jccofuwqrp.mp4,0.9803687930107117
jcdjulohcc.mp4,0.96358722448349
jcdkxrhcbf.mp4,0.8818449974060059
jcdsliebdg.mp4,0.18452145159244537
jcfbsuwqkj.mp4,0.9861195087432861
jcfisfexkt.mp4,0.9900000095367432
jcfkavlnzt.mp4,0.9888057112693787
jcfwrugpmb.mp4,0.9199761152267456
jcglqjqhan.mp4,0.9874041080474854
jcgndflmvj.mp4,0.8857727646827698
jcgnmpdepm.mp4,0.6434237360954285
jchwzgkjbn.mp4,0.9869065880775452
jchzhrmmuk.mp4,0.9180711507797241
jcivzlayyl.mp4,0.9862672686576843
jcjiwnltwv.mp4,0.5005335807800293
jcjlwgqlfv.mp4,0.982320249080658
jcjzfcpzvb.mp4,0.9745418429374695
jcladjsvks.mp4,0.258070170879364
jcnreztvlt.mp4,0.9892005324363708
jcoahdlpkf.mp4,0.9668431282043457
jcozyqetvv.mp4,0.95758056640625
jcpcvrmtwj.mp4,0.9697846174240112
jcrkcqxbku.mp4,0.9891945719718933
jcrpwhrpyk.mp4,0.9681512117385864
jcrwcsvigb.mp4,0.983562171459198
jcsfrkqvyt.mp4,0.7447078227996826
jcszuniisy.mp4,0.9752447009086609
jctkcqmbnq.mp4,0.9900001287460327
jcumdiiqmk.mp4,0.9697936177253723
jcurjqcjnr.mp4,0.9508057236671448
jcvclxcgnc.mp4,0.9885892271995544
jcwliusjbw.mp4,0.9900001287460327
jcxbeoxfip.mp4,0.9751476049423218
jcxjjnulen.mp4,0.9537225961685181
jcxxlefmpq.mp4,0.9657816886901855
jcxxspkyth.mp4,0.9873610138893127
jcyfzyfnjs.mp4,0.15332859754562378
jcyjjoxplz.mp4,0.7567752599716187
jczhxeqapk.mp4,0.8903247714042664
jczkbwttrd.mp4,0.2412782609462738
jczvjwojia.mp4,0.8978360295295715
jdbptqebpo.mp4,0.8432879447937012
jdbwqjtdqp.mp4,0.678837776184082
jdcoheaygf.mp4,0.898901641368866
jddhnvfeeh.mp4,0.9663676619529724
jddmbonyaa.mp4,0.98884516954422
jdffbokydq.mp4,0.8850899934768677
jdftwygyac.mp4,0.9891764521598816
jdghgrdwrr.mp4,0.11665208637714386
jdgqsictvt.mp4,0.9778181314468384
jdgrhihslk.mp4,0.1316465139389038
jdhdagckts.mp4,0.8654466867446899
jdhrcmproz.mp4,0.9899999499320984
jdhrlhmndn.mp4,0.08613131195306778
jdhrvdlgio.mp4,0.7119333148002625
jdhujewgmf.mp4,0.9900001883506775
jdibnhafli.mp4,0.9171841740608215
jdiklnwriz.mp4,0.9133257269859314
jdirunzeah.mp4,0.8028938174247742
jdkceovlzn.mp4,0.8946149945259094
jdkdqqlxag.mp4,0.1536215990781784
jdldxklaqc.mp4,0.8705520033836365
jdlqmnhuix.mp4,0.9050199389457703
jdlunrupzn.mp4,0.7759455442428589
jdlwbkikfu.mp4,0.9825206995010376
jdmjewwlwc.mp4,0.8884451389312744
jdmrnyamcq.mp4,0.9401795864105225
jdniqpvmdr.mp4,0.15941020846366882
jdnmcwygbv.mp4,0.28739994764328003
jdonvxwnzw.mp4,0.9212964773178101
jdoynevvri.mp4,0.9753223657608032
jdpbksdxmd.mp4,0.14808961749076843
jdprngxdwz.mp4,0.7019924521446228
jdqagmvjic.mp4,0.9869877099990845
jdqwhvbsbe.mp4,0.31227895617485046
jdrhwiuwtd.mp4,0.989753246307373
jdrkrpobmg.mp4,0.9343062043190002
jdrrxwlmfe.mp4,0.964576005935669
jdruzblgzt.mp4,0.9225632548332214
jdsbzjdcdv.mp4,0.9843391180038452
jdsganedqh.mp4,0.9462220072746277
jdsgwxuyin.mp4,0.12659703195095062
jduhzatmnf.mp4,0.34514784812927246
jdujogycws.mp4,0.9774929881095886
jduzrspspr.mp4,0.9255589246749878
jdvwbbwqed.mp4,0.32499024271965027
jdwkwnlgkk.mp4,0.978471577167511
jdwubpkquk.mp4,0.9718028903007507
jdxjgytlva.mp4,0.9894349575042725
jdxnotoadb.mp4,0.36825254559516907
jdxojmzvdn.mp4,0.3173123896121979
jdxulhdoyv.mp4,0.9881207346916199
jdzkykqgsx.mp4,0.16150327026844025
jdzqptropt.mp4,0.9900001287460327
jeakupfepe.mp4,0.9027422070503235
jeaydhrzqc.mp4,0.9707868099212646
jebfboxyyt.mp4,0.9292713403701782
jebskmgkhy.mp4,0.9835997819900513
jebwesgcko.mp4,0.979693591594696
jecaylfurj.mp4,0.9899740815162659
jeclduagbh.mp4,0.5366198420524597
jecnyqdnit.mp4,0.9882231950759888
jeeetboyqz.mp4,0.9857586026191711
jeeinabjqq.mp4,0.9691541194915771
jegfyndudz.mp4,0.802739143371582
jeghuhpdwi.mp4,0.989960789680481
jehcrpdezx.mp4,0.9877892136573792
jehwdtszrt.mp4,0.9023315906524658
jeierullea.mp4,0.9869994521141052
jeifvfftpl.mp4,0.9840434193611145
jeittyrcui.mp4,0.9445250034332275
jejhkrsjrw.mp4,0.9878913760185242
jejjcsijvc.mp4,0.8583803772926331
jejppsekfq.mp4,0.9851006269454956
jejzjwuumk.mp4,0.8131377696990967
jekledrxqw.mp4,0.9676544666290283
jekodoebus.mp4,0.37783050537109375
jekxnohueu.mp4,0.9148178100585938
jekygpznjo.mp4,0.9136481881141663
jekyhkswtp.mp4,0.9842945337295532
jelegykytj.mp4,0.9783196449279785
jelmzelvoj.mp4,0.5997870564460754
jendkcelzh.mp4,0.9895738959312439
jeoanqwwfx.mp4,0.5371981263160706
jeokwpavxm.mp4,0.9659907817840576
jeouiqhagh.mp4,0.9210619330406189
jepavgmbmf.mp4,0.9900000095367432
jeptbdagbt.mp4,0.8180316686630249
jeqibfcqoy.mp4,0.9761728048324585
jeqxukpock.mp4,0.9898606538772583
jesstfspwv.mp4,0.9894131422042847
jetnuhkjwy.mp4,0.6668912768363953
jetrpilbzt.mp4,0.9888445734977722
jetvxgotuz.mp4,0.11737767606973648
jetyjwflrf.mp4,0.15865877270698547
jeuybgsqre.mp4,0.09782494604587555
jevtocgbcd.mp4,0.6272974014282227
jewawswhvd.mp4,0.49650076031684875
jewhgesjay.mp4,0.06445863842964172
jewhpnzwkc.mp4,0.9691712260246277
jewxpncdcp.mp4,0.11720408499240875
jexjxmbuwo.mp4,0.8937740921974182
jexuhsfnox.mp4,0.26266443729400635
jezchlgqer.mp4,0.9731928110122681
jezgsvsqjp.mp4,0.9501366019248962
jezmqbtfss.mp4,0.9240429401397705
jfaifjoolx.mp4,0.9771494269371033
jfajjjihnq.mp4,0.9558063745498657
jfbcefsgtw.mp4,0.9482057094573975
jfbdksvkgn.mp4,0.9707371592521667
jfbljslbfc.mp4,0.8450226783752441
jfbottnlel.mp4,0.9860000014305115
jfbyzayxvi.mp4,0.9785590767860413
jfcbizbpiq.mp4,0.986926794052124
jfcglbovmo.mp4,0.6459705233573914
jfclkecjoj.mp4,0.35403844714164734
jfcrowripg.mp4,0.7997249960899353
jfcsumiude.mp4,0.9065672755241394
jfczxmooec.mp4,0.9214249849319458
jfddvprhzr.mp4,0.9251213073730469
jfdifxyycg.mp4,0.9840229749679565
jfdowopymy.mp4,0.7198914885520935
jfdujlungr.mp4,0.22129136323928833
jfepznjnhf.mp4,0.988683819770813
jffcyrahxs.mp4,0.9459580779075623
jfgbjjghxz.mp4,0.9361993074417114
jfgchvcaud.mp4,0.9008282423019409
jfggaheccf.mp4,0.9044493436813354
jfglfhocla.mp4,0.9867441654205322
jfgmrhizml.mp4,0.40968936681747437
jfgthbfidq.mp4,0.13176363706588745
jfguzsqnlv.mp4,0.9892476201057434
jfhjyflcnz.mp4,0.9204750061035156
jfhtynnkrt.mp4,0.9856900572776794
jfighqzpzm.mp4,0.934790849685669
jfiglglxvn.mp4,0.9103477001190186
jfihvhrjyr.mp4,0.9817125797271729
jfiihcpiyh.mp4,0.969453752040863
jfiysrbhjy.mp4,0.8699342012405396
jfjberuxhh.mp4,0.824677050113678
jfkrcsuslj.mp4,0.9569430947303772
jfkwkohdoc.mp4,0.9229205250740051
jfmwcojlml.mp4,0.9760790467262268
jfnbwcwnrh.mp4,0.8788645267486572
jfnucwnoby.mp4,0.5224133133888245
jfnyjxupxm.mp4,0.9898717403411865
jfopmvjwuj.mp4,0.9520965218544006
jfozdfoycz.mp4,0.21599216759204865
jfpbjjhzoh.mp4,0.982201099395752
jfpedtdmbo.mp4,0.10660562664270401
jfqjypvbop.mp4,0.9837580919265747
jfqxuopeol.mp4,0.9795235991477966
jfrahkrzbx.mp4,0.9683936834335327
jfrcjjfmqo.mp4,0.6476431488990784
jfrfcnodxt.mp4,0.8723150491714478
jfsnqbgrdw.mp4,0.32559719681739807
jfsutpsimt.mp4,0.987290620803833
jfszfqkyem.mp4,0.9526688456535339
jftslzalsj.mp4,0.9877392649650574
jfukvmrirl.mp4,0.9686709642410278
jfuqtakysf.mp4,0.8605177402496338
jfvgibibcm.mp4,0.9244049191474915
jfvnwpcjrm.mp4,0.9895951151847839
jfwbtzpwds.mp4,0.7431060075759888
jfxjsqlupt.mp4,0.9666843414306641
jfxroglrst.mp4,0.9519545435905457
jfxyegpyfe.mp4,0.9899441599845886
jfybskdfvq.mp4,0.8565412759780884
jfyumqwrdw.mp4,0.8104983568191528
jfywcnmzut.mp4,0.9725427031517029
jgaurqhtri.mp4,0.988620400428772
jgbbakaqtc.mp4,0.8772855401039124
jgbbldvxim.mp4,0.9616824388504028
jgbwcvxarh.mp4,0.9892778396606445
jgdexanjjk.mp4,0.8515233397483826
jgdjmiibjf.mp4,0.8139090538024902
jgdshpoygh.mp4,0.9534751772880554
jgdtfopkqx.mp4,0.8081654906272888
jgdynnqhui.mp4,0.9692795872688293
jgegsztyti.mp4,0.942145824432373
jgenynfvmw.mp4,0.15872178971767426
jgfpmasqnf.mp4,0.7024895548820496
jgfpubdbyh.mp4,0.9899998903274536
jgfqalzwqh.mp4,0.9863823652267456
jgfvexwjix.mp4,0.9874097108840942
jghzdkuzyy.mp4,0.9786202311515808
jgihhmuvpi.mp4,0.1312396228313446
jgijuusdev.mp4,0.9879304766654968
jgjedubejh.mp4,0.451701819896698
jgkmoxkxmg.mp4,0.9627285599708557
jgkrmffxys.mp4,0.9765663743019104
jglflyakou.mp4,0.7715690732002258
jglhlccrhl.mp4,0.9743719100952148
jglironpiv.mp4,0.9848130345344543
jglnqzxiop.mp4,0.9172223806381226
jglvgjadnn.mp4,0.9804880619049072
jgmehcszoc.mp4,0.8211284279823303
jgmtynuyqc.mp4,0.9049437046051025
jgmxaxbjfb.mp4,0.8799575567245483
jgnfjzqngy.mp4,0.7873401641845703
jgnpgycufc.mp4,0.8949086666107178
jgoplvdxdz.mp4,0.9760859608650208
jgrrayzssl.mp4,0.9396944046020508
jgrtmjmqmj.mp4,0.9430302381515503
jgsdoaxfgj.mp4,0.36764711141586304
jgtjjltjtg.mp4,0.730765163898468
jgtnwbmofm.mp4,0.9543629288673401
jgtzjmttnu.mp4,0.9177625775337219
jgudqdkfmv.mp4,0.12839160859584808
jguwkpmpao.mp4,0.07560767233371735
jguztwqvow.mp4,0.37107568979263306
jgwlvjbzjy.mp4,0.9528730511665344
jgwmeuaiyk.mp4,0.9692482948303223
jgwpzwxfta.mp4,0.9859316349029541
jgwuktnwgg.mp4,0.9786226153373718
jgwvgzjaeh.mp4,0.835070013999939
jgwzyyfrxj.mp4,0.9896351099014282
jgxjosrmlr.mp4,0.15934798121452332
jgxqfjpxfv.mp4,0.935050368309021
jgyefdpcga.mp4,0.5699648857116699
jgzhtvmvwm.mp4,0.9621615409851074
jgzhzetaqy.mp4,0.20225442945957184
jhajwlaakq.mp4,0.9900000691413879
jhccvzwonn.mp4,0.966834545135498
jhchearscf.mp4,0.9878215789794922
jhcnxlxdol.mp4,0.9785805940628052
jhdhlxruqo.mp4,0.1384211629629135
jhdrxeelhb.mp4,0.9543100595474243
jhecetyfym.mp4,0.16221323609352112
jhegswpvdq.mp4,0.2748824954032898
jheilvdkdl.mp4,0.9848493337631226
jhfquaeasu.mp4,0.34931954741477966
jhfykjblun.mp4,0.9896010160446167
jhgjvcuujf.mp4,0.10913465917110443
jhhecxbbkw.mp4,0.8120363354682922
jhhlagbfkl.mp4,0.9895089864730835
jhibrhprsb.mp4,0.9899744391441345
jhihpqpkmb.mp4,0.9846075177192688
jhiktmavev.mp4,0.9874844551086426
jhiulnahbl.mp4,0.9725751876831055
jhixkklllq.mp4,0.9658114314079285
jhjjzicjvi.mp4,0.9774633646011353
jhjplwemul.mp4,0.9891526103019714
jhjsqgswlt.mp4,0.8797703981399536
jhkdzxgiig.mp4,0.9470832943916321
jhkptnikbb.mp4,0.9114129543304443
jhlnjlkvej.mp4,0.11393620818853378
jhlzkvzsrh.mp4,0.20378445088863373
jhmbwwrrac.mp4,0.9899999499320984
jhneddzztv.mp4,0.9870261549949646
jhoafbyhax.mp4,0.23422646522521973
jhonpnpoue.mp4,0.9841209650039673
jhptltfuug.mp4,0.908474326133728
jhqhjybjdk.mp4,0.9897735118865967
jhrgjpcpbi.mp4,0.8952914476394653
jhrihxbrtp.mp4,0.9726744890213013
jhsayjbgva.mp4,0.9709675312042236
jhtphsligx.mp4,0.9724738597869873
jhttzsdeke.mp4,0.9893063902854919
jhtyzvbhkx.mp4,0.9676658511161804
jhugffruzt.mp4,0.9900001287460327
jhumldyaxq.mp4,0.9808955788612366
jhunmskdxo.mp4,0.9435020685195923
jhuzawsahl.mp4,0.21623799204826355
jhvgzyuosr.mp4,0.8386380672454834
jhweajgahu.mp4,0.9024860858917236
jhxatjqafb.mp4,0.918468713760376
jhxxzptgan.mp4,0.9877119064331055
jhyqkbiydn.mp4,0.0945027768611908
jhyvxtuhlb.mp4,0.9841817021369934
jhzbwezmcs.mp4,0.9883849620819092
jhzhjplvzn.mp4,0.14461439847946167
jhzozsurac.mp4,0.19763246178627014
jhztphnhit.mp4,0.1159180998802185
jiaixqijtv.mp4,0.9874110221862793
jiajoalqzh.mp4,0.11083188652992249
jibhugdfbs.mp4,0.9603094458580017
jibqkhgqww.mp4,0.9810746908187866
jichqsnkxx.mp4,0.34151315689086914
jidbemztpa.mp4,0.10391473025083542
jidbgjqkur.mp4,0.9874544739723206
jidbmqevbi.mp4,0.8253396153450012
jiddesrgoi.mp4,0.9606115221977234
jidhnvtrpf.mp4,0.9533352851867676
jidjicpeqj.mp4,0.8701242208480835
jidkzoagws.mp4,0.35272419452667236
jietpvmhij.mp4,0.986431896686554
jifgoxdldc.mp4,0.9161789417266846
jifkbgreko.mp4,0.9853132367134094
jifvfnhfpn.mp4,0.9900000095367432
jigtcgxbro.mp4,0.9858723878860474
jihajeoivn.mp4,0.9883075952529907
jihpgmechw.mp4,0.1135607585310936
jiierqjyrb.mp4,0.4523346722126007
jiisquwdyu.mp4,0.9054585695266724
jiivsvouxw.mp4,0.8003926873207092
jijpyzxkfw.mp4,0.980617880821228
jijydihvum.mp4,0.8121568560600281
jijzextciy.mp4,0.9898670315742493
jijzjqbooq.mp4,0.9707408547401428
jikcoeqasq.mp4,0.9842113256454468
jikswtkmeg.mp4,0.9716688394546509
jikzlboymo.mp4,0.9204714894294739
jilfwcuyrp.mp4,0.14769761264324188
jiltpzdfwg.mp4,0.919018030166626
jimftpswex.mp4,0.8656368851661682
jimhylsoyt.mp4,0.9848451018333435
jimmxgiwpl.mp4,0.3208746910095215
jimyddcjzl.mp4,0.6256550550460815
jinzlsofla.mp4,0.9564306735992432
jinzqwrtos.mp4,0.989582359790802
jiomduynyg.mp4,0.8361331820487976
jioqrlrmxl.mp4,0.09470725059509277
jioxevwjwu.mp4,0.09603223949670792
jipfjtgrqv.mp4,0.9305965304374695
jiphhyvxez.mp4,0.9900000095367432
jiphzqtbam.mp4,0.7667053937911987
jiprjbmojq.mp4,0.9821354150772095
jiqhuhqtdf.mp4,0.10927050560712814
jiqnruiajw.mp4,0.22911816835403442
jirjygmovt.mp4,0.829151451587677
jirknefhky.mp4,0.9355754852294922
jirqiqyyfb.mp4,0.9731937050819397
jirupuxxvt.mp4,0.910831868648529
jirzotxeun.mp4,0.9054228663444519
jiscdcyxnp.mp4,0.8620752692222595
jisdydociz.mp4,0.9253714084625244
jitbvgevrw.mp4,0.7939505577087402
jitcnijcij.mp4,0.9535779356956482
jitmtcwlsi.mp4,0.9685121178627014
jiubdawybj.mp4,0.9154733419418335
jiugbwylsj.mp4,0.8479098081588745
jiusgiscfl.mp4,0.9716320633888245
jiutglcbhf.mp4,0.9738089442253113
jivfvgfken.mp4,0.9826433658599854
jivriunvyi.mp4,0.9636133909225464
jivwoiqeyj.mp4,0.5716522932052612
jiwvgbcmle.mp4,0.9163941144943237
jiwwcqggnm.mp4,0.9884100556373596
jixempvkxy.mp4,0.8975252509117126
jixfcrcbiz.mp4,0.9454450011253357
jixmwjqphy.mp4,0.9214062690734863
jiyaskebfc.mp4,0.16386693716049194
jiyjoygikx.mp4,0.8067184090614319
jizadreaeq.mp4,0.9396838545799255
jizgeonxnm.mp4,0.9900000691413879
jizpiknqaf.mp4,0.11943629384040833
jjatiqwprk.mp4,0.8178927898406982
jjaucqyrvr.mp4,0.9525173306465149
jjaznboikk.mp4,0.9826845526695251
jjbhtojerm.mp4,0.8094373345375061
jjbnzycnjx.mp4,0.9899615049362183
jjcjyopdij.mp4,0.9603532552719116
jjdpjztgcz.mp4,0.9401237368583679
jjdwscmboo.mp4,0.9835100769996643
jjeaszmkza.mp4,0.12987643480300903
jjegzfkwua.mp4,0.9700942635536194
jjewbavpac.mp4,0.980739414691925
jjgtlwcvcd.mp4,0.8765705227851868
jjhjxpaigu.mp4,0.9897915124893188
jjhkbwwqrc.mp4,0.7875343561172485
jjhpptdzjz.mp4,0.8854359984397888
jjhsftlvgu.mp4,0.949378252029419
jjhxmoubcn.mp4,0.968808650970459
jjimhynmzu.mp4,0.9357629418373108
jjiniiqbdk.mp4,0.9849923849105835
jjioflapll.mp4,0.8746067881584167
jjisxhettl.mp4,0.9806795120239258
jjiyiossrk.mp4,0.8802341222763062
jjizylneqz.mp4,0.9807795286178589
jjjxdrrspz.mp4,0.9058222770690918
jjkpklrqdm.mp4,0.21211621165275574
jjlrpcdplq.mp4,0.9641574025154114
jjneuahmex.mp4,0.9408974051475525
jjpxjuttbz.mp4,0.9086518287658691
jjqmlkkoss.mp4,0.9176577925682068
jjqwvrjcdw.mp4,0.7649953365325928
jjrerovpht.mp4,0.9211549758911133
jjrkvkivfj.mp4,0.9648323655128479
jjsxqhxjgs.mp4,0.9890471696853638
jjtgqihnkq.mp4,0.8321632742881775
jjucpwlsyb.mp4,0.9891343712806702
jjucwgygvo.mp4,0.8457520008087158
jjuipjbvhv.mp4,0.9899278879165649
jjvghtthcl.mp4,0.8769387602806091
jjvvyfomho.mp4,0.9825922250747681
jjvxeeawfq.mp4,0.9781275987625122
jjxcruldox.mp4,0.989427387714386
jjxtumenxk.mp4,0.13301648199558258
jjxyytiqmz.mp4,0.9892120361328125
jjyaisgtip.mp4,0.9027336835861206
jjykaarsdc.mp4,0.9871254563331604
jjylebqgmf.mp4,0.7421060800552368
jjyrmbentx.mp4,0.9899674654006958
jjzecoytux.mp4,0.9734106659889221
jjzhotwzlf.mp4,0.9819108843803406
jjzpwcociv.mp4,0.17299889028072357
jjzveabagf.mp4,0.058679498732089996
jjzvfvkqau.mp4,0.728522777557373
jjzvwdlibv.mp4,0.9084257483482361
jjzzbsslun.mp4,0.9800378680229187
jkadnvoqhk.mp4,0.8017154932022095
jkajqpwiay.mp4,0.9832542538642883
jkaxqpkyus.mp4,0.9878340363502502
jkbqvpskqd.mp4,0.9851676225662231
jkcechtgho.mp4,0.12911222875118256
jkcjgwysvs.mp4,0.9890681505203247
jkcpbcpnft.mp4,0.7732427716255188
jkcrlgetfu.mp4,0.9897634983062744
jkdovnmcyr.mp4,0.9490176439285278
jkeophrouw.mp4,0.9126027822494507
jkerwpnymv.mp4,0.8702744245529175
jkeseloldg.mp4,0.9881380796432495
jkewzshsmz.mp4,0.985517144203186
jkezosrcnt.mp4,0.9897465705871582
jkfmldabrv.mp4,0.9899052381515503
jkfukzcjxd.mp4,0.9898634552955627
jkgbnwzqek.mp4,0.8346061706542969
jkgoacwovv.mp4,0.9348875284194946
jkgoimbcrr.mp4,0.9833265542984009
jkhauakgrv.mp4,0.9549822807312012
jkhfnbdhfg.mp4,0.8698142170906067
jkhndcqgco.mp4,0.9829694628715515
jkicnpuhvx.mp4,0.2461143583059311
jkjahwrghe.mp4,0.9601122140884399
jkjvxgxdjy.mp4,0.8487690091133118
jkkunmjtak.mp4,0.5467632412910461
jklgmuitrh.mp4,0.9881700277328491
jklyzyoipl.mp4,0.9869919419288635
jkmhvprjrl.mp4,0.9877472519874573
jknqixlovb.mp4,0.9855214953422546
jkntlgmvaz.mp4,0.9567862749099731
jkpquolhfq.mp4,0.9899056553840637
jkquqsonfp.mp4,0.9337500333786011
jkqvidhxwz.mp4,0.16874082386493683
jkrbsekajk.mp4,0.10022278875112534
jksdgjxuws.mp4,0.7196789979934692
jkvhhqmgys.mp4,0.7183820605278015
jkvlkqerux.mp4,0.9657959938049316
jkweqswkmp.mp4,0.9840866327285767
jkxfexovpf.mp4,0.9415532946586609
jkxqgxayto.mp4,0.8038862943649292
jkxwrvgzpr.mp4,0.9717490673065186
jkxxwfycsj.mp4,0.8458535075187683
jkyarpmxxv.mp4,0.9772246479988098
jkyizkpqxe.mp4,0.8568307161331177
jkzfwaqzan.mp4,0.8074977397918701
jkzguoxgrp.mp4,0.9878302216529846
jkzjtazxdp.mp4,0.9754713773727417
jlakbruuxj.mp4,0.2200954258441925
jlawarjbur.mp4,0.9743763208389282
jlbcbzbacz.mp4,0.13840502500534058
jlbntfvurf.mp4,0.11449059098958969
jlckrvhipl.mp4,0.766923189163208
jlddvpzbqy.mp4,0.8452924489974976
jldkmbxccu.mp4,0.15953315794467926
jlekihrhsg.mp4,0.8944165110588074
jlewhjxkiy.mp4,0.9503366351127625
jlfadvmypa.mp4,0.8903882503509521
jlfbbdaykv.mp4,0.9603924751281738
jlfipzbuxq.mp4,0.9870796799659729
jlfxmldeeu.mp4,0.9730031490325928
jlglwdojut.mp4,0.9205297827720642
jlguomaojq.mp4,0.9867544770240784
jlhsqzadgp.mp4,0.9899899959564209
jlhuzeuopl.mp4,0.930397629737854
jlixlzgucm.mp4,0.9877114295959473
jliyplgfng.mp4,0.96687912940979
jlizymitsl.mp4,0.7029997110366821
jljgjmdovb.mp4,0.12342467159032822
jljzdmmudi.mp4,0.9024839401245117
jlkzypbjmv.mp4,0.6758943200111389
jllgksrwas.mp4,0.9679676294326782
jlmlxnalsb.mp4,0.8249499797821045
jlmqjvtale.mp4,0.5488340258598328
jlmxgiwjrj.mp4,0.9826109409332275
jlnatrmsqw.mp4,0.21233828365802765
jlnsjehljf.mp4,0.8329927325248718
jlomryzlcu.mp4,0.2787322998046875
jlpqzjladg.mp4,0.848450779914856
jlptkfupjy.mp4,0.9519293904304504
jlqarzddeg.mp4,0.9225608110427856
jlqfjykhee.mp4,0.9841262698173523
jlqijydxwb.mp4,0.24330855906009674
jlqudxkdvc.mp4,0.9852061867713928
jlritrohgw.mp4,0.9086300134658813
jlriwaayvn.mp4,0.35301339626312256
jlrrmdznai.mp4,0.7671356201171875
jlrztjivsw.mp4,0.6712788939476013
jlskmeevxr.mp4,0.9702643752098083
jlsmicekzq.mp4,0.9781548976898193
jlsylbojlt.mp4,0.2710685133934021
jlszsmbpze.mp4,0.915563702583313
jltbsrpksq.mp4,0.9886099696159363
jltiodskcw.mp4,0.902563750743866
jltluebzse.mp4,0.9255110025405884
jltrqfzlnr.mp4,0.9398375153541565
jltudfiwwr.mp4,0.943925142288208
jlunuxqucj.mp4,0.8260113596916199
jluxdyftpa.mp4,0.39510297775268555
jlvxmssvwi.mp4,0.9827911853790283
jlvyaxhixs.mp4,0.858748197555542
jlwrjxfwdi.mp4,0.9607113003730774
jlxhfphwpw.mp4,0.988491415977478
jlxiyagdjo.mp4,0.5918641090393066
jlxnfqocew.mp4,0.9136197566986084
jlxnzxtopm.mp4,0.14372050762176514
jlxpoalwya.mp4,0.8912469148635864
jlxutyzemo.mp4,0.10271631181240082
jlyvtlcajx.mp4,0.8090528845787048
jlzbyxqgiw.mp4,0.8918567299842834
jlzelzmyin.mp4,0.1791478842496872
jlzlqfqitl.mp4,0.969407320022583
jmaszdwnkz.mp4,0.9610269665718079
jmaylyisgz.mp4,0.25768303871154785
jmbyprxmfn.mp4,0.4056069850921631
jmcqwwcuxp.mp4,0.9864962100982666
jmctsixbhk.mp4,0.955890953540802
jmddxhehsb.mp4,0.9897112250328064
jmdylhjyzf.mp4,0.26587119698524475
jmdztfcyhm.mp4,0.9900000691413879
jmfgkwgyym.mp4,0.9866381883621216
jmfiehgkcn.mp4,0.977393627166748
jmfjkqyyej.mp4,0.686585009098053
jmfwryxneg.mp4,0.7088561654090881
jmghqvqgxv.mp4,0.5
jmgozrnbir.mp4,0.8811960220336914
jmguakcwsy.mp4,0.9035301804542542
jmhyfazbda.mp4,0.9689973592758179
jmjcqrggsw.mp4,0.8923704028129578
jmjgnikdsu.mp4,0.9893562197685242
jmkkbkvbjo.mp4,0.6146215200424194
jmkmzlvpnw.mp4,0.9900000095367432
jmluyrxtfn.mp4,0.9835142493247986
jmmecntohl.mp4,0.9899717569351196
jmmhppwkfg.mp4,0.08612676709890366
jmoqelikic.mp4,0.9868583083152771
jmoxeyiywo.mp4,0.9900000691413879
jmpnxczwnl.mp4,0.9743512868881226
jmpqzlmmpr.mp4,0.9306608438491821
jmpybygqon.mp4,0.9105940461158752
jmqpsimwcd.mp4,0.7841974496841431
jmrdtweydv.mp4,0.9842538237571716
jmrfbhqnqk.mp4,0.7807058095932007
jmscipgnyr.mp4,0.9779508709907532
jmshwmfhqi.mp4,0.9881358742713928
jmszrburbe.mp4,0.8877767324447632
jmteqvfilc.mp4,0.9845433831214905
jmubocmowh.mp4,0.22111524641513824
jmvmumowjq.mp4,0.984689474105835
jmvmztomdw.mp4,0.43820708990097046
jmvnxexych.mp4,0.906090259552002
jmxdbxjqzu.mp4,0.13505211472511292
jmxkiuxzvg.mp4,0.9848219156265259
jmzkawfzqt.mp4,0.26909375190734863
jnaftxxutz.mp4,0.9899999499320984
jnafwjebjb.mp4,0.9808028340339661
jnairglkux.mp4,0.23157915472984314
jnalvclkjn.mp4,0.8425586819648743
jnariwnatr.mp4,0.9842969179153442
jnassgopcp.mp4,0.9544036984443665
jnbbbxihbh.mp4,0.9725585579872131
jnbvbbened.mp4,0.10932061076164246
jncnyigscz.mp4,0.15941055119037628
jncrjhqvhx.mp4,0.9756961464881897
jnctoqoufb.mp4,0.4200217127799988
jncuaosxat.mp4,0.9870075583457947
jnddcpkepm.mp4,0.8778551816940308
jndobzgjpi.mp4,0.8728611469268799
jneckvehyk.mp4,0.8920314311981201
jnekajvlcj.mp4,0.9750310182571411
jnfzspjgzo.mp4,0.8233765959739685
jngzmnnulf.mp4,0.942338764667511
jniamiezfj.mp4,0.9896024465560913
jnianhnlvr.mp4,0.16970540583133698
jnifcpyxho.mp4,0.9232349395751953
jninyixxqv.mp4,0.9485829472541809
jniytngcmy.mp4,0.2803947627544403
jnjzwcogsw.mp4,0.9201513528823853
jnkdtmwlje.mp4,0.39085307717323303
jnkiecpeve.mp4,0.9762693047523499
jnklpeolur.mp4,0.9567313194274902
jnlevanrpd.mp4,0.9900000095367432
jnlfhlzhub.mp4,0.9359697103500366
jnlfystmzs.mp4,0.9876327514648438
jnlsblkssg.mp4,0.9768219590187073
jnmglqfqah.mp4,0.7636074423789978
jnmpqwqtkc.mp4,0.9507346749305725
jnnwcesqop.mp4,0.8967235684394836
jnocmrgime.mp4,0.9013863801956177
jnoeawijqg.mp4,0.5172694325447083
jnohxdgsjl.mp4,0.4878659248352051
jnpfknbyus.mp4,0.9751390814781189
jnphuclors.mp4,0.7995162010192871
jnqakjilnm.mp4,0.9170404672622681
jnqgbeifos.mp4,0.9762623906135559
jnqjchroea.mp4,0.9539689421653748
jnqovqcklb.mp4,0.9801263213157654
jnqvvbpcjn.mp4,0.9810388088226318
jnrbjcsxlz.mp4,0.11446947604417801
jnrgqzlvvr.mp4,0.9647461175918579
jnrtzfzpqa.mp4,0.9881199598312378
jnsjlslwuk.mp4,0.1032877042889595
jnszxfdvdu.mp4,0.45192867517471313
jntpviiziw.mp4,0.9879715442657471
jntsnqioce.mp4,0.8870131969451904
jnuwxldmly.mp4,0.9644546508789062
jnvycbkaph.mp4,0.34815022349357605
jnwgtwdhxe.mp4,0.8720725178718567
jnxlymnqfm.mp4,0.6493098735809326
jnxqztdgyp.mp4,0.8519222736358643
jnxzkzidtd.mp4,0.9617271423339844
jnylusceha.mp4,0.10811661183834076
jnyrjjagxb.mp4,0.609423041343689
jnzhqeyysi.mp4,0.884746789932251
jnzhwkdkfi.mp4,0.8275100588798523
jnztiadssn.mp4,0.9728741645812988
joadtqvfwc.mp4,0.14581641554832458
joarxdehel.mp4,0.9855221509933472
jobjurhuvr.mp4,0.8082401156425476
jobvtomjyt.mp4,0.8200916647911072
jocksapjca.mp4,0.8673350811004639
jodmpxamjm.mp4,0.763475775718689
jodpxdnajh.mp4,0.929448127746582
joeagxxbbn.mp4,0.2396848350763321
joerzhqnzc.mp4,0.921783983707428
joevjtjgzn.mp4,0.6415279507637024
joezmuxfzt.mp4,0.8564913272857666
jofvevjwim.mp4,0.5921863913536072
joghmjwscd.mp4,0.9708759784698486
jogihuryca.mp4,0.8207100033760071
jogkhwcrmg.mp4,0.9750933051109314
johpgxjpdm.mp4,0.20471324026584625
jojbvmgyeh.mp4,0.473365843296051
jokhonzxiw.mp4,0.978563129901886
jokljefhzw.mp4,0.8374545574188232
jokpgieozn.mp4,0.9837185740470886
jokskvrmmm.mp4,0.987154483795166
jokumtsegd.mp4,0.9266880750656128
jokvzuiivx.mp4,0.9899914264678955
jokxnelnfn.mp4,0.1479312628507614
jolmlanwhp.mp4,0.9371104836463928
jolrloqajj.mp4,0.9169046878814697
jolrzhwbbv.mp4,0.9886612296104431
jomnognvrf.mp4,0.7156400084495544
jonnrxawsy.mp4,0.8922810554504395
jonqjioucp.mp4,0.988589346408844
jonrxepdxk.mp4,0.9766355156898499
joooyxhqxq.mp4,0.922837495803833
joouypmnuc.mp4,0.9873846173286438
jooxuprezs.mp4,0.9882978796958923
jopktpwppc.mp4,0.9249541759490967
joqcupcigh.mp4,0.9765479564666748
joqovzhazn.mp4,0.9873889684677124
joresvocdj.mp4,0.9810729026794434
jorghlmkzr.mp4,0.9897890090942383
jorxoesoqa.mp4,0.9128971099853516
jorytevubi.mp4,0.9900001287460327
joshukhbpp.mp4,0.948320746421814
jotosdekah.mp4,0.18284781277179718
jotrtxqekz.mp4,0.9461014866828918
jotuktkehu.mp4,0.8994593620300293
jouzjsxkns.mp4,0.3331577181816101
jovaaaryaf.mp4,0.9899999499320984
jovcwgatlt.mp4,0.16504047811031342
jovfjkwibx.mp4,0.9386948347091675
jovlorawmz.mp4,0.9245026707649231
jovohczybs.mp4,0.987517237663269
jovrnujurf.mp4,0.9861528873443604
jovrzaqluh.mp4,0.13524970412254333
jowyxevmgi.mp4,0.8588511943817139
joxdqiidul.mp4,0.9655017256736755
joxhszkkjj.mp4,0.853755533695221
joywacizgw.mp4,0.2836016118526459
jozdpkfbxt.mp4,0.9893019795417786
jozfaxodnx.mp4,0.19588160514831543
jozivrywzt.mp4,0.8736874461174011
jozmldrwgz.mp4,0.9893418550491333
jpaaavcygy.mp4,0.2979523539543152
jpafxndgfr.mp4,0.9340159893035889
jpagxhejyn.mp4,0.9783909320831299
jpatduagju.mp4,0.7493799924850464
jpbsnyitmv.mp4,0.9718986749649048
jpbwbkobnp.mp4,0.7945679426193237
jpccbvwvtm.mp4,0.9809290170669556
jpdeqadibf.mp4,0.9830366969108582
jpdgijasir.mp4,0.598836362361908
jpdramsluc.mp4,0.6590736508369446
jpdyndogbm.mp4,0.8961905241012573
jpehvirzib.mp4,0.9845385551452637
jpfvktyhki.mp4,0.9772465825080872
jpfycrnhpt.mp4,0.9053828120231628
jpfzokwegi.mp4,0.9257392883300781
jpgcajdzti.mp4,0.8434929251670837
jpgkbrytxq.mp4,0.883544921875
jpgxvefxgz.mp4,0.9480221271514893
jphdtidaxt.mp4,0.9597371816635132
jpheyemqik.mp4,0.3802129626274109
jphjxklkju.mp4,0.6693227291107178
jphmsrnsao.mp4,0.9737902283668518
jphpxiiqfd.mp4,0.9870387315750122
jpiejubkdq.mp4,0.9801133871078491
jpihwuiifn.mp4,0.9849115610122681
jpisfbtjcc.mp4,0.6911349296569824
jpjehzhiin.mp4,0.9380303025245667
jpjmnzilmz.mp4,0.39324790239334106
jpkmpxrpto.mp4,0.9222378730773926
jpkoxyoqos.mp4,0.8342128396034241
jpkzbwgjtd.mp4,0.14997901022434235
jplaesabpj.mp4,0.1308998167514801
jplbbczwuy.mp4,0.8978202939033508
jplepofmsa.mp4,0.9549842476844788
jpmbnyxyav.mp4,0.9786834716796875
jpmqvhzmku.mp4,0.9865936040878296
jpndpzugdy.mp4,0.11999278515577316
jpnlrqjucb.mp4,0.9895898699760437
jpnvbfcekk.mp4,0.8591337203979492
jppstvntfb.mp4,0.959831714630127
jppuqzlevo.mp4,0.9818891882896423
jprhvuildq.mp4,0.9381878972053528
jprsmiybem.mp4,0.09573868662118912
jprtolusrq.mp4,0.5972868800163269
jpsktrbyxi.mp4,0.6137176752090454
jpsmggkazz.mp4,0.9898322820663452
jpsqzmhcnw.mp4,0.9495261311531067
jptnaxsxuq.mp4,0.9876160025596619
jptqtosioi.mp4,0.9826940298080444
jptxjzbrva.mp4,0.9851261377334595
jptxsmuwid.mp4,0.9889755249023438
jpuaeekbgd.mp4,0.17006200551986694
jpvnwlrjde.mp4,0.2789585590362549
jpvzilkqvz.mp4,0.7995560169219971
jpwekhucij.mp4,0.8983936905860901
jpwykgqklz.mp4,0.4555613100528717
jpxbkxyrss.mp4,0.43395817279815674
jpxbpzuzjr.mp4,0.9842785596847534
jpxcjjccwt.mp4,0.9882596731185913
jpxkshkspx.mp4,0.9594079852104187
jpxrvemllw.mp4,0.07226930558681488
jpyovsnfga.mp4,0.733475387096405
jpzkhpexle.mp4,0.9863952994346619
jpzmwcnutj.mp4,0.8087713718414307
jpzscqcjvz.mp4,0.9895482063293457
jqacsyczuc.mp4,0.8406764268875122
jqaylxoyjy.mp4,0.923920750617981
jqbljzbear.mp4,0.9899998903274536
jqbynrrpsx.mp4,0.693240225315094
jqcfzqfmuo.mp4,0.9769014120101929
jqcpikryji.mp4,0.9664619565010071
jqcpzouxvk.mp4,0.9071063995361328
jqcqlmyrwk.mp4,0.9802543520927429
jqdieyzjvv.mp4,0.8762729167938232
jqdmjirujb.mp4,0.9817192554473877
jqedfvszwq.mp4,0.982973575592041
jqepglgamm.mp4,0.9770167469978333
jqflbegyzp.mp4,0.9634873270988464
jqgiabjdum.mp4,0.5736626386642456
jqhsfrduxs.mp4,0.9871565103530884
jqipvvsisb.mp4,0.983360767364502
jqjfgalnfp.mp4,0.3361467123031616
jqjfpkuckf.mp4,0.9264138340950012
jqkzcdhvaf.mp4,0.43496495485305786
jqkzvipdcr.mp4,0.6368918418884277
jqmimsdrly.mp4,0.9866814017295837
jqmpshwlgy.mp4,0.9899117946624756
jqnatdphlg.mp4,0.946735143661499
jqnebbpshx.mp4,0.9857508540153503
jqnlikkyhe.mp4,0.989152729511261
jqocbvfwpp.mp4,0.9498246908187866
jqomvjjjxk.mp4,0.9640882611274719
jqqbnrvzkp.mp4,0.9261621236801147
jqrfrqykue.mp4,0.6412107348442078
jqrhbfryac.mp4,0.3249329924583435
jqtyrtchdu.mp4,0.9892114400863647
jquxgyjljl.mp4,0.9899662733078003
jqvedzkrxw.mp4,0.9367086291313171
jqvvlcurkn.mp4,0.9839589595794678
jqwdzyuttc.mp4,0.9887344241142273
jqwvvaqpao.mp4,0.9883701801300049
jqwycsurda.mp4,0.9801532626152039
jqwypxfbns.mp4,0.2094864547252655
jqxfscpibb.mp4,0.8003411889076233
jqxwaaqvhu.mp4,0.9900000691413879
jqygrschbg.mp4,0.7076497673988342
jqyiwooilh.mp4,0.6330674886703491
jqzmyutuml.mp4,0.9451503157615662
jqzmzfqpcq.mp4,0.9536361694335938
jqznabqbes.mp4,0.9899280667304993
jqzpfigaxh.mp4,0.9698948860168457
jqzpssmrex.mp4,0.8567405939102173
jraehbxfgj.mp4,0.15422995388507843
jrakqbwquo.mp4,0.9530344009399414
jrbnxvgdva.mp4,0.9685121774673462
jrbpgglpyk.mp4,0.17837251722812653
jrbvssypfd.mp4,0.9871876239776611
jrcbxevnrf.mp4,0.7826623916625977
jrcnquaako.mp4,0.9410579204559326
jrcyjnygdg.mp4,0.9266731142997742
jrdaowgknr.mp4,0.09007595479488373
jrdkewnpng.mp4,0.8338489532470703
jrdsdnlvzp.mp4,0.964317262172699
jrdspknouk.mp4,0.798486590385437
jrewpuztaa.mp4,0.9424077272415161
jrfaqilmkz.mp4,0.987493097782135
jrfysqxoyv.mp4,0.20622384548187256
jrgkbiayur.mp4,0.8463367819786072
jrikdpwrfr.mp4,0.3536933660507202
jrjcmzjmfk.mp4,0.5969032645225525
jrjotygsxf.mp4,0.9335446357727051
jrjrmrjlqb.mp4,0.9881778955459595
jrjvzpjldk.mp4,0.9899256229400635
jrjxehotww.mp4,0.9138368368148804
jrkdzpijpb.mp4,0.8999456763267517
jrkvtfizbr.mp4,0.8983078598976135
jrlepsymil.mp4,0.5421745181083679
jrmdnwgdfi.mp4,0.9880601167678833
jrmgqzgcmj.mp4,0.9276429414749146
jrmqsinefn.mp4,0.9286393523216248
jrmrihegbn.mp4,0.9569023847579956
jrmxtiyweq.mp4,0.8008333444595337
jrngrhmgor.mp4,0.9513363838195801
jrnklhsqet.mp4,0.18609951436519623
jrofpjxnob.mp4,0.9863480925559998
jroutjpyfa.mp4,0.34206628799438477
jroxppirqe.mp4,0.21871612966060638
jrrhsbwjph.mp4,0.9898080229759216
jrsdfyvfig.mp4,0.8283424973487854
jrstztoybc.mp4,0.9505845308303833
jrtadvzeby.mp4,0.969450831413269
jrtcxweqxe.mp4,0.9886894226074219
jrtgsrmvfu.mp4,0.20332373678684235
jrtkfzvedu.mp4,0.9898442029953003
jruczqfsaj.mp4,0.9507728219032288
jruqdkdnnz.mp4,0.9900000095367432
jruxzqarwf.mp4,0.9900000095367432
jrviwokzrg.mp4,0.8104711174964905
jrvtaxyblu.mp4,0.9821101427078247
jrwgmfdfsf.mp4,0.9884745478630066
jrwqouwlzc.mp4,0.9099830985069275
jrxmyjotcc.mp4,0.9797211289405823
jrxvchrgwp.mp4,0.9900001883506775
jrymyxtjqo.mp4,0.8756940960884094
jryzaxwhjq.mp4,0.12059428542852402
jrzibpjody.mp4,0.9875606894493103
jrzjifqtpt.mp4,0.9605849385261536
jrzmnqcxmm.mp4,0.7046176791191101
jrzwabkkvh.mp4,0.8491187691688538
jsaoosmkqe.mp4,0.42637354135513306
jsbhkmrppe.mp4,0.9227171540260315
jsbrememgc.mp4,0.3028937876224518
jscprixdqn.mp4,0.9737808704376221
jscqgaevuz.mp4,0.9643132090568542
jsdonkriyw.mp4,0.9796719551086426
jsecestmul.mp4,0.9059476256370544
jseklzygum.mp4,0.989201009273529
jseujyrgvb.mp4,0.9900000691413879
jsfajipqks.mp4,0.9800703525543213
jsgexbapus.mp4,0.6783662438392639
jsgivepvkt.mp4,0.9891653656959534
jsgruvxkuk.mp4,0.2676504850387573
jshdgdhbek.mp4,0.1873968541622162
jshkqnynbh.mp4,0.9706582427024841
jshlzwhsgf.mp4,0.970277726650238
jsijpxmjir.mp4,0.7754049301147461
jsiknrqthx.mp4,0.9835119843482971
jsirfifkwz.mp4,0.9715583920478821
jsjlxjzlid.mp4,0.9896806478500366
jskqsjbzfd.mp4,0.09939011931419373
jsmlfwdmht.mp4,0.979324221611023
jsmohpxtcr.mp4,0.2307303100824356
jsmpyzdmtj.mp4,0.9650763273239136
jsnghlpxpu.mp4,0.0770227238535881
jsnrkyovgc.mp4,0.9609690308570862
jsoimzdksr.mp4,0.9514479637145996
jsoouhmwsb.mp4,0.23395706713199615
jsqtbnxnpb.mp4,0.9694797396659851
jsqwrghyep.mp4,0.964914083480835
jsrgcgsqll.mp4,0.9863713383674622
jsruxnmhbz.mp4,0.981803834438324
jssvebigdw.mp4,0.9896426200866699
jssvhybdxi.mp4,0.9886852502822876
jstfqtqxsd.mp4,0.9845156073570251
jstmyejtty.mp4,0.9623299837112427
jsugobkfqg.mp4,0.9712426662445068
jsujujzxqn.mp4,0.9792813658714294
jsxhjvxmah.mp4,0.9838686585426331
jsyceusvro.mp4,0.9890098571777344
jsydtyxubs.mp4,0.12391746789216995
jsyhejuznh.mp4,0.7369711399078369
jsyisypskd.mp4,0.9821947813034058
jsytdoqkoh.mp4,0.9856646656990051
jtaqzshggo.mp4,0.987298846244812
jtbqjkgfnk.mp4,0.31224924325942993
jtbslmtffu.mp4,0.8225172162055969
jtcfpzwbkf.mp4,0.9792904257774353
jtcnvejifk.mp4,0.9222638010978699
jtcplqzvaf.mp4,0.9842666387557983
jtcsjwncak.mp4,0.5151004195213318
jtcsllillq.mp4,0.9900000095367432
jtctmvotlp.mp4,0.9558620452880859
jtcwyiywmy.mp4,0.98988276720047
jtddriehmx.mp4,0.9874688386917114
jtduaxahlv.mp4,0.10318191349506378
jtdvenwmkx.mp4,0.98991858959198
jtfhglskyq.mp4,0.6503770351409912
jtfrlnkyoz.mp4,0.9892019629478455
jtgesoyiiy.mp4,0.7642322778701782
jtguzdzxod.mp4,0.9766687750816345
jthegfowct.mp4,0.9717557430267334
jthjtdmodv.mp4,0.1341344267129898
jthldhxvfu.mp4,0.9836938977241516
jthxydasmt.mp4,0.9439899325370789
jtiideprrg.mp4,0.9856218099594116
jtjejchhfw.mp4,0.7145688533782959
jtkjxwyvpu.mp4,0.8127280473709106
jtkkxssxge.mp4,0.9897452592849731
jtkqjeenlp.mp4,0.9886677861213684
jtkyoulizr.mp4,0.5472656488418579
jtlcfpgpim.mp4,0.9873031377792358
jtlhnksetc.mp4,0.9709658026695251
jtlujteklr.mp4,0.9854696989059448
jtmaersduo.mp4,0.9553624391555786
jtmjzepxmy.mp4,0.9759286046028137
jtmsnqqvpc.mp4,0.9587151408195496
jtnyvsvczz.mp4,0.9852132797241211
jtpaxywixp.mp4,0.9769622087478638
jtplbbgtup.mp4,0.9765742421150208
jtpmcpcbsn.mp4,0.9815502762794495
jtpxeylqez.mp4,0.9899705052375793
jtqoahhdyw.mp4,0.979712724685669
jtqsywdslx.mp4,0.9692174196243286
jtsiisuilu.mp4,0.9896148443222046
jttbenjinn.mp4,0.7635953426361084
jttgsevqku.mp4,0.8907086849212646
jtthbxcbqd.mp4,0.9871596097946167
jttzqzzikd.mp4,0.9709087014198303
jtuuajwtiq.mp4,0.9815201163291931
jtvbtwmfgr.mp4,0.9307907223701477
jtwpwdqmxz.mp4,0.2361120581626892
jtxwpqhbyy.mp4,0.17427398264408112
jtyrcldkrn.mp4,0.9671698808670044
jtzekkwofj.mp4,0.9858179688453674
jtzmffmroy.mp4,0.9843162298202515
jtzuvuqqxk.mp4,0.9752287268638611
juaqsqaphv.mp4,0.23231975734233856
jubibhoyio.mp4,0.9841277003288269
jucamxomcy.mp4,0.9188087582588196
jucbwpzqmj.mp4,0.9490845203399658
judijcrqow.mp4,0.7908153533935547
judmcwbhws.mp4,0.9899957776069641
judnahasmd.mp4,0.2917638421058655
judokbfarj.mp4,0.9614275693893433
judvmmvwll.mp4,0.9870030283927917
judztawuje.mp4,0.9749056100845337
jueeritxcp.mp4,0.9864205121994019
juenjlzrap.mp4,0.9417677521705627
juewofufos.mp4,0.5018791556358337
jufcykpvra.mp4,0.9898544549942017
jufqbtclow.mp4,0.9099431037902832
jufzjqtqux.mp4,0.9900001287460327
juigeuwbxn.mp4,0.7701758146286011
jujbjgqshr.mp4,0.7686066627502441
jujpqsrgll.mp4,0.26719000935554504
jujuzhqrdz.mp4,0.15899553894996643
jukuwuqiik.mp4,0.9778016805648804
jukyfuxrka.mp4,0.9506489038467407
julfellhdf.mp4,0.10852393507957458
julfknzrsp.mp4,0.9461185932159424
julkwjicct.mp4,0.9256125092506409
julnynlqul.mp4,0.9232844710350037
junmjuoplm.mp4,0.9382738471031189
junospzshm.mp4,0.9899995923042297
junvgpndop.mp4,0.984175980091095
junyrlainl.mp4,0.5435792207717896
junzqfxzxj.mp4,0.9769506454467773
junzzlnlfw.mp4,0.9379082322120667
juojkwweft.mp4,0.9641854763031006
juprmlognj.mp4,0.9900000095367432
jupshqfhqz.mp4,0.9895901083946228
juqgdaxcej.mp4,0.1725737303495407
jurtcmuywj.mp4,0.9889352917671204
jurznbpwvc.mp4,0.7579819560050964
jusmragukx.mp4,0.15022633969783783
jusvaqqpde.mp4,0.9197928309440613
jutghbcklw.mp4,0.8473843932151794
jutkyeczir.mp4,0.8034077882766724
juudbscpul.mp4,0.6861674189567566
juugrqdhai.mp4,0.9147776365280151
juvkgfopbn.mp4,0.9891625046730042
juvnnolwbw.mp4,0.12342318892478943
juvomhxzgt.mp4,0.919714093208313
juxswrseor.mp4,0.9710060358047485
juxwemqaoo.mp4,0.1024126261472702
juysldanin.mp4,0.9293670654296875
juyzxfaydw.mp4,0.9650304317474365
juzdhkxpkp.mp4,0.5810895562171936
juzetmgaoc.mp4,0.0945698618888855
juzhmqbiwn.mp4,0.8322038054466248
jvatbrmbty.mp4,0.8792279362678528
jvathupada.mp4,0.9745305180549622
jvcerwsnlb.mp4,0.9747779369354248
jvdaoipduc.mp4,0.8691845536231995
jvebpyiget.mp4,0.9042373299598694
jveqsndvuv.mp4,0.9899961352348328
jveskbrbnb.mp4,0.8111283183097839
jveubdamoh.mp4,0.9783269762992859
jvfhbqvixc.mp4,0.322096049785614
jvfsalaiqa.mp4,0.9900001287460327
jvgpkmbudt.mp4,0.9586237668991089
jvgrsfohjf.mp4,0.9832336902618408
jvgwcmnpdf.mp4,0.9731073975563049
jvhfzjtzww.mp4,0.6928586959838867
jvhidzdcec.mp4,0.9889037609100342
jvihmimqca.mp4,0.29573196172714233
jvjstqodrq.mp4,0.7362738251686096
jvkzxerjub.mp4,0.49076929688453674
jvltbfzcox.mp4,0.9900000691413879
jvlvkijuwa.mp4,0.6998445391654968
jvlzvgcfft.mp4,0.9900000691413879
jvmdzcrakg.mp4,0.22093082964420319
jvmjjaljep.mp4,0.9824977517127991
jvngdavyfw.mp4,0.9845553040504456
jvoccwojhu.mp4,0.939302384853363
jvomudwqga.mp4,0.9899998903274536
jvoqzzvbmu.mp4,0.9818145036697388
jvozxoqwly.mp4,0.9888068437576294
jvppjxymwn.mp4,0.9878188967704773
jvpwjupnxs.mp4,0.9518672227859497
jvqcvinqvt.mp4,0.5236845016479492
jvrtqrtulh.mp4,0.9882932901382446
jvrwshxjmr.mp4,0.9604299068450928
jvscpktkpv.mp4,0.9364640116691589
jvsyayposo.mp4,0.9309972524642944
jvtttgwsha.mp4,0.7015730142593384
jvtziksdfh.mp4,0.25800150632858276
jvuvxjexte.mp4,0.983330488204956
jvwywiexxx.mp4,0.8806912302970886
jvxheknnqd.mp4,0.9679429531097412
jvxjzbyori.mp4,0.9263171553611755
jvxlwcmwed.mp4,0.972184956073761
jvyfzizdvi.mp4,0.9709413647651672
jvynjragij.mp4,0.9826601147651672
jvyohfbofm.mp4,0.987586259841919
jvyyumogsy.mp4,0.978169322013855
jvzakxfpyy.mp4,0.9854021668434143
jvzdpyonga.mp4,0.5287812948226929
jvzmzgqtrk.mp4,0.8099678754806519
jvzugoakqs.mp4,0.9403994083404541
jvzvsqomru.mp4,0.9756589531898499
jwaqydcpzq.mp4,0.8806620836257935
jwavordtzd.mp4,0.8423797488212585
jwaxanlhde.mp4,0.6332359313964844
jwbkfbbcrr.mp4,0.9478831887245178
jwblarntfg.mp4,0.7372915744781494
jwbsicnbyc.mp4,0.3423006236553192
jwcbwrlvuh.mp4,0.986685037612915
jwccbzribj.mp4,0.9878831505775452
jwcnguujiv.mp4,0.16047562658786774
jwdsnktmhq.mp4,0.9076957106590271
jwduqoictl.mp4,0.9851283431053162
jwelkizwxd.mp4,0.8993223905563354
jweuoqgyld.mp4,0.8699476718902588
jwfjptfxnf.mp4,0.7597867846488953
jwfxbianjp.mp4,0.9842609167098999
jwgadxzcju.mp4,0.1373046636581421
jwgfhyetvy.mp4,0.1000271886587143
jwgfvqfwki.mp4,0.9751296043395996
jwgvjcjkbs.mp4,0.8307536244392395
jwhjmfgnvx.mp4,0.9638983011245728
jwhqfaoimh.mp4,0.934408962726593
jwhsfrbrzw.mp4,0.9786314964294434
jwieuusxut.mp4,0.18862488865852356
jwjejpuxwp.mp4,0.9859731197357178
jwjymqansz.mp4,0.89256751537323
jwlfunyzqs.mp4,0.4429929554462433
jwlknkklyh.mp4,0.8721269369125366
jwlnlxrqtq.mp4,0.9644452333450317
jwmbhisqhn.mp4,0.9881514310836792
jwnpyrhcty.mp4,0.25722047686576843
jwosnmryka.mp4,0.9737449288368225
jwpwtrckks.mp4,0.9611098170280457
jwqfhcyjtt.mp4,0.9519510269165039
jwqlywbftq.mp4,0.951443612575531
jwqplyokhy.mp4,0.9725850224494934
jwrypvpvpx.mp4,0.1360200196504593
jwrzplnlfn.mp4,0.9749184250831604
jwsaofatad.mp4,0.978002667427063
jwsiosxyhw.mp4,0.6683804988861084
jwtljeywdu.mp4,0.1603645384311676
jwuiourbih.mp4,0.8360851407051086
jwuolcfxil.mp4,0.9242472052574158
jwuozkqqkw.mp4,0.9894746541976929
jwvbunnmhb.mp4,0.1794419139623642
jwvdustzrb.mp4,0.9845334887504578
jwvdxajidd.mp4,0.7302114963531494
jwvgaznkqi.mp4,0.9822877049446106
jwvkgbyqxz.mp4,0.9795010685920715
jwvojvpdco.mp4,0.3160991966724396
jwwnyjcpmu.mp4,0.9895618557929993
jwxfbezulj.mp4,0.9810266494750977
jwxpmszoes.mp4,0.9536721110343933
jwxsnuclie.mp4,0.9817185997962952
jwxxsmbxvq.mp4,0.33898502588272095
jwyhhbaail.mp4,0.954215943813324
jwylmiqpbz.mp4,0.8301485776901245
jwzgumwrfe.mp4,0.9900000691413879
jwzzfnafcv.mp4,0.942396879196167
jxaawrsxdd.mp4,0.9781113266944885
jxachdybaj.mp4,0.9241968989372253
jxakrbkttd.mp4,0.17986418306827545
jxawdzmebv.mp4,0.9242172241210938
jxawzdqlam.mp4,0.8939317464828491
jxbgimtjix.mp4,0.9897488951683044
jxbnpngtam.mp4,0.2289665937423706
jxbqefkgfx.mp4,0.7249904870986938
jxbwqhgand.mp4,0.3873389959335327
jxcpmfppqu.mp4,0.8637548685073853
jxcpvbshka.mp4,0.12854301929473877
jxcyduqhah.mp4,0.8779190182685852
jxdhxofqqf.mp4,0.9899999499320984
jxdkksfgwt.mp4,0.1318691223859787
jxdntslmcw.mp4,0.9900000691413879
jxdwjidema.mp4,0.9778222441673279
jxebflghvt.mp4,0.9799928069114685
jxedwcjpct.mp4,0.989960789680481
jxeijpflbj.mp4,0.23977361619472504
jxeqhujuvh.mp4,0.9840696454048157
jxewmrajdp.mp4,0.9602305293083191
jxfritqygx.mp4,0.9584968686103821
jxghkmdywf.mp4,0.7222911715507507
jxhdlpmqfp.mp4,0.3102051019668579
jxhrirhjpr.mp4,0.9867808222770691
jxhzcibdrb.mp4,0.9873684644699097
jxjyufzczt.mp4,0.22568200528621674
jxknsvmgjk.mp4,0.32361143827438354
jxknxarhqj.mp4,0.9864720106124878
jxlkwmjvny.mp4,0.9883960485458374
jxnhuoofmp.mp4,0.937947690486908
jxnupbchrs.mp4,0.8678069710731506
jxnutsjkxm.mp4,0.26061856746673584
jxohraoavk.mp4,0.645406186580658
jxoqxnvvpv.mp4,0.3848741948604584
jxowsgbsvc.mp4,0.966419517993927
jxpamthxui.mp4,0.9700953364372253
jxpodcendq.mp4,0.34386783838272095
jxqhiycsbw.mp4,0.16186676919460297
jxrlgynjos.mp4,0.9898257255554199
jxrpqynwlt.mp4,0.3930264413356781
jxsdqoixva.mp4,0.7327837347984314
jxshjcdoyp.mp4,0.9739030599594116
jxtgjddbpg.mp4,0.9582965970039368
jxthvcqaut.mp4,0.9769801497459412
jxtpjlpcca.mp4,0.9900000691413879
jxudztyxmw.mp4,0.9890291690826416
jxuhwzpmfu.mp4,0.4645227789878845
jxuitkngyp.mp4,0.9568442702293396
jxuyorcpuu.mp4,0.9707329869270325
jxwskmzbfm.mp4,0.2910763621330261
jxxvhhmwhq.mp4,0.9882063865661621
jxyeldcvze.mp4,0.6500904560089111
jxyrgnijpk.mp4,0.9813404679298401
jxznledkja.mp4,0.9812031984329224
jyaayteeax.mp4,0.8163185119628906
jycbjwoxqz.mp4,0.9895294308662415
jycotlrgwl.mp4,0.838509738445282
jydanfaxzg.mp4,0.128195121884346
jydicakmin.mp4,0.9036455154418945
jydndqspey.mp4,0.7457545399665833
jyebichvun.mp4,0.95728999376297
jyesjccdcb.mp4,0.33895522356033325
jyfnzyvznx.mp4,0.1172296404838562
jyfosgjout.mp4,0.9798716902732849
jyfuodeqkv.mp4,0.9232137799263
jygbqsigcr.mp4,0.20085003972053528
jyginmjsyv.mp4,0.8583174347877502
jygjnlgnqd.mp4,0.13155429065227509
jyhvnksgox.mp4,0.7361154556274414
jyiahkzrmd.mp4,0.9798460006713867
jyiftmaiht.mp4,0.5147008299827576
jyimocbzdg.mp4,0.9818747043609619
jyimxshiqz.mp4,0.9346849918365479
jyiuicqojr.mp4,0.9850016236305237
jyizmybtmi.mp4,0.7229824662208557
jyjhibjxnt.mp4,0.9071793556213379
jyjhtumuyt.mp4,0.9899205565452576
jyjjbfhlqg.mp4,0.6200642585754395
jyjmrznbvu.mp4,0.8888498544692993
jyjzzlvspb.mp4,0.9899848699569702
jykzklobzn.mp4,0.3012102246284485
jylqnuaybd.mp4,0.9805723428726196
jymmnlytlx.mp4,0.989960253238678
jyobchsald.mp4,0.9777535796165466
jyodymmfmz.mp4,0.9241862297058105
jyokmdpngl.mp4,0.9841612577438354
jyosfcmcao.mp4,0.9899999499320984
jyoylcsgcm.mp4,0.9817070960998535
jyqaqxchbz.mp4,0.42310571670532227
jyqcbvdpnj.mp4,0.9824191927909851
jyqhfvddhz.mp4,0.83722323179245
jyqqebjosj.mp4,0.9588885307312012
jyqysuhyjb.mp4,0.8433258533477783
jyrnrfpdvl.mp4,0.13884218037128448
jyrqdwxydn.mp4,0.9822577834129333
jyrxhceptc.mp4,0.6256504058837891
jyshlqahpm.mp4,0.9800242185592651
jysqfhizih.mp4,0.9332822561264038
jysrnjyelb.mp4,0.9853191375732422
jytcvgxzbn.mp4,0.7844165563583374
jytokghrts.mp4,0.7173416018486023
jytpcjdtol.mp4,0.9437893629074097
jyuaglvbvv.mp4,0.982439398765564
jyuaxigvdi.mp4,0.9900000691413879
jyuhqauxgp.mp4,0.9887487292289734
jyuuhpejkt.mp4,0.9732011556625366
jyuzscglow.mp4,0.3307720124721527
jyvbjopxlv.mp4,0.3164817690849304
jyvfryeqmj.mp4,0.16683891415596008
jywpnrbxoh.mp4,0.7594611644744873
jywpuepzjv.mp4,0.9855901002883911
jyxconjpel.mp4,0.8914070725440979
jyxiysbcqg.mp4,0.9645990133285522
jyxpxpqmqf.mp4,0.14344653487205505
jyykwfwywd.mp4,0.9712826609611511
jyylcycvek.mp4,0.7805473804473877
jyyoxieimv.mp4,0.9090612530708313
jyyriqplgm.mp4,0.8998126983642578
jyyvhnsyys.mp4,0.9896844625473022
jyyxernmsr.mp4,0.8720071315765381
jyyzadtooi.mp4,0.8173684477806091
jyzfnuaujf.mp4,0.9441474080085754
jyzlvivrmr.mp4,0.9487007856369019
jyzncweyld.mp4,0.9895466566085815
jyzriyujcb.mp4,0.9887551069259644
jyzxegmmwv.mp4,0.9257577061653137
jzalhnzwpr.mp4,0.5756601691246033
jzbcemlvvt.mp4,0.661811888217926
jzboowbluf.mp4,0.9372798204421997
jzbwughver.mp4,0.7797224521636963
jzcolbuuhw.mp4,0.6289109587669373
jzfevdkihp.mp4,0.9055952429771423
jzfqdskbtk.mp4,0.5485185384750366
jzgmnepusu.mp4,0.8943259716033936
jzgwompjqh.mp4,0.9845958948135376
jzirtjysqv.mp4,0.9721159934997559
jzkfcyqaip.mp4,0.9675713777542114
jzlawtutrh.mp4,0.22638513147830963
jzlxsuevsu.mp4,0.9824793338775635
jzmkfyijbz.mp4,0.8527325391769409
jzmqcigydt.mp4,0.987786054611206
jznuvvooqv.mp4,0.8504472970962524
jzofrvnvqa.mp4,0.9424164295196533
jzoqvqqbji.mp4,0.9886106252670288
jzoxbjscsa.mp4,0.13474516570568085
jzpfqoubsx.mp4,0.19827206432819366
jzpmdanbau.mp4,0.961712658405304
jzqqylacnn.mp4,0.09237310290336609
jzrbilttsa.mp4,0.943819522857666
jzrhoicrbq.mp4,0.882338285446167
jzrtfzijgd.mp4,0.806872546672821
jzsgopccpe.mp4,0.3411800265312195
jzslgdahcs.mp4,0.9734663963317871
jzsswyycpg.mp4,0.989946722984314
jztlxgspbo.mp4,0.9610038995742798
jzupyirlgk.mp4,0.20029479265213013
jzuvttoidb.mp4,0.9852308034896851
jzvhigkbxt.mp4,0.7701966762542725
jzvsqkcbxb.mp4,0.800302267074585
jzwmxvkgwi.mp4,0.9573184251785278
jzwolulwzk.mp4,0.963444709777832
jzxqjjffrw.mp4,0.9801704287528992
jzyejinoju.mp4,0.9481824040412903
jzythvncud.mp4,0.8511001467704773
jzzbqygsas.mp4,0.9746889472007751
kaajaxzivt.mp4,0.960070788860321
kabdprnxfw.mp4,0.8523160219192505
kadlkyckjz.mp4,0.28850698471069336
kaeouvuasm.mp4,0.9606795310974121
kafftwoxxe.mp4,0.9745854139328003
kaffwaiexj.mp4,0.9876322746276855
kaffysxkxg.mp4,0.8853410482406616
kafkryrelj.mp4,0.8562987446784973
kaggpclkjm.mp4,0.9828090071678162
kaghfeyhwl.mp4,0.9145313501358032
kagjmprdwh.mp4,0.9864504933357239
kahgyhumgh.mp4,0.8088598251342773
kahohhqvzu.mp4,0.9606426358222961
kahoqwrnkr.mp4,0.9486254453659058
kahyjjcvuw.mp4,0.9649118185043335
kaiqljqnnc.mp4,0.7420915961265564
kaiqoaliro.mp4,0.988506555557251
kajawowzrq.mp4,0.8046277165412903
kaklqxzcgt.mp4,0.9881555438041687
kaksbdqbts.mp4,0.9899999499320984
kakzqfiyil.mp4,0.9838838577270508
kalcoatnnz.mp4,0.9899999499320984
kalkcrhcau.mp4,0.9887365102767944
kalvfzrewe.mp4,0.9855185151100159
kamabtemwe.mp4,0.8585802316665649
kamgolmamo.mp4,0.9885016679763794
kamjhvfvnh.mp4,0.9488612413406372
kamudoalqk.mp4,0.9900000095367432
kanfyaxyue.mp4,0.4823499917984009
kangomlkoy.mp4,0.9900000691413879
kanmrbqbwt.mp4,0.9754932522773743
kanodwpdss.mp4,0.9249407052993774
kaqecwolil.mp4,0.10973772406578064
kaqlboezem.mp4,0.9509852528572083
karmdcfptc.mp4,0.9547762274742126
karpwitscp.mp4,0.9430849552154541
kasxhsylce.mp4,0.09073992073535919
katagkpjku.mp4,0.6886717677116394
kaubygnbuq.mp4,0.9900000691413879
kauinlzojy.mp4,0.964542031288147
kaulnbxpry.mp4,0.9785575866699219
kaurxqscvh.mp4,0.9532135725021362
kavcuhjzgx.mp4,0.1176936998963356
kawfkxalfq.mp4,0.9243507385253906
kawgvzzdze.mp4,0.9871630072593689
kawtsuffus.mp4,0.9828981757164001
kawxnfacqs.mp4,0.08244647085666656
kaxbwjqnxd.mp4,0.9842250943183899
kaxwbzncnb.mp4,0.9851343631744385
kaxyvhnwao.mp4,0.8759987950325012
kayivkuaci.mp4,0.5964863300323486
kayvxgbwgh.mp4,0.9535506963729858
kaywvciuyr.mp4,0.9900000095367432
kazwzzbgty.mp4,0.9729798436164856
kbasecegsw.mp4,0.9139214754104614
kbbfddbsbe.mp4,0.8846493363380432
kbblbjarlp.mp4,0.6771630048751831
kbbsbxfupu.mp4,0.8974688649177551
kbcexfjiwd.mp4,0.8086438775062561
kbdutiybxg.mp4,0.9897933006286621
kbdwpgaurl.mp4,0.5313260555267334
kbdwudhhwf.mp4,0.21379467844963074
kbdwxflsla.mp4,0.06978971511125565
kbemlegrws.mp4,0.21645179390907288
kbfrznubqd.mp4,0.9724429249763489
kbfyhxoygl.mp4,0.10700374841690063
kbhlvljpre.mp4,0.972903847694397
kbictfefby.mp4,0.9645509719848633
kbinbgcspj.mp4,0.28685224056243896
kbirfevcnc.mp4,0.13098116219043732
kbistvluxj.mp4,0.9813861846923828
kbisvijdmm.mp4,0.12151797115802765
kbixwxubty.mp4,0.9477015137672424
kbiyiwtjed.mp4,0.9168002605438232
kbjjjmaegk.mp4,0.9298573732376099
kbkhtxptah.mp4,0.6124521493911743
kbkrmkhewa.mp4,0.9515608549118042
kbkzbdblsg.mp4,0.986957848072052
kbltforcip.mp4,0.9801584482192993
kblzndgyqf.mp4,0.9807446002960205
kbmfddppvj.mp4,0.8299397826194763
kbmpdpujje.mp4,0.8620041608810425
kbmtsbvptr.mp4,0.9649567604064941
kbnskaoeyv.mp4,0.829872190952301
kbodjivgqu.mp4,0.14220790565013885
kboezrnkmd.mp4,0.970367968082428
kbotycwffb.mp4,0.1101231798529625
kbpebzzmpt.mp4,0.9572929739952087
kbphlwcaxx.mp4,0.9883784651756287
kbrphwshik.mp4,0.8755416870117188
kbrsrmcggq.mp4,0.7597272396087646
kbsejqafrz.mp4,0.945219874382019
kbsjcsrzhd.mp4,0.9899999499320984
kbtzjlgmgt.mp4,0.7763036489486694
kbvmfoaibz.mp4,0.4069513976573944
kbvmkdkcad.mp4,0.9338741898536682
kbvqzihgan.mp4,0.9895125031471252
kbwjtytuje.mp4,0.9862193465232849
kbwouxpyxt.mp4,0.9746884703636169
kbwphvfbzp.mp4,0.42601296305656433
kbxbrehget.mp4,0.9875482320785522
kbxdfpfqbg.mp4,0.9877327680587769
kbxkmatqoo.mp4,0.8876515626907349
kbxqrquqfj.mp4,0.9517622590065002
kbxszafkhv.mp4,0.9900000095367432
kbybnvenum.mp4,0.9899999499320984
kbzbqdvtjd.mp4,0.9877433180809021
kcakczhuit.mp4,0.8351103067398071
kcamqjquls.mp4,0.9456644654273987
kcawhmjzvb.mp4,0.9804689884185791
kcbdyzrxxe.mp4,0.9835993647575378
kcbybymbna.mp4,0.14143379032611847
kccicuhxgk.mp4,0.989952027797699
kcdbqpoxwg.mp4,0.22385528683662415
kcdnfmexts.mp4,0.9816276431083679
kcdtacccpk.mp4,0.905297577381134
kcekegxunk.mp4,0.7216650247573853
kcetnnwqxv.mp4,0.7817617654800415
kcfadogpny.mp4,0.8853034973144531
kcfcklczok.mp4,0.9838557243347168
kcfmiobnhd.mp4,0.878759503364563
kcfvycrugv.mp4,0.8484929203987122
kcgcufurur.mp4,0.9570525288581848
kcgsaikxui.mp4,0.9685682654380798
kchknmhqfx.mp4,0.984153687953949
kcigedckrv.mp4,0.9666997790336609
kciiyjnttg.mp4,0.7746598124504089
kclflittyf.mp4,0.1464560627937317
kclonizmyq.mp4,0.14959876239299774
kclwzbwsrv.mp4,0.9888164401054382
kcmcojwvhp.mp4,0.8830824494361877
kcmgivcdcf.mp4,0.9865615963935852
kcmuqrevji.mp4,0.9452611207962036
kcmwlrnuka.mp4,0.9636865854263306
kcnhdbkqbo.mp4,0.9802693128585815
kcnheferep.mp4,0.7896183133125305
kcnstrdbqa.mp4,0.9747326970100403
kcnwntsgja.mp4,0.829373836517334
kcodekuokm.mp4,0.8986231684684753
kcoyyopziw.mp4,0.9900000691413879
kcpamicxjs.mp4,0.9394035339355469
kcpdwxdxml.mp4,0.9726729989051819
kcqaptvzmv.mp4,0.958732545375824
kcqlyaqejj.mp4,0.8339056968688965
kcslsetuzb.mp4,0.9708595871925354
kcspioxxig.mp4,0.9897493720054626
kcsthllhbl.mp4,0.9828832149505615
kcthyxljua.mp4,0.9702007174491882
kctjlickdj.mp4,0.4685133993625641
kctzlwxrnn.mp4,0.9877129197120667
kcusmosymx.mp4,0.09488356858491898
kcutxbbrir.mp4,0.10244174301624298
kcuyyfpyku.mp4,0.9607182741165161
kcvcnixrim.mp4,0.951398491859436
kcvrckcpba.mp4,0.24826015532016754
kcvtahsomj.mp4,0.9791106581687927
kcxanahahl.mp4,0.7732254266738892
kcxccsjzus.mp4,0.9889163374900818
kcxeujjbyr.mp4,0.9118363857269287
kcxnlszise.mp4,0.22897376120090485
kcycpmprzr.mp4,0.9899999499320984
kczfyszzee.mp4,0.9838798642158508
kczkjyntbx.mp4,0.24142099916934967
kdahrgbary.mp4,0.8927268981933594
kdbbvuxnze.mp4,0.2911941409111023
kdbdrgkkve.mp4,0.988176703453064
kdbkemnotp.mp4,0.2103630006313324
kdbmrgjgnk.mp4,0.9896069169044495
kdbpyrjrmp.mp4,0.9895439743995667
kdchudzrie.mp4,0.0704626813530922
kdcmnzjbzk.mp4,0.503502607345581
kdctuhvecr.mp4,0.9736965298652649
kddaaifoyz.mp4,0.9368734955787659
kddednywlm.mp4,0.9237342476844788
kddkkkxftt.mp4,0.9745767712593079
kddrzelzce.mp4,0.9735483527183533
kddskbgbib.mp4,0.8783864378929138
kdefnrodrw.mp4,0.8890466690063477
kdeknkwyza.mp4,0.9363870620727539
kdffomdlxw.mp4,0.9687071442604065
kdgqrczsax.mp4,0.94523024559021
kdgttslitt.mp4,0.203640416264534
kdhfvtnpik.mp4,0.17232151329517365
kdibleqjbx.mp4,0.9280949831008911
kdidjwenrq.mp4,0.9862437844276428
kdioikogxu.mp4,0.9371287226676941
kdiooiibof.mp4,0.9755769371986389
kdiszetioa.mp4,0.07574193179607391
kdiucqdkus.mp4,0.9881650805473328
kdiyvrgkzz.mp4,0.7189589738845825
kdjfdesctw.mp4,0.9895514845848083
kdjnblxrad.mp4,0.9429323077201843
kdjqeizaaq.mp4,0.9455628395080566
kdjsvneqgy.mp4,0.8945090174674988
kdkbppzzmc.mp4,0.9549106955528259
kdkffgmbfu.mp4,0.9895111918449402
kdkmpiwome.mp4,0.17191411554813385
kdktifamhl.mp4,0.9022733569145203
kdkxgnmuey.mp4,0.8797572255134583
kdlhoknlks.mp4,0.9197209477424622
kdluiyjesi.mp4,0.9703909754753113
kdmonvkpqd.mp4,0.07927725464105606
kdnaffzofo.mp4,0.9882248640060425
kdngmqjtlk.mp4,0.8367360830307007
kdnkurbkjq.mp4,0.9703111052513123
kdnuutharo.mp4,0.983553946018219
kdnvfpobng.mp4,0.19763632118701935
kdnwqamydh.mp4,0.15845483541488647
kdownrfwmf.mp4,0.933345377445221
kdowsulnwf.mp4,0.15271112322807312
kdpplkdctb.mp4,0.31426987051963806
kdpymatjtr.mp4,0.9735409021377563
kdpzibspoe.mp4,0.985131025314331
kdqesvetah.mp4,0.9813004732131958
kdqkabofmc.mp4,0.3735639750957489
kdqklsmubp.mp4,0.2653602659702301
kdqspjqjdh.mp4,0.9498670697212219
kdqzoccsmv.mp4,0.978978157043457
kdsjgthtiq.mp4,0.9653453230857849
kdswzohjqj.mp4,0.9761528968811035
kdtativvgb.mp4,0.9826616048812866
kdtigewgth.mp4,0.20109637081623077
kdtivinvct.mp4,0.9781680703163147
kdtyloixap.mp4,0.9419145584106445
kdupthdnas.mp4,0.9844803214073181
kduvumcynw.mp4,0.9892058968544006
kdvhhotnej.mp4,0.9526717066764832
kdwmfiatqd.mp4,0.9534562230110168
kdwvkknasn.mp4,0.17107634246349335
kdxjncawfy.mp4,0.33298617601394653
kdywawfmfe.mp4,0.9877984523773193
kdzgixdzce.mp4,0.9723217487335205
keafxnhakm.mp4,0.8905772566795349
keagcyyswz.mp4,0.984249472618103
keajbbcwio.mp4,0.18213538825511932
keanvlkgyk.mp4,0.9883890748023987
keaxvgnpgl.mp4,0.7866485118865967
kebacxytud.mp4,0.8638814687728882
kebnusolat.mp4,0.9896950125694275
kebosyahzk.mp4,0.9291455745697021
kebsibtnuz.mp4,0.9281555414199829
keckgmvewj.mp4,0.9448776841163635
kecqrmuimo.mp4,0.9859329462051392
kedakiyggh.mp4,0.884456992149353
keddthzqkd.mp4,0.14961519837379456
kedpnhcayw.mp4,0.956744372844696
keezrezept.mp4,0.9810790419578552
keffmeugkx.mp4,0.9162808656692505
kefilxjbhg.mp4,0.9825913310050964
kefrpktrjt.mp4,0.9859523773193359
kegcgoewsj.mp4,0.41294968128204346
kegebtrzqi.mp4,0.6965333819389343
kehipjcriz.mp4,0.9578348398208618
kehjzihtfv.mp4,0.37756863236427307
kejsddbcfh.mp4,0.9108462929725647
kejwthcfcc.mp4,0.9670189619064331
kekigsssia.mp4,0.9469711780548096
keknwckzgy.mp4,0.9824939370155334
kekscwpfqa.mp4,0.2627764046192169
kekzhipmqc.mp4,0.6767883896827698
kelbhtsayy.mp4,0.9004321098327637
kelhpwdpde.mp4,0.9899998903274536
kelpuvljgc.mp4,0.9894154667854309
keltutgxut.mp4,0.9734147191047668
kemappvqpu.mp4,0.8586321473121643
kemhiqtxyi.mp4,0.9832877516746521
kemkgrgbnm.mp4,0.9282795786857605
kemoqtisql.mp4,0.9723846912384033
kepynrnjtg.mp4,0.9261483550071716
keqgbttoxn.mp4,0.9837197661399841
keqnrncuxe.mp4,0.872159481048584
keqojddgfa.mp4,0.2632499039173126
kerjpypfxv.mp4,0.9510658383369446
kernyrgjym.mp4,0.9900000095367432
keroikrtca.mp4,0.917750895023346
kerqjkysdq.mp4,0.9458712935447693
kesgerqzsb.mp4,0.7772510647773743
kespzwdtyw.mp4,0.9797713756561279
kesvuffxiz.mp4,0.9630635380744934
ketdqutnsp.mp4,0.2571675181388855
ketybyrzmd.mp4,0.12792667746543884
keufqpkxbk.mp4,0.9783895015716553
keuocbzlxc.mp4,0.9702913761138916
keuyfcoetv.mp4,0.9342702627182007
keuyosbbdn.mp4,0.715839147567749
kevbkpfmib.mp4,0.9879152178764343
kevdmmixhz.mp4,0.9767127633094788
kevdysuura.mp4,0.9566217064857483
kevqpidfmu.mp4,0.9380325078964233
kevsapqqel.mp4,0.9691466689109802
kexnskzmjs.mp4,0.9326006770133972
kexppkhfzf.mp4,0.7094656229019165
keyiratboy.mp4,0.9837142825126648
keyvdefmvl.mp4,0.9899508357048035
kezzqtfohk.mp4,0.13279002904891968
kfatfrlhtq.mp4,0.5345350503921509
kfcoqeubef.mp4,0.7528253197669983
kfcpbwsbqd.mp4,0.9615612030029297
kfcxihahhx.mp4,0.13759121298789978
kfekgfhthe.mp4,0.8148587942123413
kfekxkjcro.mp4,0.9858918190002441
kffwdagndv.mp4,0.32970690727233887
kfgcbjjklh.mp4,0.13531239330768585
kfgcktdsul.mp4,0.8985382914543152
kfgizruzpf.mp4,0.8764514327049255
kfgliptdpl.mp4,0.9790628552436829
kfhfeqpdwp.mp4,0.4902878999710083
kfhflkhmiy.mp4,0.9899857044219971
kfhjdrkhgj.mp4,0.9429500699043274
kfhkmcvwvd.mp4,0.14047230780124664
kfihjlyzlv.mp4,0.25640392303466797
kfiszsbzob.mp4,0.9863244891166687
kfjzlimqpo.mp4,0.9704673886299133
kfkzdxhpjo.mp4,0.9899888634681702
kflorzgkqi.mp4,0.9900000691413879
kflseijemd.mp4,0.6614657044410706
kfmtdqndxt.mp4,0.9167590737342834
kfmucuxvhe.mp4,0.9101807475090027
kfnjscqwpr.mp4,0.9061955213546753
kfntnvnzph.mp4,0.34262147545814514
kfntzsnaeu.mp4,0.20744915306568146
kfocfvurhp.mp4,0.16371802985668182
kfooogqbym.mp4,0.8991430401802063
kfozfzfzra.mp4,0.3175935447216034
kfpowzvsem.mp4,0.9893840551376343
kfpxdluxsv.mp4,0.9900001287460327
kfqragdykf.mp4,0.8967267274856567
kfqvqklplx.mp4,0.27910780906677246
kfqymoepjy.mp4,0.9732694029808044
kfrnxbiebb.mp4,0.9786078333854675
kfrtfdxing.mp4,0.9898936152458191
kfsbwsbzmu.mp4,0.9738447070121765
kfsstlbmru.mp4,0.9878849387168884
kfuflhqnpj.mp4,0.9873595237731934
kfufwbprvy.mp4,0.989206075668335
kfvvshqgyw.mp4,0.8558030128479004
kfwgtbrjlx.mp4,0.7640013694763184
kfwgzwepuk.mp4,0.9884323477745056
kfwvriaadr.mp4,0.933459460735321
kfxemywbfk.mp4,0.8399797677993774
kfxetzkzsh.mp4,0.9872689843177795
kfygoedobk.mp4,0.8687006235122681
kfytzhsdkk.mp4,0.9553133845329285
kfyzwqkovu.mp4,0.6619879007339478
kfzqutsbgb.mp4,0.8963786363601685
kfztdvoaym.mp4,0.9858824014663696
kfzuekxbbb.mp4,0.918539822101593
kgacawfyvy.mp4,0.36378857493400574
kgamulnbhn.mp4,0.14522480964660645
kgbmcfqqqs.mp4,0.9865516424179077
kgcgjpamca.mp4,0.9544443488121033
kgcofaixqq.mp4,0.9404069185256958
kgcsutjzzd.mp4,0.9671881198883057
kgedavcuvc.mp4,0.9895064830780029
kgeixehmwu.mp4,0.8797074556350708
kgejshrtmz.mp4,0.8277337551116943
kgewzwihli.mp4,0.7283076047897339
kgezzhuuko.mp4,0.9748968482017517
kgfcnradwq.mp4,0.1666196882724762
kggwjwiyyx.mp4,0.9691696763038635
kghjluhoxn.mp4,0.16819605231285095
kghoowqtiw.mp4,0.9897372126579285
kgijbehbxm.mp4,0.7813675999641418
kgkacwnjlr.mp4,0.7014846801757812
kgkaumsdna.mp4,0.8647714853286743
kgkpukplcu.mp4,0.9672261476516724
kglbnkwynx.mp4,0.3733709454536438
kgljekkgyx.mp4,0.9441726803779602
kglorexrch.mp4,0.9731652140617371
kgmdkfgkkb.mp4,0.9897003173828125
kgnqswkxkx.mp4,0.9260426163673401
kgnsknhola.mp4,0.8995699286460876
kgobofayxb.mp4,0.9036139845848083
kgotoprpim.mp4,0.9574090838432312
kgowzoxjfq.mp4,0.9088097810745239
kgpaxrtobr.mp4,0.9744081497192383
kgqkeovzny.mp4,0.9882276654243469
kgrhopnsar.mp4,0.2936030626296997
kgrzmwmlkq.mp4,0.9583367109298706
kgsaofsayk.mp4,0.8375490307807922
kgsfkfdltq.mp4,0.9431048035621643
kgsszrmscq.mp4,0.34381091594696045
kgstnooggv.mp4,0.6033344268798828
kgtsvifroa.mp4,0.9759759306907654
kguvjazjus.mp4,0.7768843770027161
kguyxqaikd.mp4,0.9861247539520264
kgvajhgttb.mp4,0.9690135717391968
kgvcuqddty.mp4,0.9867271184921265
kgvgauikxu.mp4,0.1560615599155426
kgwoxikjna.mp4,0.9893262386322021
kgwvstiibd.mp4,0.9747952222824097
kgwvvwfhuu.mp4,0.9881442785263062
kgwxyscpus.mp4,0.9850603342056274
kgxzlkkpkx.mp4,0.9683597087860107
kgygjjktti.mp4,0.9736972451210022
kgyksrmnmr.mp4,0.984738826751709
kgymyaqsge.mp4,0.9822854995727539
kgynainlug.mp4,0.11158578842878342
kgyowtaqzn.mp4,0.10968168824911118
kgzsrmpawl.mp4,0.9879711866378784
khacbzoysu.mp4,0.3529645502567291
khaeuyycza.mp4,0.3770286738872528
khcdqlbuiv.mp4,0.9283968210220337
khcdvggbnz.mp4,0.9851832389831543
khdaxdnlma.mp4,0.9853267073631287
khdsotglwl.mp4,0.9683111906051636
khdstlsxzy.mp4,0.7387014031410217
khednkubdd.mp4,0.9683535695075989
khejzdbqjq.mp4,0.8950408697128296
khewuhkxrz.mp4,0.9630228281021118
khfasjktid.mp4,0.8777638077735901
khfdxotgoo.mp4,0.7341691851615906
khfybbuyhm.mp4,0.9712222814559937
khgaczpocu.mp4,0.989655613899231
khhcdzxtxq.mp4,0.11850695312023163
khhfdandyw.mp4,0.2805660665035248
khiakfbewd.mp4,0.7553815245628357
khivgfmoax.mp4,0.9740451574325562
khjhrvanbr.mp4,0.26295703649520874
khkhbvikve.mp4,0.9899522066116333
khkohvyxzx.mp4,0.8281275033950806
khkpcktvib.mp4,0.9573318958282471
khkvfgtevg.mp4,0.16553866863250732
khldlagich.mp4,0.9430593252182007
khlfbdyape.mp4,0.4128792881965637
khmsppvxbx.mp4,0.9879055619239807
khnlfqgmam.mp4,0.8818076848983765
khnnpoanvi.mp4,0.7543573379516602
khnovwlusf.mp4,0.6127379536628723
khnqntehnr.mp4,0.9761099219322205
khnquvnyvp.mp4,0.9395241141319275
khnshohpty.mp4,0.860728919506073
khofdipryp.mp4,0.8985649943351746
khokwspqph.mp4,0.8923386335372925
khowqcfplw.mp4,0.23205268383026123
khozklpxkf.mp4,0.9477115273475647
khqspvddyp.mp4,0.9844931364059448
khqvhndhqu.mp4,0.9892404675483704
khrfiaghrc.mp4,0.6989031434059143
khrqxvmaei.mp4,0.7314578890800476
khrscgxlgs.mp4,0.9491379261016846
khsmjtdwms.mp4,0.874901294708252
khsxexgsbt.mp4,0.9628968834877014
khtcmtefmd.mp4,0.9701927900314331
khtjmvrcqs.mp4,0.9888706207275391
khupgnpjmx.mp4,0.9900000691413879
khvhiqufnj.mp4,0.9782321453094482
khvjnymdxa.mp4,0.7338876128196716
khvkxzhtou.mp4,0.675233781337738
khvswyndvh.mp4,0.9862551689147949
khvukcxpur.mp4,0.8808466792106628
khwkxhmroj.mp4,0.8773787617683411
khwutyqqno.mp4,0.9845547080039978
khwynwtidu.mp4,0.9367634654045105
khxfrwycqz.mp4,0.9341664910316467
khxpgnkkkm.mp4,0.9807981252670288
khywmadssk.mp4,0.9475703835487366
khzyuwlvou.mp4,0.8498926758766174
kiajkilbge.mp4,0.9835654497146606
kiblarjvtb.mp4,0.9586993455886841
kicgvgukqs.mp4,0.6146242022514343
kicrawvzlx.mp4,0.9883692264556885
kicveuizmb.mp4,0.6100993156433105
kidjnmlypc.mp4,0.9741954803466797
kidnbazrie.mp4,0.9898672699928284
kiefgnkgxi.mp4,0.11738654971122742
kieqepfvbd.mp4,0.16352850198745728
kievtjvlhr.mp4,0.9647931456565857
kiffbbtjfe.mp4,0.7980321645736694
kifgzqfogn.mp4,0.9404528141021729
kifkxzoytp.mp4,0.9896668791770935
kifyfzqzjj.mp4,0.48573538661003113
kigbtbzpht.mp4,0.3465864956378937
kigbymagcu.mp4,0.9757200479507446
kiggwcrxkb.mp4,0.7165151834487915
kigimaoxmy.mp4,0.9104647040367126
kigxlvtcsv.mp4,0.9661135673522949
kihfyvqjrl.mp4,0.694092333316803
kihtyodtmz.mp4,0.9046881794929504
kiirzipeaf.mp4,0.9156589508056641
kiitdgkwmq.mp4,0.11045407503843307
kiiwtsqnzj.mp4,0.9870832562446594
kikfjtdgui.mp4,0.15556375682353973
kikkpjltws.mp4,0.9755825996398926
kikkqsjzfk.mp4,0.9887918829917908
kilnrakvbq.mp4,0.9894839525222778
kinekbuzkx.mp4,0.9781083464622498
kinqjsgfum.mp4,0.983470618724823
kiooxaxzqu.mp4,0.9782708883285522
kiotoqmmfj.mp4,0.6817212104797363
kipbghbytd.mp4,0.19197885692119598
kipwdelbrk.mp4,0.9852074384689331
kiraxyosjd.mp4,0.9892870783805847
kircengljw.mp4,0.9208352565765381
kirfczxxmf.mp4,0.24849535524845123
kisvmxjmeb.mp4,0.9840513467788696
kisxaykdwy.mp4,0.9796174168586731
kitdutenhv.mp4,0.9631415605545044
kivdflowlf.mp4,0.8984357714653015
kivifwsmyv.mp4,0.9870592355728149
kivozfjybj.mp4,0.45320114493370056
kiwhblnbop.mp4,0.9787707924842834
kixbyjkiom.mp4,0.9826834201812744
kixqpmzmus.mp4,0.9794527888298035
kixraztuwt.mp4,0.8525435924530029
kixviudoan.mp4,0.9893781542778015
kixwkicmru.mp4,0.15175263583660126
kiykqmbhgd.mp4,0.9857280850410461
kiyzirghra.mp4,0.9863879680633545
kiyzudznxw.mp4,0.2351294755935669
kizhemzguv.mp4,0.8304689526557922
kizlbipvca.mp4,0.983590304851532
kjbvqmofst.mp4,0.6067225337028503
kjdpieyulg.mp4,0.9747624397277832
kjdxjrwgic.mp4,0.0868082270026207
kjebwyjqdv.mp4,0.9874595999717712
kjedgbvxmc.mp4,0.9182241559028625
kjgbindikv.mp4,0.682476282119751
kjgbyidnby.mp4,0.9891345500946045
kjgiqmxurs.mp4,0.9801522493362427
kjhcwydrmb.mp4,0.9685812592506409
kjhkwvmiio.mp4,0.8710457682609558
kjishoaqiz.mp4,0.8741472959518433
kjivbugfzy.mp4,0.9505197405815125
kjjdbwrars.mp4,0.9851629734039307
kjjejstame.mp4,0.8568954467773438
kjkibegrgy.mp4,0.9609884023666382
kjkipmknsr.mp4,0.22330161929130554
kjkvqwkhjj.mp4,0.21849077939987183
kjmagrkwjk.mp4,0.9899530410766602
kjmjmwhres.mp4,0.9490162134170532
kjmzbyzapb.mp4,0.09220362454652786
kjnabqlvsj.mp4,0.9898988008499146
kjnmsgtezt.mp4,0.38955429196357727
kjobwfjomn.mp4,0.9356602430343628
kjobwmrzli.mp4,0.9869639873504639
kjohsinudf.mp4,0.787912905216217
kjoisqgffw.mp4,0.9201634526252747
kjolizkfqo.mp4,0.9455817937850952
kjphqeouji.mp4,0.8562487363815308
kjprelngva.mp4,0.9884019494056702
kjprxkipkn.mp4,0.7894219160079956
kjpsxqrdhc.mp4,0.9899999499320984
kjpxfnxhsy.mp4,0.9848381280899048
kjtecpvuai.mp4,0.9419416785240173
kjtnuickkm.mp4,0.9843879342079163
kjtuluwqtn.mp4,0.9870705604553223
kjtykqntzg.mp4,0.17315082252025604
kjtzhkrpnt.mp4,0.9305774569511414
kjvrzbfihr.mp4,0.9729534983634949
kjvykdvuxo.mp4,0.9431134462356567
kjwdinzplo.mp4,0.9891295433044434
kjwdtqztjn.mp4,0.7383221387863159
kjygbbzozg.mp4,0.8561713695526123
kjylepubtv.mp4,0.9894471764564514
kjzecsljuh.mp4,0.9141014814376831
kkalfbklrb.mp4,0.6412361860275269
kkamhfcwgc.mp4,0.9533190131187439
kkarrrpnmh.mp4,0.9856986999511719
kkautgqcwq.mp4,0.959026038646698
kkbpiztaqi.mp4,0.9900000095367432
kkceddfgfe.mp4,0.8842434287071228
kkcfmuydyq.mp4,0.2680123746395111
kkdqcqzqzg.mp4,0.9154057502746582
kkdxuftecw.mp4,0.9686384201049805
kkfcnomayq.mp4,0.9769071936607361
kkfgzqhhmy.mp4,0.9739344716072083
kkfmznaben.mp4,0.8650547862052917
kkggcxjuol.mp4,0.18725043535232544
kkghjrohcv.mp4,0.878216028213501
kkhcbvlpfr.mp4,0.8496771454811096
kkhkcdyuyu.mp4,0.555961549282074
kkibthjsqs.mp4,0.9433655738830566
kkicmcrycn.mp4,0.9824592471122742
kkjchhfjul.mp4,0.9876859188079834
kkmugypzhc.mp4,0.9663088917732239
kkmwqrzyxw.mp4,0.7181574106216431
kknhxivufr.mp4,0.9894552230834961
kknksocggx.mp4,0.987501323223114
kkobnbbaln.mp4,0.9893388748168945
kkoeseechn.mp4,0.9243662357330322
kkoflzlmzy.mp4,0.989685595035553
kkoxojbyko.mp4,0.9741159081459045
kkppldwsiw.mp4,0.7885032296180725
kkprjgypbz.mp4,0.977715790271759
kkqnivzdzc.mp4,0.7162375450134277
kksizrmaxw.mp4,0.9771627187728882
kkssymbsrg.mp4,0.946759819984436
kktdxwgdlo.mp4,0.9275159239768982
kktvbingqt.mp4,0.9814549088478088
kkuabqnvwi.mp4,0.9890961050987244
kkupumluql.mp4,0.2610715925693512
kkvphraiiz.mp4,0.8351998329162598
kkvqrgzanl.mp4,0.9854323267936707
kkvreaiidi.mp4,0.9662021994590759
kkwmaneklh.mp4,0.8129671812057495
kkxpcxcxrs.mp4,0.8209488391876221
kkxslcuaxj.mp4,0.9765275716781616
kkxtbcosnk.mp4,0.9864219427108765
kkynneribb.mp4,0.9793135523796082
kkyulqzhsd.mp4,0.9897935390472412
kkzuugfoqj.mp4,0.8150741457939148
kkzyjzttyi.mp4,0.9780663251876831
klapbzltam.mp4,0.811199426651001
klapyuhmgc.mp4,0.9520573616027832
klavqvgpye.mp4,0.9812194108963013
klbrgzqfzv.mp4,0.9889926314353943
klcvqhwbqs.mp4,0.252677857875824
kldtmtlhvw.mp4,0.9536401629447937
klfabimgiw.mp4,0.7632077932357788
klfcosrrju.mp4,0.30265310406684875
klfqlxyqes.mp4,0.47494393587112427
klgqcvtcbo.mp4,0.972113311290741
klgtcaeamm.mp4,0.9158353805541992
klhciqtaxh.mp4,0.9894564747810364
klhjxxrrlm.mp4,0.23590275645256042
klhrwllfsy.mp4,0.9889917969703674
klifbclerd.mp4,0.14919647574424744
kljepvvmau.mp4,0.1296675056219101
kljgzhdwml.mp4,0.46288299560546875
klkclkuobx.mp4,0.8344646692276001
klldbpoujs.mp4,0.9745063185691833
kllyfvgyps.mp4,0.15359123051166534
klmchlcbii.mp4,0.9884883761405945
klmihaypzb.mp4,0.9900000691413879
klncwqllnq.mp4,0.9899998307228088
klncxcncuc.mp4,0.8681408166885376
klngoauxgy.mp4,0.9602479338645935
klotqkivfv.mp4,0.9771995544433594
klpvmipays.mp4,0.937565267086029
klqfpygmin.mp4,0.13337621092796326
klqllljjkm.mp4,0.3262186348438263
klqzvnrfyk.mp4,0.9762628078460693
klspkxerhf.mp4,0.7328296303749084
kltgupniuv.mp4,0.9852632284164429
klubfzwvma.mp4,0.09562808275222778
klulkcdrnx.mp4,0.8911250829696655
kluvzbayla.mp4,0.9862328171730042
klvgdbhzwy.mp4,0.9607117772102356
klvzaxkahq.mp4,0.9857735633850098
klyxptgxrg.mp4,0.9537326097488403
klzirehxqq.mp4,0.1696581244468689
klzzmudfcb.mp4,0.9585078358650208
kmakhupeac.mp4,0.4240865409374237
kmamcrmkbf.mp4,0.9893141984939575
kmarniljak.mp4,0.9861417412757874
kmblgfwkai.mp4,0.9834820032119751
kmbruhyrxb.mp4,0.7772647142410278
kmbvuxcfkp.mp4,0.9858383536338806
kmdmbkghpo.mp4,0.9898014664649963
kmdxrmzwsd.mp4,0.9252347350120544
kmefotakie.mp4,0.532640814781189
kmflbaixsk.mp4,0.8656722903251648
kmglvqypyb.mp4,0.4303463399410248
kmgribiuez.mp4,0.5581977963447571
kmgudgiwxv.mp4,0.9899553060531616
kmhkacmyiy.mp4,0.1352033168077469
kmhqszaumf.mp4,0.42215701937675476
kmiddvzggp.mp4,0.914446234703064
kmjfnlokoo.mp4,0.9849910140037537
kmkvxunbop.mp4,0.0949518233537674
kmkzatvadx.mp4,0.97480708360672
kmliyduces.mp4,0.10485439002513885
kmlmtpcymt.mp4,0.8998803496360779
kmmjnahumx.mp4,0.24657395482063293
kmmlscocgr.mp4,0.7582929134368896
kmmmkqxkzj.mp4,0.5471606850624084
kmmwnkjldd.mp4,0.9882112145423889
kmogegpwvf.mp4,0.8927387595176697
kmrnovukoj.mp4,0.9392092823982239
kmryxfqkfk.mp4,0.9873231649398804
kmscrlfgku.mp4,0.2916291058063507
kmszngykll.mp4,0.9113197922706604
kmtpfrbfoa.mp4,0.9638391733169556
kmumkpqvcc.mp4,0.9392812848091125
kmuntdqjrf.mp4,0.6633973717689514
kmwrkglljs.mp4,0.9282770156860352
kmwxvfxqha.mp4,0.8384422659873962
kmyhzsuequ.mp4,0.6180404424667358
kmzbjdkvtc.mp4,0.8871902227401733
kmzhrokipl.mp4,0.6693788170814514
kmzisasygt.mp4,0.9900000095367432
knafngkgen.mp4,0.8544875979423523
knaqctfysu.mp4,0.9852305054664612
knaycfwpzx.mp4,0.9899828433990479
knazfjwyei.mp4,0.9531735181808472
knbodjyiew.mp4,0.1935223788022995
knbxqitaro.mp4,0.8984606862068176
knbyjrotuv.mp4,0.9799497723579407
kncmmzuzjy.mp4,0.6444520950317383
kncsobhrlq.mp4,0.728325366973877
kndbnfrxij.mp4,0.9764732122421265
kndtikqylz.mp4,0.9645748734474182
knelidzqnj.mp4,0.9887374639511108
knfuvlebtw.mp4,0.9510212540626526
kngemmhvrg.mp4,0.09795530885457993
knglmsvnek.mp4,0.902877688407898
kngxukvdfw.mp4,0.9900000095367432
kngzdgpmbc.mp4,0.3488836884498596
knhdrnaitz.mp4,0.9712316393852234
knhfkgpmgl.mp4,0.9836210608482361
knjbuviztq.mp4,0.9632576107978821
knjoasqzvt.mp4,0.8597871661186218
knjogjzgzy.mp4,0.9453427791595459
knkomyxmkt.mp4,0.9879600405693054
knlblibrtt.mp4,0.2438259869813919
knljhjknnu.mp4,0.9870911836624146
knlmlbcvxe.mp4,0.755541980266571
knlpfccddv.mp4,0.358180433511734
knlszjnqmi.mp4,0.887778639793396
knlxhtaapi.mp4,0.1340905874967575
knmfzlhzzf.mp4,0.10979384928941727
knmttzbtaw.mp4,0.9897472858428955
knmwzvhfos.mp4,0.9166751503944397
knnpesqlwf.mp4,0.6266340017318726
knnpmoznoa.mp4,0.9892905354499817
knnqtenzyy.mp4,0.9808191061019897
knoaflgjao.mp4,0.9838122129440308
knovqeiqdg.mp4,0.9478870034217834
knowxlvaui.mp4,0.984047532081604
knptkumgzk.mp4,0.8859297633171082
knpxmrizay.mp4,0.8833089470863342
knrhiuinku.mp4,0.9878910779953003
kntmkzayjl.mp4,0.989946186542511
knuemfusqz.mp4,0.9795251488685608
knvqwsmxid.mp4,0.9900000095367432
knvzskufkt.mp4,0.8886668682098389
knwhzylxvs.mp4,0.6607681512832642
knwomsqidk.mp4,0.5639140009880066
knwpjkmogc.mp4,0.985417902469635
knwsclzhle.mp4,0.3290773928165436
knxirddqfb.mp4,0.9874168634414673
knyyyzohyr.mp4,0.9567320346832275
knzedqltyt.mp4,0.2218114584684372
koadjxgaip.mp4,0.9774209856987
koaskscqxd.mp4,0.9731671214103699
koceuyenhi.mp4,0.27576372027397156
kocfmbbtfm.mp4,0.9361929297447205
kocjkqdqej.mp4,0.9871515035629272
kocqinykzc.mp4,0.8892457485198975
koctgewurj.mp4,0.9318817257881165
kocvvvrlqj.mp4,0.9899323582649231
koczcffhqi.mp4,0.8550054430961609
kodbvtzfiy.mp4,0.8306230902671814
kodszzmdow.mp4,0.9627147912979126
koejiurbvx.mp4,0.3082718253135681
koeytonnaz.mp4,0.9812723398208618
kofexfbelw.mp4,0.9900000691413879
kofijqkbfs.mp4,0.8540598154067993
kogaceakif.mp4,0.9900000095367432
kogsdcoygg.mp4,0.8102042078971863
kohirzagfm.mp4,0.9778215885162354
kohllnzigb.mp4,0.9467192888259888
kojumodwqz.mp4,0.5
koklqvyfwy.mp4,0.5382037162780762
koktazrfxy.mp4,0.9533822536468506
kokzhjrikg.mp4,0.9873907566070557
kokzykdryo.mp4,0.15617510676383972
koljpwhvfq.mp4,0.9891465902328491
kolwwlqmof.mp4,0.982553243637085
komhwojiyu.mp4,0.18278487026691437
komxgsfxkk.mp4,0.7999474406242371
konhekeqlk.mp4,0.9766190648078918
konpiwpxkm.mp4,0.9842244982719421
kooldgrvmi.mp4,0.9762612581253052
kooybbtlzo.mp4,0.9602787494659424
kopbdqnnni.mp4,0.9752617478370667
koqczibqxz.mp4,0.9899595379829407
koqenedhsa.mp4,0.3702087104320526
koqiruevet.mp4,0.9864396452903748
koqxhnmkjl.mp4,0.7482512593269348
korehlsawt.mp4,0.9872052073478699
korpnmhwkx.mp4,0.9899923205375671
korrsqtkke.mp4,0.20472371578216553
koselfodym.mp4,0.2241489291191101
koshrdyqec.mp4,0.9873801469802856
kosqkknhqy.mp4,0.7520906925201416
kosvbdxsfy.mp4,0.10983259230852127
koswtrvvgq.mp4,0.18557986617088318
koujdryqvr.mp4,0.3407319188117981
kounllaaza.mp4,0.1414206326007843
kovhiyolbp.mp4,0.9312222599983215
kovqcfeghf.mp4,0.8220210075378418
kovvstvbgq.mp4,0.8450441956520081
kowtiypnkp.mp4,0.9853367209434509
koxarqcnej.mp4,0.6526705622673035
koxmqsvhwp.mp4,0.7483973503112793
koyandzswg.mp4,0.5
koybynevak.mp4,0.915789783000946
kozaofkgvk.mp4,0.9664853811264038
kozbnhsyqp.mp4,0.9595710039138794
kozpkldsby.mp4,0.34936967492103577
kozqsrdbfv.mp4,0.9859505295753479
kpaahafkvb.mp4,0.693108856678009
kpagnxlquk.mp4,0.752981424331665
kpatdgjera.mp4,0.9395619630813599
kpavkhwehg.mp4,0.937050461769104
kpayrtubgh.mp4,0.8609470129013062
kpboyfgsii.mp4,0.43091586232185364
kpbqtcxihi.mp4,0.9343291521072388
kpcrdurodw.mp4,0.27879446744918823
kpcurkiuzl.mp4,0.1894286572933197
kpdgybasbo.mp4,0.4228426516056061
kpdmfsjhdl.mp4,0.9328558444976807
kpdwxgqctp.mp4,0.9627015590667725
kpemftnnoj.mp4,0.7935096621513367
kpesjiqazt.mp4,0.9610623717308044
kpfjxfyqth.mp4,0.9741443395614624
kpfqowchhs.mp4,0.9487204551696777
kphflojove.mp4,0.20151659846305847
kphfzaullq.mp4,0.6593148708343506
kphmeitiqy.mp4,0.2891492247581482
kpijegiuth.mp4,0.9895539283752441
kpimyiwuhd.mp4,0.44076547026634216
kpjowswook.mp4,0.9242121577262878
kpjvtbikne.mp4,0.9809435606002808
kpkzqbpivj.mp4,0.9091730713844299
kpllrzoznl.mp4,0.9038912057876587
kplwmpwixn.mp4,0.982971727848053
kpnnheddzz.mp4,0.9804736971855164
kpnykaldom.mp4,0.9437000751495361
kpohueldae.mp4,0.9782648086547852
kpokwpxxbu.mp4,0.9872521162033081
kpolcjxscc.mp4,0.8757674098014832
kposduxhqo.mp4,0.5568785071372986
kppildykmo.mp4,0.8001912832260132
kppteglomr.mp4,0.9582735896110535
kpqqjbbugp.mp4,0.9308650493621826
kprhbuhjyo.mp4,0.9554758071899414
kpseauxfgv.mp4,0.9856911301612854
kpsfbhqbbu.mp4,0.6533694267272949
kpspwqtytd.mp4,0.9466598629951477
kpstxygjaf.mp4,0.11181315034627914
kptlnodcdb.mp4,0.9896841645240784
kpttbjxpqn.mp4,0.9839988946914673
kptzwwansv.mp4,0.5952625274658203
kpufyrwugr.mp4,0.8171798586845398
kpuzatwdao.mp4,0.8447300791740417
kpxfgblduw.mp4,0.9602396488189697
kpxgkvzrag.mp4,0.9883279800415039
kpykyjnwwz.mp4,0.7479727268218994
kpywkynrjy.mp4,0.9849164485931396
kpyyjmxmoj.mp4,0.9745867848396301
kpzecdyhby.mp4,0.8085312843322754
kqabylejhe.mp4,0.985663890838623
kqamviihso.mp4,0.9841997623443604
kqaqujjdca.mp4,0.9050160050392151
kqatztogld.mp4,0.21854007244110107
kqauortnis.mp4,0.951148509979248
kqbiejgili.mp4,0.9752764701843262
kqciwlqxjq.mp4,0.9891479015350342
kqcnjxhkfp.mp4,0.9894055128097534
kqcosusffn.mp4,0.3112896680831909
kqdfrirxbr.mp4,0.9900000095367432
kqdgbrfaau.mp4,0.9602077007293701
kqedczfnqm.mp4,0.14836058020591736
kqedjggwcd.mp4,0.538845956325531
kqekclcmnd.mp4,0.9868245124816895
kqekzprzvl.mp4,0.9758139252662659
kqepmqpxmo.mp4,0.9800417423248291
kqetzheiep.mp4,0.9701935648918152
kqfpeocxls.mp4,0.975844144821167
kqgbzqtafz.mp4,0.9107962250709534
kqgcdjwdmb.mp4,0.8701708912849426
kqgihluusi.mp4,0.8153947591781616
kqgnmikzxr.mp4,0.9900000095367432
kqgtsmqbpa.mp4,0.9519160985946655
kqiineqoca.mp4,0.8930342197418213
kqjcuycosi.mp4,0.9896773099899292
kqkedvkxiu.mp4,0.31197452545166016
kqkloetrzh.mp4,0.8739911913871765
kqkzvbsdni.mp4,0.8961858153343201
kqlxflempd.mp4,0.12110871821641922
kqnfqtxnci.mp4,0.9625500440597534
kqnhkmwbyo.mp4,0.9368540048599243
kqnvlydjgx.mp4,0.9824334979057312
kqnwutdvpd.mp4,0.14202781021595
kqoxwzvdgn.mp4,0.9260591268539429
kqpqevotdi.mp4,0.25097814202308655
kqqehipuno.mp4,0.9855002164840698
kqqhjppcsw.mp4,0.9900000691413879
kqrgeujhxk.mp4,0.8343128561973572
kqrnwizptc.mp4,0.647858738899231
kqsckjtqle.mp4,0.9747005105018616
kqsjsjvdyg.mp4,0.978196918964386
kqspqkonuk.mp4,0.9868868589401245
kqtxuuqpxx.mp4,0.9899808764457703
kqvfburfar.mp4,0.9602720141410828
kqwmnqlfjf.mp4,0.8960752487182617
kqwxfglcgo.mp4,0.9692757725715637
kqxqlbiskj.mp4,0.9699811339378357
kqynuvnxmw.mp4,0.9377885460853577
kqzchexoru.mp4,0.9779938459396362
kravfkhyfg.mp4,0.9854209423065186
kraywetwrt.mp4,0.9899998903274536
krcahkpiwj.mp4,0.2284780889749527
krcwnqcmyg.mp4,0.37731704115867615
krdgfockzt.mp4,0.9874603152275085
krdqwwfaop.mp4,0.936545193195343
krdsrresci.mp4,0.9895930290222168
krejttudaw.mp4,0.9861232042312622
krevdgqbuz.mp4,0.9878218173980713
krexqkiccb.mp4,0.9178258180618286
kreyyuqvje.mp4,0.9285266399383545
krfikbkhck.mp4,0.8843653202056885
krfrzaghpv.mp4,0.9848094582557678
krfuaarffj.mp4,0.6894610524177551
krfzpznfum.mp4,0.8989009857177734
krhlahbowp.mp4,0.9625351428985596
krhpfuxlne.mp4,0.9727393984794617
kriabgdcvz.mp4,0.5416194200515747
kriulujgus.mp4,0.9800593256950378
krjnlcjctk.mp4,0.9890770316123962
krjzuziezw.mp4,0.17013512551784515
krlamyoiww.mp4,0.15702852606773376
krlmmmwgnh.mp4,0.9109283089637756
krlosfjfpm.mp4,0.7315883040428162
krmwmnvwat.mp4,0.7292271256446838
krneyutinp.mp4,0.9484733939170837
krnjodwmsb.mp4,0.9825999736785889
krnkcunqqa.mp4,0.14789529144763947
krooxscbam.mp4,0.11822378635406494
kroyxorqtz.mp4,0.9634283781051636
kroyztpegq.mp4,0.7159696221351624
krozjidepo.mp4,0.9707147479057312
krplpzuxss.mp4,0.9849804043769836
krpynxnfaf.mp4,0.602994441986084
krqweabkjx.mp4,0.7733302712440491
krrnydciaa.mp4,0.9475390315055847
krskhbqfxm.mp4,0.9898920655250549
krskrpdcad.mp4,0.7461082935333252
krsorcwelh.mp4,0.9429222941398621
krtcbagqri.mp4,0.9750097990036011
krtpqcelgf.mp4,0.2057396024465561
kruvzexqam.mp4,0.9219925999641418
krvaxgxbhq.mp4,0.8492939472198486
krvetunxyz.mp4,0.278269499540329
krwihcsnwm.mp4,0.9849453568458557
krwtsxpasu.mp4,0.8028925061225891
krzvphitmj.mp4,0.20486482977867126
ksaausdpbe.mp4,0.9494045972824097
ksadzljwkj.mp4,0.9821606278419495
ksaoehvsae.mp4,0.9569712281227112
kscoeoluiy.mp4,0.9628584980964661
kscvkpnekn.mp4,0.9031649231910706
kscwlvoove.mp4,0.9688494205474854
ksddrdgaee.mp4,0.3286557197570801
ksedvwytxh.mp4,0.980268657207489
ksesjqkhzv.mp4,0.9897655248641968
ksezqktegk.mp4,0.9895720481872559
ksfgswbvck.mp4,0.31289294362068176
ksfkyiyrif.mp4,0.22956140339374542
ksfuiztwuc.mp4,0.1784045696258545
ksfyrvchxj.mp4,0.9758870601654053
ksgwrgqrgi.mp4,0.9808285236358643
ksgxhtgsjf.mp4,0.9298930764198303
kshexbxkqy.mp4,0.9900000095367432
kshkjrzams.mp4,0.9609251618385315
kshlyriwdh.mp4,0.12137575447559357
ksiwjygwrw.mp4,0.8285351991653442
ksjdckvshl.mp4,0.978874921798706
ksjhytoorq.mp4,0.919525682926178
ksjmvyddyh.mp4,0.42185503244400024
ksjwdxgwwi.mp4,0.8739107847213745
kskxxzvrrj.mp4,0.9801534414291382
kslgjwskxu.mp4,0.9862319827079773
kslzlblirp.mp4,0.9766859412193298
ksneekqtzt.mp4,0.9216486811637878
ksnklrsvul.mp4,0.9899027943611145
ksnyodpbar.mp4,0.17653816938400269
kspmibcbkb.mp4,0.8045086860656738
ksppkhssez.mp4,0.9760684370994568
ksqbmcfwso.mp4,0.9457516670227051
ksqybmrwyg.mp4,0.9894210696220398
ksrchxowoi.mp4,0.7826862335205078
ksrnzzbcsz.mp4,0.9886714220046997
kssaxxtmkg.mp4,0.8270338177680969
kssnusteqo.mp4,0.18165236711502075
kstddunndj.mp4,0.9860652685165405
kstjcrrbds.mp4,0.8273348808288574
kstjjetwrf.mp4,0.9867411851882935
kstoczbyzr.mp4,0.5797640681266785
kstorrocvg.mp4,0.9857081174850464
ksuwagezws.mp4,0.9844387769699097
ksvibjmpni.mp4,0.9863806366920471
ksxnxsoonr.mp4,0.9900000095367432
ksyvbcodfc.mp4,0.9065987467765808
ksyvrepnua.mp4,0.17492468655109406
ksyyavokoz.mp4,0.9691311120986938
ktafldulfb.mp4,0.9709256291389465
ktagooptgq.mp4,0.9886115789413452
ktahytvzvl.mp4,0.9798372387886047
ktazdfvzxh.mp4,0.9836118817329407
ktbrplyuax.mp4,0.9709110260009766
ktbsegcghb.mp4,0.8434185981750488
ktcdquypov.mp4,0.9359303116798401
ktcyhakxfn.mp4,0.9884647727012634
ktdjkcftqv.mp4,0.29019054770469666
ktdklnmmro.mp4,0.8974862694740295
ktdrwvfkdv.mp4,0.29450249671936035
kteeyvdgkp.mp4,0.984889566898346
ktfxoeictt.mp4,0.5432292819023132
ktgfninnmp.mp4,0.9322781562805176
kthokhsmzr.mp4,0.985167384147644
ktinhwqcym.mp4,0.7850923538208008
ktjmfcxqyd.mp4,0.13304729759693146
ktjoendyit.mp4,0.9883607625961304
ktjsetopzq.mp4,0.9151570796966553
ktleqscxqe.mp4,0.9863615036010742
ktmdpragph.mp4,0.9845888018608093
ktmluiowtd.mp4,0.3446977436542511
ktngjmgfut.mp4,0.9862882494926453
ktnjhftfpo.mp4,0.9868893027305603
ktnkoqfjeb.mp4,0.35742446780204773
ktnovgcglh.mp4,0.9370975494384766
ktnuxjqspw.mp4,0.4549986720085144
ktokhbmbzp.mp4,0.9848930835723877
ktonqqjvjk.mp4,0.9843711853027344
ktpfgjxkjy.mp4,0.9894958138465881
ktplrnxprr.mp4,0.9768669605255127
ktrrihbdgp.mp4,0.5
ktrrsqatcf.mp4,0.8850170373916626
ktsbmyurdw.mp4,0.9887450337409973
ktsidkhnud.mp4,0.27489355206489563
ktsjabctti.mp4,0.9117437601089478
ktsmigetsu.mp4,0.9778083562850952
kttgpjwhqb.mp4,0.9281378984451294
ktujzthgpb.mp4,0.6861579418182373
ktvhcbnvlj.mp4,0.9806826114654541
ktvmufyaqf.mp4,0.9553964138031006
ktwrnrnmhl.mp4,0.9678829908370972
ktwvmsdbam.mp4,0.846531331539154
ktwvnwxpwl.mp4,0.981938362121582
ktxluramzl.mp4,0.9896517992019653
ktxurhfxsy.mp4,0.9227246642112732
ktydfbehhh.mp4,0.13825616240501404
ktzmeowvqp.mp4,0.9455718398094177
kuapqkjzya.mp4,0.9802897572517395
kubfsxmecg.mp4,0.8472268581390381
kubwhaokml.mp4,0.7389585375785828
kucmvbtlaf.mp4,0.6538060307502747
kucoqzfsnh.mp4,0.7345555424690247
kucyonhyim.mp4,0.729831874370575
kudbhwulll.mp4,0.07701247185468674
kudvvlgiff.mp4,0.12479815632104874
kufpfejdwa.mp4,0.971689760684967
kufzletqqp.mp4,0.9623717665672302
kugfpimhcx.mp4,0.18108507990837097
kuhwtggmri.mp4,0.8918935656547546
kuihikronb.mp4,0.9866448044776917
kuilavcjwz.mp4,0.9510937929153442
kuimixwanz.mp4,0.98714679479599
kujjwjaewk.mp4,0.9754720330238342
kukfxxfuxw.mp4,0.8645620942115784
kulniblyob.mp4,0.9846401214599609
kulsfhiigr.mp4,0.28383776545524597
kummqvwaax.mp4,0.2176872342824936
kumqlqovmi.mp4,0.9409027695655823
kuoabeunqo.mp4,0.9828034043312073
kuoliszvvz.mp4,0.78691166639328
kuoobhjmgf.mp4,0.9651868939399719
kuqbgbrypa.mp4,0.9221270680427551
kuqjdfmhit.mp4,0.6582046151161194
kuqxfkvnzp.mp4,0.774623453617096
kurybyykbr.mp4,0.9810693860054016
kuryemfqdw.mp4,0.9747506380081177
kutkduyqlm.mp4,0.8492445349693298
kuugjjnzvb.mp4,0.9899998903274536
kuunlmwpoi.mp4,0.7792541980743408
kuuohzwhyh.mp4,0.41023319959640503
kuuylhiqmg.mp4,0.9899418950080872
kuuzhiduim.mp4,0.9383172392845154
kuvibtcdkg.mp4,0.8348338007926941
kuwtukoczp.mp4,0.9880882501602173
kuwvfrxqaw.mp4,0.9559282660484314
kuxeuxuwqq.mp4,0.9899172186851501
kuxiuolwxo.mp4,0.9659988880157471
kuxrfqwhqg.mp4,0.8627015948295593
kuyowgtvvy.mp4,0.989437997341156
kuywbgujuo.mp4,0.9571045637130737
kuzdfabnks.mp4,0.10864851623773575
kuzepboxuw.mp4,0.9728385806083679
kvaidnruya.mp4,0.27789026498794556
kvajvgmref.mp4,0.9790284633636475
kvandbrfbu.mp4,0.980039119720459
kvbicaaqot.mp4,0.941706657409668
kvbqyqaqtp.mp4,0.774677574634552
kvbtmdtydx.mp4,0.9826115369796753
kvbxyspkym.mp4,0.7941979169845581
kvcrolixxf.mp4,0.6599937081336975
kvctdchsuz.mp4,0.8809592127799988
kvcvndpudo.mp4,0.9449105858802795
kvcwpzfstd.mp4,0.2116578072309494
kvcxwgyiwm.mp4,0.09640884399414062
kvdbhvdjib.mp4,0.8942574858665466
kvdckuwuyw.mp4,0.9504474997520447
kvdnzpwaen.mp4,0.9704705476760864
kvehgdcsej.mp4,0.9701887369155884
kverutwcbw.mp4,0.9629814028739929
kvgdzkixtj.mp4,0.97147536277771
kvhbyuklfv.mp4,0.1747012436389923
kvhdpfzpon.mp4,0.8819910287857056
kvhfbesxqm.mp4,0.9181661009788513
kvipktfypj.mp4,0.8657362461090088
kviukblvlg.mp4,0.9867478609085083
kvjigkxhfu.mp4,0.979062557220459
kvjpkscmgq.mp4,0.9769717454910278
kvkgwihmby.mp4,0.9854241609573364
kvkhdvvifo.mp4,0.9695293307304382
kvlfhklrua.mp4,0.9801245331764221
kvlvcqunqj.mp4,0.9086982607841492
kvmmepvfia.mp4,0.980528712272644
kvmpkajdru.mp4,0.7251523733139038
kvmvkwnzae.mp4,0.8556704521179199
kvnanercuo.mp4,0.6275256872177124
kvnffasrei.mp4,0.9890471696853638
kvnnfpebdn.mp4,0.9899560213088989
kvnrcwelty.mp4,0.9672025442123413
kvnxqoxyci.mp4,0.18949291110038757
kvnybortuz.mp4,0.9817209839820862
kvoeizmnbn.mp4,0.9779175519943237
kvpfhcphpu.mp4,0.7339136004447937
kvqbtnsjvi.mp4,0.9776089191436768
kvqjodnxqc.mp4,0.8673340082168579
kvqwqcbiou.mp4,0.9666251540184021
kvsbhjdqam.mp4,0.9899999499320984
kvtbykcwsv.mp4,0.8706270456314087
kvtrtolcvx.mp4,0.9899664521217346
kvttnipvjo.mp4,0.9846928715705872
kvtxaueqgq.mp4,0.18415242433547974
kvuevajdzf.mp4,0.39572736620903015
kvunxtjnjg.mp4,0.9692025184631348
kvvbbmqkld.mp4,0.6984066963195801
kvvbxazeln.mp4,0.9232373237609863
kvvesbjqkd.mp4,0.9899688363075256
kvwdqffacb.mp4,0.2162049263715744
kvwusunqag.mp4,0.8230085372924805
kvxrkxellk.mp4,0.9812716245651245
kvyoetiwjj.mp4,0.09796056896448135
kvyvazqlev.mp4,0.960098922252655
kvzejjekmc.mp4,0.9899575710296631
kwapbrbhzl.mp4,0.9709686040878296
kwashhmwyh.mp4,0.9821645617485046
kwaucvfnas.mp4,0.8361024260520935
kwbwtvhqjf.mp4,0.9864277243614197
kwcsntexqm.mp4,0.901243269443512
kwdezvsfdm.mp4,0.9864688515663147
kwdgkwrvrl.mp4,0.2286648452281952
kwdzvcbhjt.mp4,0.9380680322647095
kwehcwaymb.mp4,0.8362770080566406
kwektzqcat.mp4,0.9751661419868469
kwfrybsugq.mp4,0.9790581464767456
kwgaqhzcer.mp4,0.9788102507591248
kwgbanctdq.mp4,0.9668810367584229
kwhmexnexb.mp4,0.9832481741905212
kwhvqlfceh.mp4,0.8164140582084656
kwhxnlfcmw.mp4,0.984061598777771
kwigocueyo.mp4,0.24429424107074738
kwijuoikqk.mp4,0.9556326270103455
kwivlwvree.mp4,0.5360041260719299
kwjcecbziu.mp4,0.9830650687217712
kwjwijwgav.mp4,0.8984357118606567
kwletdaogb.mp4,0.9173208475112915
kwmkaiwaij.mp4,0.9751940369606018
kwmvssudkj.mp4,0.9893575310707092
kwmxvbhkwi.mp4,0.33366063237190247
kwndtwzjyg.mp4,0.10870020091533661
kwngozmnbu.mp4,0.8966342210769653
kwnzknmnsb.mp4,0.9771279692649841
kwodzpxxjj.mp4,0.9362943172454834
kwojbcsrxp.mp4,0.0936700776219368
kwpdqspfwl.mp4,0.14244842529296875
kwpjtvietw.mp4,0.9790480732917786
kwqhorfuuv.mp4,0.49836501479148865
kwqjbgikku.mp4,0.1912611871957779
kwqovfzity.mp4,0.9374516606330872
kwqqjgrcjv.mp4,0.9515360593795776
kwqtclyong.mp4,0.09573789685964584
kwqzoiiojg.mp4,0.9843142032623291
kwrftshybi.mp4,0.9593205451965332
kwrlvhvdxe.mp4,0.9679449796676636
kwsqhpxfge.mp4,0.90760737657547
kwsraaqime.mp4,0.07873795926570892
kwsurvunlh.mp4,0.6832761764526367
kwszruxmwa.mp4,0.9771662950515747
kwuljirghd.mp4,0.928250789642334
kwuubqdose.mp4,0.8921102285385132
kwuywxrciy.mp4,0.8956618905067444
kwvdjgiuws.mp4,0.9063963890075684
kwveccqyyg.mp4,0.8852400779724121
kwvhnffffv.mp4,0.967240571975708
kwwbklisbi.mp4,0.988525390625
kwwveltzqp.mp4,0.9390345215797424
kxampzfwbc.mp4,0.9382706880569458
kxarjtvlly.mp4,0.20776604115962982
kxaxlsonpe.mp4,0.7482369542121887
kxbezlngzt.mp4,0.7911571860313416
kxbkpndjeg.mp4,0.9793004989624023
kxchysmyhl.mp4,0.40060317516326904
kxcjeykzsz.mp4,0.7202020883560181
kxclsatqdn.mp4,0.26217037439346313
kxcsvkxltd.mp4,0.925809919834137
kxdlyvdmtr.mp4,0.9754403233528137
kxdvofszdb.mp4,0.9889504909515381
kxewunrmam.mp4,0.689825177192688
kxgcybcdep.mp4,0.12373889237642288
kxgqkakasv.mp4,0.9893009066581726
kxhdrbehre.mp4,0.23565872013568878
kxjzjcxlkd.mp4,0.9074856042861938
kxjzykflnf.mp4,0.9886571168899536
kxldgmqnlb.mp4,0.9870825409889221
kxljculnyz.mp4,0.8746166825294495
kxlpngcejr.mp4,0.7437361478805542
kxlprsoigl.mp4,0.964602530002594
kxmivxaoct.mp4,0.9236385822296143
kxmlmyassq.mp4,0.989404559135437
kxmlroxgjq.mp4,0.9776795506477356
kxmzhikvir.mp4,0.9873018264770508
kxnsmwhqtl.mp4,0.6968711614608765
kxnwxdnoxu.mp4,0.8303008079528809
kxnybtbpkl.mp4,0.10974136739969254
kxocuspfpu.mp4,0.9236267805099487
kxojueoowk.mp4,0.8983123302459717
kxomcuqhmy.mp4,0.9306061267852783
kxoouvjilg.mp4,0.5002089738845825
kxopvnpqvm.mp4,0.9331449866294861
kxpcutyvty.mp4,0.09305781126022339
kxpjzkgktr.mp4,0.9836117029190063
kxptuwngop.mp4,0.8961750864982605
kxqhiylfao.mp4,0.9870560169219971
kxqndyqxsc.mp4,0.9119051098823547
kxqnvgrxqu.mp4,0.10500069707632065
kxqpyldfzj.mp4,0.9899999499320984
kxrfdwfaeq.mp4,0.09342321008443832
kxsswwfcan.mp4,0.9794355630874634
kxsxcrfdzs.mp4,0.9167303442955017
kxteplqxyk.mp4,0.16089893877506256
kxtkjfqlma.mp4,0.9833340048789978
kxtqjpqhjw.mp4,0.3728167414665222
kxtzjutjke.mp4,0.9824115037918091
kxwhxonyqp.mp4,0.9900000691413879
kxwmaawawl.mp4,0.7999758720397949
kxwrffkwch.mp4,0.9833439588546753
kxwzxqowht.mp4,0.9900000095367432
kxxcrzwiin.mp4,0.9768571853637695
kxxwsjmepu.mp4,0.9180377125740051
kxzasfgizt.mp4,0.9879668354988098
kyadxujccy.mp4,0.9731464982032776
kyaijizqok.mp4,0.9086476564407349
kyajzhnjjv.mp4,0.9805372953414917
kyakjhxoxe.mp4,0.13386519253253937
kyartvdwqs.mp4,0.9590348601341248
kybgwcuafr.mp4,0.8053358197212219
kycjiqjyos.mp4,0.9899998903274536
kycuhvvxty.mp4,0.23551031947135925
kydmcatqof.mp4,0.9520993828773499
kydtueuqhh.mp4,0.9858538508415222
kyeisbhtzf.mp4,0.9331188201904297
kygcbdoedd.mp4,0.9570541381835938
kyggjfisyj.mp4,0.9900000095367432
kyggopwswh.mp4,0.9876599311828613
kygkgngiex.mp4,0.9889379739761353
kygtgeqhvm.mp4,0.9895648956298828
kyiekdvlmi.mp4,0.9900000095367432
kyifakevhk.mp4,0.9712732434272766
kyirqvfadb.mp4,0.9780082106590271
kyirwrjbsd.mp4,0.7693221569061279
kyisphqysj.mp4,0.9830500483512878
kyjwwytldk.mp4,0.9035395383834839
kyklrdulgk.mp4,0.9475946426391602
kykmrtoitd.mp4,0.9820795655250549
kykofpdlbt.mp4,0.9855629801750183
kylihgrkex.mp4,0.18150562047958374
kyltzmuzks.mp4,0.9530107975006104
kynyykjlwj.mp4,0.9900000691413879
kyoahgwfnp.mp4,0.9447887539863586
kyoihwhooi.mp4,0.8618924021720886
kyopmwtaqr.mp4,0.3307117223739624
kypiwidnwt.mp4,0.18235155940055847
kypqqvwvvn.mp4,0.12015464156866074
kypsfzomjw.mp4,0.7410655617713928
kypxxesehh.mp4,0.9634234309196472
kyqibupien.mp4,0.16392484307289124
kyradorwwn.mp4,0.6852003335952759
kyrbveruev.mp4,0.1339743733406067
kyrnhguexi.mp4,0.989974856376648
kyrtlgwkrm.mp4,0.9747763276100159
kysjlkziba.mp4,0.9702793955802917
kysuvsrlei.mp4,0.9653326869010925
kyswyowwgb.mp4,0.9791856408119202
kyszyhnkij.mp4,0.9820689558982849
kytmjxjodz.mp4,0.8775477409362793
kytoyrhhqb.mp4,0.9860310554504395
kytqjymits.mp4,0.24349093437194824
kytzoyblhx.mp4,0.9624840617179871
kyunsgrssk.mp4,0.9190554022789001
kyvydsxjdx.mp4,0.08730552345514297
kywrzlaqot.mp4,0.7372435927391052
kywwpojzzs.mp4,0.9856179356575012
kyxklqbwnb.mp4,0.4521852731704712
kyxqqazucy.mp4,0.9890046715736389
kyxvlwovgo.mp4,0.6693331599235535
kyykwaftqw.mp4,0.9833604693412781
kyyplhtepd.mp4,0.9547654986381531
kyysuucbox.mp4,0.9564591646194458
kyyzjgfxlr.mp4,0.696750283241272
kyzjenzjgn.mp4,0.736882209777832
kzbefaqcvj.mp4,0.9180185198783875
kzbqeukvra.mp4,0.9143539667129517
kzbtvuzvom.mp4,0.989371120929718
kzbwthqkzd.mp4,0.32101577520370483
kzbyefqvzh.mp4,0.9843437075614929
kzchklafiy.mp4,0.6997150778770447
kzcrsygmvs.mp4,0.26366934180259705
kzdeykbtus.mp4,0.9600646495819092
kzeaudeeom.mp4,0.9823884963989258
kzedpchqhp.mp4,0.8455213904380798
kzeltawxvr.mp4,0.8324887156486511
kzepfydppv.mp4,0.1564965695142746
kzesgcmzzm.mp4,0.9828855395317078
kzfghcmjks.mp4,0.9899513721466064
kzfrnpgwtk.mp4,0.9532516598701477
kzgfvvedjk.mp4,0.9886512756347656
kzgrvkueba.mp4,0.579450249671936
kzhhviwkzo.mp4,0.8331419229507446
kzhmouvfzu.mp4,0.9442748427391052
kzibaxznnb.mp4,0.826255738735199
kzihxvwsmy.mp4,0.9900001883506775
kzikuujllt.mp4,0.5847795605659485
kzjqjyxjba.mp4,0.9895941615104675
kzjtxcefds.mp4,0.8851712346076965
kzkjzasyez.mp4,0.9861904382705688
kzkpvyfnbj.mp4,0.9675244092941284
kzkqxqpmqd.mp4,0.8222825527191162
kzkzcuxiug.mp4,0.9733580946922302
kzlfjgfqrz.mp4,0.9677065014839172
kzlvtanimu.mp4,0.9786134958267212
kzmacengrr.mp4,0.9886372089385986
kzmywxbybr.mp4,0.1933317333459854
kznajacnvq.mp4,0.9744807481765747
kzoiyebyzm.mp4,0.9896347522735596
kzosjeoedo.mp4,0.17945018410682678
kzozmqqzjb.mp4,0.9785699844360352
kzpxnqzems.mp4,0.4384012520313263
kzpzriyzwt.mp4,0.9387878179550171
kzqhzwolml.mp4,0.15882620215415955
kzqnfljlpa.mp4,0.9433692097663879
kzqqgctnoy.mp4,0.12903060019016266
kzqyfljzfp.mp4,0.9654331207275391
kzqznorymf.mp4,0.9887576103210449
kzrbfsoxtj.mp4,0.8887999057769775
kzrtmgygnq.mp4,0.984610915184021
kzrzgvkise.mp4,0.9330087304115295
kzsncayjgo.mp4,0.9699456095695496
kztgonlqey.mp4,0.7732754945755005
kztwhaafok.mp4,0.6491920351982117
kzvtudfgch.mp4,0.9899921417236328
kzwmxhplnd.mp4,0.9889351725578308
kzxpndejui.mp4,0.6632981896400452
kzycggjleq.mp4,0.7624017596244812
kzyqoesccm.mp4,0.9459419846534729
kzyswcsexk.mp4,0.9427937269210815
kzzmrgktaw.mp4,0.8906583189964294
kzzytxgshy.mp4,0.918523907661438
kzzzequpdt.mp4,0.9899440407752991
labjmmhqke.mp4,0.9868289828300476
labvodsojl.mp4,0.985430896282196
ladjhvyigq.mp4,0.9096472263336182
ladnuitrey.mp4,0.989832878112793
ladwdrjkzc.mp4,0.8303812742233276
laefolwgra.mp4,0.15866480767726898
laeorjcbbd.mp4,0.20455330610275269
laeugkuxrj.mp4,0.9825218915939331
lafdvfnsob.mp4,0.9422759413719177
lafoxxnlkt.mp4,0.9894888401031494
lafsnrurnk.mp4,0.9736559391021729
lafuomwezr.mp4,0.9825175404548645
lagaytbhyh.mp4,0.13991300761699677
laghodtoje.mp4,0.8895783424377441
laglgdftel.mp4,0.9888221621513367
lagxgxjnil.mp4,0.136116161942482
lagzvqjevr.mp4,0.9900000095367432
laihqoslma.mp4,0.977634072303772
lajwftyrml.mp4,0.10766497254371643
lakeqbnkhv.mp4,0.9636704921722412
laktekqvjo.mp4,0.7388392090797424
lakthcscey.mp4,0.9696338176727295
lakxvehimc.mp4,0.9900000095367432
lambzoqnwl.mp4,0.9066042900085449
lamilgnfxw.mp4,0.6809916496276855
lamofwnndg.mp4,0.6320679783821106
lamovzelwr.mp4,0.9091472029685974
lamxbgvzrs.mp4,0.9669188857078552
lamylbljvb.mp4,0.8215816020965576
langkfbayd.mp4,0.9897103309631348
lanltosgtn.mp4,0.7841944098472595
lanoulpcmk.mp4,0.6489769220352173
laoqibggmh.mp4,0.9825190901756287
laoxooujkk.mp4,0.9788135290145874
lapcqbbwuu.mp4,0.9849411845207214
laqigokfpl.mp4,0.5908464789390564
larwnfncyq.mp4,0.336282879114151
laskukekyz.mp4,0.07123687863349915
lasrqldmon.mp4,0.9554601907730103
lasszfurox.mp4,0.24835103750228882
lasucnprgi.mp4,0.9829992055892944
latbsovkps.mp4,0.9688929915428162
latselczds.mp4,0.9900000095367432
laugsqcihw.mp4,0.9434407949447632
lauifordgs.mp4,0.18432024121284485
laupbbdwmz.mp4,0.28175005316734314
lautmrhmin.mp4,0.9899728894233704
lauulmshvq.mp4,0.9819843173027039
lavqqeemqu.mp4,0.875554084777832
lawdpxkvpy.mp4,0.8749200701713562
lawfymygda.mp4,0.9752373695373535
lawhopjppb.mp4,0.1848061978816986
lawxxudonx.mp4,0.97891765832901
laxeomdwou.mp4,0.967161238193512
laxjttpaea.mp4,0.93250972032547
laxvcsetkn.mp4,0.9893191456794739
layftsiufo.mp4,0.9846700429916382
lazyofgcmi.mp4,0.9710735082626343
lbahlrfswz.mp4,0.8663498163223267
lbalxmqcpo.mp4,0.949146032333374
lbanotpxhl.mp4,0.6433441042900085
lbawqxabtx.mp4,0.3450617790222168
lbbhppglec.mp4,0.9864839911460876
lbcbyrdjkv.mp4,0.9487939476966858
lbchzdzvks.mp4,0.98726886510849
lbcijquzrd.mp4,0.9745450019836426
lbdsgizlfz.mp4,0.27838560938835144
lbebogglke.mp4,0.989831805229187
lbeodffhlj.mp4,0.6575799584388733
lbgohgvmlj.mp4,0.838219165802002
lbgvtogpka.mp4,0.3065705895423889
lbigcunjai.mp4,0.8895345330238342
lbihjdswtl.mp4,0.8808928728103638
lbjhueqjqb.mp4,0.13049738109111786
lbjkndnzbc.mp4,0.9900000691413879
lbjlsrqbbv.mp4,0.10874553769826889
lbjlvzpxkw.mp4,0.9780573844909668
lbjnzysfmf.mp4,0.9872148036956787
lbjyebtbab.mp4,0.37737536430358887
lbkvnpgdug.mp4,0.6180172562599182
lbkyeddffy.mp4,0.9719546437263489
lblaoukhmy.mp4,0.9899547100067139
lblnaurkhp.mp4,0.9625426530838013
lblpuyasnp.mp4,0.9383219480514526
lblrymsaof.mp4,0.9826657772064209
lblweiecpx.mp4,0.7631325721740723
lbmfchhtjq.mp4,0.988776445388794
lbmlxkfzku.mp4,0.8609968423843384
lbmwnookqb.mp4,0.9855484366416931
lbnkgqmnrb.mp4,0.9774869680404663
lbnsoxhcav.mp4,0.9378458261489868
lbnuxynggy.mp4,0.9588623046875
lboalepbxp.mp4,0.911271333694458
lbpsijmimo.mp4,0.7321484088897705
lbqbhxxwpa.mp4,0.9560237526893616
lbqhtfdhfr.mp4,0.9818111062049866
lbqskvhlch.mp4,0.9854711294174194
lbqtuxrvzx.mp4,0.549372136592865
lbrlutazmo.mp4,0.6510735154151917
lbsmijxkmt.mp4,0.9889647960662842
lbsslmvykx.mp4,0.9868395924568176
lbsymurptm.mp4,0.853778064250946
lbufcuhqnt.mp4,0.4620433449745178
lbumdiutyp.mp4,0.9896354079246521
lbuomrrcgz.mp4,0.3634510636329651
lbvpjkfemg.mp4,0.9548367261886597
lbvsreiamr.mp4,0.9809547066688538
lbwjjruzkl.mp4,0.2318163514137268
lbwkauppxq.mp4,0.9842400550842285
lbwmvzraew.mp4,0.21005825698375702
lbwojyfexb.mp4,0.978394091129303
lbxyqbhcky.mp4,0.9299598932266235
lbyhrspkit.mp4,0.8069467544555664
lbyukmndzx.mp4,0.8614183068275452
lbzavxgnph.mp4,0.6939672827720642
lbznpnwvbw.mp4,0.832368791103363
lbzrhlxwei.mp4,0.9241558909416199
lbzyuktruk.mp4,0.9892634153366089
lcavluowmf.mp4,0.8788307905197144
lcbcjcfbet.mp4,0.9074945449829102
lcbykfjdyp.mp4,0.9447349309921265
lccbmqgvjf.mp4,0.985711395740509
lcchaliyve.mp4,0.7024700045585632
lccmzlcvjw.mp4,0.7428650259971619
lcdjbhzvla.mp4,0.8891881704330444
lcejfttupr.mp4,0.5569366812705994
lcejqpmevk.mp4,0.825684130191803
lcfeallqlh.mp4,0.9647974371910095
lcgsihcudt.mp4,0.9661360383033752
lchmxzjjkj.mp4,0.08273369818925858
lchshnnoyb.mp4,0.6790701746940613
lchwnfddji.mp4,0.9899069666862488
lcichiiawi.mp4,0.12151556462049484
lcijjgtqrr.mp4,0.3648422062397003
lcipixrtmn.mp4,0.7709249258041382
lcjiwuujru.mp4,0.9792951345443726
lcjpcvctby.mp4,0.93570876121521
lcjqoxhdvs.mp4,0.9561010599136353
lcjvdkuiiw.mp4,0.944895327091217
lclgwlyngm.mp4,0.9639914035797119
lcmerlqabp.mp4,0.9778532981872559
lcnhlggddw.mp4,0.987696647644043
lcowymgwgp.mp4,0.94695645570755
lcpjqjuvyd.mp4,0.9900000095367432
lcpnxqptsa.mp4,0.9758773446083069
lcqvhqfaji.mp4,0.8940763473510742
lcrkvspjmk.mp4,0.8385149240493774
lcrtuazjgq.mp4,0.9893137812614441
lcrxfkezdg.mp4,0.9823368191719055
lcsgwvpzgp.mp4,0.7442180514335632
lctadvptrm.mp4,0.9661985039710999
lctlqbabqr.mp4,0.3021366596221924
lctmbwcoho.mp4,0.8276299834251404
lcuxypgept.mp4,0.11676472425460815
lcuyzxpbkg.mp4,0.9465422630310059
lcwpkxdevw.mp4,0.6213369965553284
lcytrktuxg.mp4,0.8576728105545044
lcyvxnirwa.mp4,0.12883441150188446
lcznirhyci.mp4,0.9743899703025818
lczxunqhdo.mp4,0.9839189648628235
ldakgqfroe.mp4,0.9770249724388123
ldasdpxtjb.mp4,0.24667589366436005
ldayjylmsy.mp4,0.9484060406684875
ldbldpvjab.mp4,0.9858549237251282
ldeccxgyqn.mp4,0.9836035966873169
ldffodtquh.mp4,0.9287790060043335
ldgjjwxskw.mp4,0.2363058179616928
ldguhpfsur.mp4,0.9855993390083313
ldgvehqkpu.mp4,0.6015647053718567
ldicddsxec.mp4,0.34612831473350525
ldiqcgvqgj.mp4,0.9893338680267334
ldjrbrgqql.mp4,0.9891514182090759
ldjsjdbjrz.mp4,0.9897089600563049
ldjzrikuek.mp4,0.9421030282974243
ldkowblylm.mp4,0.9692801833152771
ldlcaucqhw.mp4,0.966425359249115
ldloctgunu.mp4,0.9620745778083801
ldlwlefhld.mp4,0.35968756675720215
ldmgwzlghm.mp4,0.9793241620063782
ldmjlmcevn.mp4,0.9841511249542236
ldmkjxnpct.mp4,0.9783848524093628
ldmznorbhe.mp4,0.8181416392326355
ldnapibjxv.mp4,0.9763181805610657
ldngvlhild.mp4,0.9415634870529175
ldnxpcqrww.mp4,0.9340730905532837
ldohyltjih.mp4,0.8967570066452026
ldolscylre.mp4,0.985072672367096
ldoxbzupoj.mp4,0.9888290166854858
ldpneakmqf.mp4,0.9650664925575256
ldpsunxnsj.mp4,0.9634342193603516
ldpuoyalqs.mp4,0.13148635625839233
ldpwlgxbfz.mp4,0.8154441118240356
ldqecgdsef.mp4,0.9722014665603638
ldqygueerd.mp4,0.22285276651382446
ldsmtvgmdj.mp4,0.9882845282554626
ldsorsepac.mp4,0.9829975962638855
ldtbcomiab.mp4,0.6649420857429504
ldtibsniik.mp4,0.11743322759866714
ldtihaxrwe.mp4,0.13484585285186768
ldtjvlhjdk.mp4,0.9900001287460327
ldtscpryms.mp4,0.8418441414833069
ldttffteee.mp4,0.9193893074989319
lduxzipcuj.mp4,0.985930323600769
ldvatorpzp.mp4,0.9844160676002502
ldvgfuqfbr.mp4,0.9667788147926331
ldvjtwszhi.mp4,0.9527654647827148
ldvtyirqec.mp4,0.9122564196586609
ldwgfsxbty.mp4,0.9845839142799377
ldwtjdckpc.mp4,0.8853437900543213
ldxeoxkuqb.mp4,0.936845600605011
ldxevwpjba.mp4,0.8789652585983276
ldxupprqbq.mp4,0.9852238297462463
ldxydczsxb.mp4,0.9869573712348938
ldyfkelqcn.mp4,0.8260483741760254
ldygtrfyyo.mp4,0.9878005981445312
ldyryrmjll.mp4,0.9811556339263916
lebllfpewj.mp4,0.9017964005470276
lecjgdqkqm.mp4,0.9855745434761047
lecmisyxll.mp4,0.9816445112228394
leecnrzodp.mp4,0.9872871041297913
leekjavohd.mp4,0.9738790392875671
leekzwugxw.mp4,0.8475903868675232
leenrzrrfs.mp4,0.07098840177059174
lefrotdttd.mp4,0.11438597738742828
legilvljip.mp4,0.989447295665741
lehdukjqpz.mp4,0.08039900660514832
lejluauqlq.mp4,0.7176957130432129
lejnxfqhnl.mp4,0.9627853631973267
lejrkxqoxy.mp4,0.8677409887313843
lejvsficfs.mp4,0.9771827459335327
lekerrfduk.mp4,0.14216496050357819
lekpmobnzr.mp4,0.9366585612297058
leljeavimg.mp4,0.8765938878059387
leluokcdvd.mp4,0.9667989015579224
lelxhkmeea.mp4,0.2833945155143738
lemiuwfnmk.mp4,0.9758116006851196
lenqnapony.mp4,0.9453191161155701
lenuozooiz.mp4,0.3139212131500244
lepcaxkmdg.mp4,0.9876381754875183
lepmeylzpc.mp4,0.847785234451294
lepqvhstws.mp4,0.9850900769233704
lepymemcss.mp4,0.09872283786535263
leqsjlcbyh.mp4,0.9232963919639587
lergxoxyna.mp4,0.6563248038291931
leswbvawiu.mp4,0.9012527465820312
leuejftlvj.mp4,0.9899998903274536
leuwpfqcwa.mp4,0.9409161806106567
levrhzdleq.mp4,0.899196982383728
levyzeuzve.mp4,0.9729464054107666
lewemordqy.mp4,0.9772455096244812
lewhgbxwom.mp4,0.9794211983680725
lewoxkkdst.mp4,0.9133196473121643
lewzseskcf.mp4,0.8982467651367188
lexbzkffgy.mp4,0.9900000095367432
lexhjexkbd.mp4,0.6572303771972656
lexuivzvju.mp4,0.9877673387527466
leycoieybz.mp4,0.30406102538108826
lezcunlftx.mp4,0.9753674268722534
lezmvrttfp.mp4,0.9378884434700012
lfaujjbhkj.mp4,0.9774805307388306
lfbgnwylfy.mp4,0.5
lfbmhzyldi.mp4,0.9899999499320984
lfbpkctemk.mp4,0.9653130769729614
lfbxgelruh.mp4,0.9691132307052612
lfdjsbmfhq.mp4,0.9852284789085388
lfdqzgeouj.mp4,0.892057478427887
lfdsldcldf.mp4,0.9853229522705078
lfebjpyjvn.mp4,0.690700352191925
lfecgkvspu.mp4,0.5894685387611389
lfefoblise.mp4,0.46102166175842285
lfejcahaps.mp4,0.33957308530807495
lfezkxuqdz.mp4,0.6024160981178284
lffbjekzzp.mp4,0.930371880531311
lfhoiazzau.mp4,0.9496860504150391
lfigrarene.mp4,0.8767378926277161
lfiwelzupa.mp4,0.9280643463134766
lfjrbnrcot.mp4,0.922791600227356
lfjwiittlk.mp4,0.936537504196167
lfkueenicm.mp4,0.9899863600730896
lflchzkymw.mp4,0.9889475703239441
lflqhsufkh.mp4,0.8879703283309937
lflzgjckta.mp4,0.9718176126480103
lfmakqrmqo.mp4,0.9879982471466064
lfmffuaqid.mp4,0.2079445719718933
lfngvnzbau.mp4,0.9128573536872864
lfnuajhyxy.mp4,0.856160581111908
lfoubkkevo.mp4,0.7635651230812073
lfpwtzcqqs.mp4,0.9575102925300598
lfqprxzaco.mp4,0.17017152905464172
lfqywknpmp.mp4,0.9642210602760315
lfrogrspmg.mp4,0.3411784768104553
lfswgagulf.mp4,0.5684958100318909
lfsykmsrtl.mp4,0.9679787158966064
lfszpvcfch.mp4,0.8826908469200134
lftupxbged.mp4,0.9362722635269165
lfuoylafhw.mp4,0.9454028010368347
lfvikiacph.mp4,0.9900000691413879
lfvmfaqnmc.mp4,0.9895649552345276
lfvsfxqmym.mp4,0.987871527671814
lfvvzweczk.mp4,0.16351650655269623
lfwffuahkl.mp4,0.9617455005645752
lfwhcmjscu.mp4,0.9646658301353455
lfwknricvc.mp4,0.9880173206329346
lfwzebjsmd.mp4,0.49277299642562866
lfxewjuwow.mp4,0.914458692073822
lfxkcmyzen.mp4,0.9800306558609009
lfxpmsuqek.mp4,0.8895639777183533
lfybykwilm.mp4,0.9867755174636841
lfycoyqbuy.mp4,0.6770600080490112
lfzaufknbs.mp4,0.952826738357544
lfzbojghxa.mp4,0.9872770309448242
lfzdoxzqfv.mp4,0.8436979055404663
lgbmbhipms.mp4,0.6404977440834045
lgcxzvppqs.mp4,0.9724000096321106
lgdoenjhib.mp4,0.9181948900222778
lgdqpjgcqk.mp4,0.9650844931602478
lgejhjovdw.mp4,0.9878901839256287
lgexartiib.mp4,0.4300570487976074
lgfiqaelue.mp4,0.9677305221557617
lghodqkraj.mp4,0.9900000691413879
lghzvwilaj.mp4,0.9847949147224426
lgiuxymuhh.mp4,0.6705166101455688
lgjmxefwpq.mp4,0.32213255763053894
lgkfozyquu.mp4,0.9443674087524414
lgkqqktrjr.mp4,0.5728082656860352
lgksniqhis.mp4,0.9900000691413879
lglrbqnoya.mp4,0.9510322213172913
lgmkhtfmls.mp4,0.9755184054374695
lgmtjfgpgr.mp4,0.9900000095367432
lgmuyxupnn.mp4,0.34440284967422485
lgngfvswql.mp4,0.9900001287460327
lgngmarwtz.mp4,0.9632546901702881
lgntqfklfx.mp4,0.11165396124124527
lgntwyjanc.mp4,0.9523599743843079
lgnxeyzclt.mp4,0.21624937653541565
lgoyltneud.mp4,0.9463058710098267
lgqfanavff.mp4,0.9856235384941101
lgqtocohmm.mp4,0.9739328622817993
lgqxinvuka.mp4,0.9488189816474915
lgsivowhce.mp4,0.6870593428611755
lgtyozmgan.mp4,0.869751513004303
lgvjtveroj.mp4,0.12488514184951782
lgwkaereih.mp4,0.989995002746582
lgwkjdthox.mp4,0.9257650971412659
lgwokwixfg.mp4,0.9670706391334534
lgwrhimtfj.mp4,0.46682047843933105
lgwtkzqltl.mp4,0.7407656908035278
lgxwfxnqfh.mp4,0.982134997844696
lgygzgpanq.mp4,0.9761412143707275
lgyqfumfhw.mp4,0.8019624352455139
lgzclplvnt.mp4,0.987682044506073
lhavhaqxti.mp4,0.6078251600265503
lhayhvqjmg.mp4,0.9229454398155212
lhbwwfsixj.mp4,0.987689733505249
lhcdmlbqou.mp4,0.7201980948448181
lhcecvneqx.mp4,0.9830219745635986
lhcojltrqg.mp4,0.9659923315048218
lhcybhuryg.mp4,0.8714339733123779
lhdqfupbxo.mp4,0.9895577430725098
lhelkzkcju.mp4,0.9900000691413879
lhfdiftvbn.mp4,0.9394224882125854
lhfwyouedq.mp4,0.9344257712364197
lhgoghqmub.mp4,0.17376495897769928
lhgujlbkqr.mp4,0.753206729888916
lhhflkrcrb.mp4,0.9781115651130676
lhhxgytswd.mp4,0.9409956336021423
lhhzkikwok.mp4,0.9900000095367432
lhifaggrzr.mp4,0.9762489199638367
lhimehjcrv.mp4,0.9072728753089905
lhimnmquqj.mp4,0.9368756413459778
lhjcdavmmg.mp4,0.20262855291366577
lhklvngngj.mp4,0.9462245106697083
lhklzrbkns.mp4,0.9863527417182922
lhlewwawgc.mp4,0.7061233520507812
lhlmzjyvrh.mp4,0.9899768829345703
lhlsecdhax.mp4,0.1355697214603424
lhlufcqdpg.mp4,0.8270706534385681
lhlzvxfjup.mp4,0.9705828428268433
lhmiyvrent.mp4,0.958197295665741
lhmmwaigmr.mp4,0.9423800706863403
lhmpofvgej.mp4,0.987098753452301
lhopwatilk.mp4,0.9817995429039001
lhozfukhiw.mp4,0.9274407029151917
lhpwfocycv.mp4,0.6466206908226013
lhqfswriiy.mp4,0.96183842420578
lhqgbwxviv.mp4,0.9824038743972778
lhqxuwestq.mp4,0.24861983954906464
lhqzgsnvxw.mp4,0.8898842334747314
lhrdeqnnqh.mp4,0.6009594798088074
lhrdtpdqyt.mp4,0.9847590923309326
lhrfqnnpon.mp4,0.2284473180770874
lhrtljxmpk.mp4,0.9848995804786682
lhtsqtvtpm.mp4,0.9860095977783203
lhtwwnttbt.mp4,0.09938003122806549
lhurhgpffk.mp4,0.9062429666519165
lhvashzoru.mp4,0.8465929627418518
lhvdfdhmhw.mp4,0.9749531149864197
lhvlmcnhov.mp4,0.8887785077095032
lhvmynaabq.mp4,0.9739465713500977
lhvntwotfa.mp4,0.8880622386932373
lhvqwxgyfg.mp4,0.9891650676727295
lhvrpmfzrh.mp4,0.8559717535972595
lhwgruznkt.mp4,0.9872779846191406
lhwnqbhyei.mp4,0.9884489178657532
lhwwhjhyqx.mp4,0.9624038934707642
lhyflbfmoy.mp4,0.7555103302001953
liafkksaer.mp4,0.09328293055295944
liajelribh.mp4,0.8642836809158325
liatfxbjlx.mp4,0.9891171455383301
liavrgdfru.mp4,0.9529874324798584
libkveeqmj.mp4,0.9886152148246765
libmsmajwz.mp4,0.24098306894302368
libqjtyhwo.mp4,0.9900000095367432
licciftlgn.mp4,0.7026429772377014
lievwdwxkb.mp4,0.6986982822418213
liezbuzmta.mp4,0.9840191602706909
lifdytsjky.mp4,0.37197345495224
lifgikqkee.mp4,0.9041306376457214
ligclvdmtv.mp4,0.935264527797699
ligiuhyfsy.mp4,0.3325432240962982
lijccmxacw.mp4,0.9468545317649841
lijhbmtmfl.mp4,0.988121509552002
lijodtitxz.mp4,0.9010841846466064
lijpeujqot.mp4,0.9873115420341492
likcwtxjbb.mp4,0.9699616432189941
likhvpxanp.mp4,0.11193934828042984
likwbnnnli.mp4,0.9877798557281494
likxmbtcon.mp4,0.8469820022583008
likzpmdjak.mp4,0.9871239066123962
lilanxqzsm.mp4,0.663209855556488
lilzprpwez.mp4,0.9344071745872498
limdeyymym.mp4,0.9408705830574036
limfkjjjtz.mp4,0.9699757695198059
limkffcjki.mp4,0.2845413386821747
lindhffzkp.mp4,0.830974817276001
linnmxvibu.mp4,0.4257568120956421
linoanfcal.mp4,0.9824373126029968
lipwxxllue.mp4,0.10322041809558868
liqjhqqzmt.mp4,0.6806133389472961
lirclscpfu.mp4,0.9788578152656555
lirihnvayp.mp4,0.9162628054618835
lirijrgbnm.mp4,0.987941563129425
listkrowrn.mp4,0.9626979231834412
liureznisp.mp4,0.7645545601844788
liuxjgdcqh.mp4,0.7566098570823669
lixfkxresa.mp4,0.9805881381034851
lixmvuauvp.mp4,0.1812027245759964
lixnoghcaj.mp4,0.9682360291481018
lixokokrpg.mp4,0.8953279256820679
liybarpvcb.mp4,0.9263565540313721
liycyqbnux.mp4,0.9396362900733948
liyxtbkpsi.mp4,0.08837702125310898
lizknrgdff.mp4,0.969463050365448
lizpuoccho.mp4,0.9164238572120667
ljbdywukfr.mp4,0.31296306848526
ljbpakdbhq.mp4,0.9884412884712219
ljbtqlsgot.mp4,0.9895312786102295
ljcjiehoav.mp4,0.9849123358726501
ljcjouvznz.mp4,0.22593356668949127
ljcuyukzpx.mp4,0.8678246140480042
ljdgxwuvia.mp4,0.7579323053359985
ljeapddvuv.mp4,0.9900000691413879
ljebxaetsk.mp4,0.9776328802108765
ljedchviiy.mp4,0.958846926689148
ljemyykxsk.mp4,0.9183681607246399
ljeqmqyttf.mp4,0.19037304818630219
ljfazrltza.mp4,0.9883131384849548
ljfwffhbvd.mp4,0.9239341616630554
ljieiulczn.mp4,0.9577584862709045
ljigonxihx.mp4,0.11388999968767166
ljjrqrpbce.mp4,0.2609575688838959
ljjuxvbukg.mp4,0.985156238079071
ljkojsckvg.mp4,0.32972973585128784
ljlxqiyvte.mp4,0.07610081136226654
ljmadvrlmn.mp4,0.9321926236152649
ljmfspasvu.mp4,0.7378078103065491
ljmxbqvidr.mp4,0.1716180294752121
ljmzirnrle.mp4,0.9570685625076294
ljnasyvolh.mp4,0.22994229197502136
ljnnrqdtrz.mp4,0.6574515104293823
ljnvnifucq.mp4,0.5039031505584717
ljnwojwbdg.mp4,0.9867078065872192
ljogstsxpg.mp4,0.9642165303230286
ljphqdpzkm.mp4,0.9892284274101257
ljqiywmozo.mp4,0.40242651104927063
ljqnljgqve.mp4,0.7673770785331726
ljqrqejspq.mp4,0.981911838054657
ljqrzsmnpi.mp4,0.9898209571838379
ljqzzlxhxl.mp4,0.907260537147522
ljreebbwgf.mp4,0.9900000691413879
ljrikjsgis.mp4,0.9728264808654785
ljrvqpoimu.mp4,0.9645654559135437
ljrwzoqzem.mp4,0.9883198142051697
ljszxvwlaw.mp4,0.666558027267456
ljundhkvsr.mp4,0.9852645397186279
ljvbqaxndc.mp4,0.923397958278656
ljwghjrlct.mp4,0.902423620223999
ljwrrtsfiw.mp4,0.9290138483047485
ljwsbxmern.mp4,0.18212305009365082
ljxdmlaanv.mp4,0.941359281539917
ljxktgthip.mp4,0.9430100321769714
ljybfmnvgr.mp4,0.9898637533187866
ljzdzfjjsg.mp4,0.3329547345638275
ljzgurlygl.mp4,0.6002205014228821
ljzlewlqyi.mp4,0.8306185603141785
lkakdxttlz.mp4,0.9029106497764587
lkaszujqxc.mp4,0.986125648021698
lkaxbcynpi.mp4,0.621114194393158
lkbctojbnt.mp4,0.9858629703521729
lkbfplmfja.mp4,0.31866422295570374
lkccgljibp.mp4,0.9160575866699219
lkccjgrvbf.mp4,0.4215103089809418
lkcqxdtpim.mp4,0.9820230007171631
lkcwxpxtpp.mp4,0.9685726165771484
lkdaxtzqiv.mp4,0.6496756672859192
lkdfnzxhqw.mp4,0.7658544182777405
lkdfyltnbu.mp4,0.9434109926223755
lkdtszjxxp.mp4,0.9093086123466492
lkgfvsarwj.mp4,0.9237123131752014
lkhcfjsizo.mp4,0.9777783751487732
lkhpizdcli.mp4,0.977035641670227
lkhszpabzv.mp4,0.987610399723053
lkieitnaom.mp4,0.9805280566215515
lkijspqnch.mp4,0.16156499087810516
lkisvnpeet.mp4,0.14584095776081085
lkjufnrktf.mp4,0.8956038355827332
lkjvhtckjs.mp4,0.9754363298416138
lkkandgvbi.mp4,0.8638819456100464
lkkfboheul.mp4,0.9771691560745239
lkkzcncavi.mp4,0.9577454924583435
lklceaasio.mp4,0.9737895131111145
lklifqzlrl.mp4,0.5243348479270935
lklkhtiqem.mp4,0.9883268475532532
lklswpdfig.mp4,0.9865634441375732
lknemxscab.mp4,0.8290196657180786
lknkofgefp.mp4,0.989083468914032
lknsotfwct.mp4,0.9756069183349609
lknxhkhejo.mp4,0.9655354619026184
lkoozjttqx.mp4,0.9791831970214844
lkqhtjxacz.mp4,0.9484366178512573
lkqjedijjt.mp4,0.17719154059886932
lkqlofrpql.mp4,0.986985445022583
lkqvfiskik.mp4,0.1281052529811859
lkrexbonsl.mp4,0.9692931771278381
lksonkxhck.mp4,0.8225130438804626
lktjvibixr.mp4,0.9899999499320984
lktmoybwqr.mp4,0.9729616045951843
lkudcemyto.mp4,0.11026571691036224
lkukldrsko.mp4,0.9299849271774292
lkvouattut.mp4,0.10130441933870316
lkvzmcszqx.mp4,0.9899184703826904
lkwbuvcgna.mp4,0.9485425353050232
lkwevjqgdb.mp4,0.9129140377044678
lkxlzjejzw.mp4,0.8510189652442932
lkyjryanyz.mp4,0.7493333220481873
lkypoiafbx.mp4,0.5050547122955322
lkyrcmahve.mp4,0.3015623688697815
lkzibqlfts.mp4,0.9836149215698242
lkzoxfepfz.mp4,0.11430506408214569
llasgshpnl.mp4,0.9498264193534851
llawldlgej.mp4,0.9824913144111633
llbgqzimao.mp4,0.9870079755783081
llbhwffeqx.mp4,0.9168650507926941
llbticqvai.mp4,0.9716628193855286
llddssknpw.mp4,0.9456437230110168
lldfiwvzgl.mp4,0.9881410598754883
lldgblyhak.mp4,0.443654328584671
lldgrgtmty.mp4,0.9825798869132996
lldncuzoxg.mp4,0.905886709690094
lldrkbdavb.mp4,0.13101999461650848
lldtnwojuj.mp4,0.6231175065040588
lldtrmyzbe.mp4,0.9897903203964233
lldzxbxswj.mp4,0.9850409030914307
llfxsyhvtn.mp4,0.19444864988327026
llgdmrgrcb.mp4,0.9492380023002625
llgoufhasn.mp4,0.9841397404670715
llhnspjegj.mp4,0.9857606887817383
llhqjvjyyy.mp4,0.8469231724739075
llhueupcmx.mp4,0.942267894744873
llisgnekde.mp4,0.9730075001716614
llitffcdsi.mp4,0.9893511533737183
llkhessplz.mp4,0.9897366166114807
llkiunqvzt.mp4,0.9437969923019409
llkwskavvg.mp4,0.9851143956184387
lllejofvot.mp4,0.9612855315208435
llmpbdycvp.mp4,0.9188460111618042
llmufuowed.mp4,0.4618794918060303
llmuylcuqq.mp4,0.9899998903274536
llotjejsex.mp4,0.705935537815094
llqbpoknjt.mp4,0.8472908735275269
llrbpmkrlr.mp4,0.7794223427772522
llrynzgwgs.mp4,0.8553830981254578
llskrpcrys.mp4,0.08493589609861374
lltnqnduyw.mp4,0.9040738344192505
lltplbrjta.mp4,0.8139911890029907
lluhifwguy.mp4,0.9718315005302429
lluxnneqnc.mp4,0.9813247919082642
llvboqgkhj.mp4,0.23754708468914032
llwjpzzrur.mp4,0.9822192192077637
llwwbktump.mp4,0.9739797115325928
llxchhpgxq.mp4,0.5859588980674744
llxfrytcrh.mp4,0.9868588447570801
llxjcyyxeh.mp4,0.9840999841690063
llyhxagnol.mp4,0.9518792033195496
llylpbwkdc.mp4,0.8307058215141296
llzxwswkms.mp4,0.20833124220371246
lmacjchowb.mp4,0.9885549545288086
lmacrzidyh.mp4,0.10149578005075455
lmalgwsflv.mp4,0.968127429485321
lmbvoxhowe.mp4,0.16021059453487396
lmccjyztbs.mp4,0.16999362409114838
lmccntashy.mp4,0.7380329370498657
lmcnonfhgz.mp4,0.8569538593292236
lmcohghnke.mp4,0.9645163416862488
lmczsiwqtw.mp4,0.939756453037262
lmdeveqyyh.mp4,0.9822293519973755
lmdllckith.mp4,0.1745709627866745
lmdpmvrbys.mp4,0.9808063507080078
lmdrgorezo.mp4,0.9899582266807556
lmfbeiysou.mp4,0.9895129203796387
lmfbgvaiyn.mp4,0.96685791015625
lmgdjtzwau.mp4,0.24294036626815796
lmibdzouid.mp4,0.4845661520957947
lmiozveicz.mp4,0.9769662618637085
lmjehchfap.mp4,0.9808169007301331
lmkrdscoug.mp4,0.9092332720756531
lmldctlbgo.mp4,0.919465184211731
lmlmmhqzee.mp4,0.9724915027618408
lmmasupdow.mp4,0.984819233417511
lmmbmagbza.mp4,0.955354630947113
lmmyibivqv.mp4,0.6720120310783386
lmmystjvhm.mp4,0.9769957661628723
lmohkvdrtn.mp4,0.6903901696205139
lmoldbnnwt.mp4,0.9871833920478821
lmpobwmsdd.mp4,0.9104806184768677
lmpxxuouon.mp4,0.7149900794029236
lmqjsakklt.mp4,0.9895228743553162
lmrgdusvgw.mp4,0.9888538122177124
lmtprngclw.mp4,0.9823046922683716
lmtswyedyz.mp4,0.9897608160972595
lmunrhcpac.mp4,0.17029762268066406
lmvfpvnkmr.mp4,0.15658698976039886
lmvtaezcev.mp4,0.9841083884239197
lmwsdpnvos.mp4,0.9688502550125122
lmwtsepkuj.mp4,0.21875602006912231
lmyaqrdaka.mp4,0.46677473187446594
lmyrbghnkp.mp4,0.9864485859870911
lmzbahfkji.mp4,0.9425908327102661
lnawdflpnw.mp4,0.8623316884040833
lnbdpjdsfs.mp4,0.9882107973098755
lncmjtftrg.mp4,0.9215130805969238
lndvgnppxi.mp4,0.6309491395950317
lnfllpdddc.mp4,0.9589316248893738
lngrrzshew.mp4,0.9900001287460327
lnhshsgucc.mp4,0.919226348400116
lnhuqdsoer.mp4,0.34309184551239014
lnieuaoklr.mp4,0.9523011445999146
lnifjturzc.mp4,0.1416754424571991
lnjbjftbgs.mp4,0.9783849120140076
lnjyovmfui.mp4,0.9899811148643494
lnlwbzgyql.mp4,0.9207190275192261
lnnmgxwqjg.mp4,0.8158954381942749
lnnmitdeze.mp4,0.980085015296936
lnomwfidpm.mp4,0.9522576332092285
lnonlukvbm.mp4,0.9833226799964905
lnpakizjpy.mp4,0.6961380839347839
lnpebujelv.mp4,0.9650444388389587
lnphlyflxn.mp4,0.8964534997940063
lnpryicgcu.mp4,0.9874789118766785
lnpznkerzw.mp4,0.9798667430877686
lnqbvwhxkl.mp4,0.14253394305706024
lnqscykrhg.mp4,0.9877969026565552
lnrfxdyfgt.mp4,0.9233237504959106
lnssmsljkd.mp4,0.7537975907325745
lnswibqjtc.mp4,0.9749545454978943
lnthydudcq.mp4,0.9878324866294861
lntzovectn.mp4,0.9861762523651123
lnuuobzsdt.mp4,0.9294602274894714
lnvhytfsia.mp4,0.2458936870098114
lnvsrnfdcf.mp4,0.9854635000228882
lnwckxbijl.mp4,0.5749650001525879
lnxamsukga.mp4,0.09437838196754456
lnxhgfjpuz.mp4,0.9897448420524597
lnxjomjyuk.mp4,0.9899999499320984
lnxkungfyu.mp4,0.9892635941505432
lnxzptjwxt.mp4,0.8258177638053894
lnynsvhhtq.mp4,0.7902072072029114
lnzizqodwj.mp4,0.07325994968414307
lnzqkoxomf.mp4,0.9270123839378357
loaaetvrwu.mp4,0.9900000095367432
lobucnofjd.mp4,0.11299076676368713
loceqbfjxb.mp4,0.9897609353065491
lochlndgsp.mp4,0.8685579299926758
lodawmsneu.mp4,0.958472490310669
lodqkqocot.mp4,0.9877185225486755
lodxsbqefu.mp4,0.8338080048561096
lofdvdkycg.mp4,0.9342820048332214
lofhhbaxrn.mp4,0.9899999499320984
lofoedbjlt.mp4,0.9873694777488708
lofyajpsll.mp4,0.9658898711204529
logfzpkxtk.mp4,0.9833494424819946
loghihbzck.mp4,0.9898325204849243
logricueuw.mp4,0.9005799293518066
logwqccgdg.mp4,0.6831363439559937
loidyglldp.mp4,0.9898778200149536
loijppwjze.mp4,0.9589452147483826
loivoqngeh.mp4,0.213972806930542
lojugsogpt.mp4,0.954198956489563
lokfxdpryi.mp4,0.9882573485374451
lokiqptivn.mp4,0.8675903677940369
lollkigjpp.mp4,0.8757220506668091
lolqyjohvw.mp4,0.9438285827636719
lomeciiboj.mp4,0.29143568873405457
lonsrnweor.mp4,0.21163809299468994
lonuxpyene.mp4,0.9829078316688538
looavyfvgu.mp4,0.21133999526500702
loohmqmvra.mp4,0.9900000095367432
looreydpcs.mp4,0.9868337512016296
lopbgtvlqi.mp4,0.4768027365207672
lopwqbglmi.mp4,0.14418740570545197
loqbobrwtm.mp4,0.9555822014808655
loqkacotyy.mp4,0.16813810169696808
loqkottbpd.mp4,0.985194742679596
loqogafgxo.mp4,0.7157718539237976
lorszcsxfi.mp4,0.6109001636505127
lorurfbryy.mp4,0.10547193884849548
losdmmgngh.mp4,0.17758774757385254
loterabbxs.mp4,0.9834893345832825
lotraeoaom.mp4,0.9812095761299133
loursvuiav.mp4,0.9898378849029541
louszkbzak.mp4,0.94865483045578
louzhesvcx.mp4,0.7619194388389587
lovaqzesxn.mp4,0.32779061794281006
lovkthgavz.mp4,0.9535276889801025
lovwvifwwo.mp4,0.8139148950576782
loxrvukpvg.mp4,0.9726754426956177
loynozokrn.mp4,0.8972952961921692
loyscbebcv.mp4,0.9899919629096985
lozsplzqrq.mp4,0.9852541089057922
lpajeafiqi.mp4,0.393937885761261
lparpftkpm.mp4,0.9082834720611572
lpbobaovmj.mp4,0.9643155932426453
lpckpmxeay.mp4,0.9899999499320984
lpckrjqvfn.mp4,0.9894203543663025
lpcqumwcia.mp4,0.9404174089431763
lpcztdljbq.mp4,0.9876395463943481
lpehcmqazm.mp4,0.9894359707832336
lpekkabdgx.mp4,0.9885610938072205
lpencintgp.mp4,0.9585468769073486
lpezdnkzwq.mp4,0.9619143605232239
lpfhotgggf.mp4,0.8045161366462708
lpfmqnxogg.mp4,0.3883998990058899
lpgbxpbbtg.mp4,0.9870315194129944
lpglyzsjtp.mp4,0.9883600473403931
lpgtkrtqdv.mp4,0.9872120022773743
lpitjxhwfv.mp4,0.9132982492446899
lpjsqvjmqj.mp4,0.3087159991264343
lpjusdgyqv.mp4,0.9738178253173828
lpkpqhrxup.mp4,0.9392806887626648
lpkrajwyvz.mp4,0.6934173107147217
lpkutxfoip.mp4,0.10866228491067886
lpmtqahqof.mp4,0.8870702385902405
lpoiokvljf.mp4,0.9749764204025269
lpomyqbodh.mp4,0.9898062348365784
lpougvmrue.mp4,0.9900000095367432
lpoyrzlnnd.mp4,0.8690565824508667
lppfywtrfb.mp4,0.984787106513977
lprejvwtsh.mp4,0.9667209386825562
lpshblgzyg.mp4,0.9732170701026917
lptyfynqif.mp4,0.12360627949237823
lptzfjybqg.mp4,0.9855813384056091
lpufpduswj.mp4,0.9891110062599182
lputgrtity.mp4,0.9624199867248535
lpuzzmqqnp.mp4,0.4400605857372284
lpvaxbampu.mp4,0.9859155416488647
lpvezonbvb.mp4,0.960235595703125
lpvsbfthxm.mp4,0.8505154848098755
lpwblbyqyc.mp4,0.9440994262695312
lpwcwgtgdx.mp4,0.9876044392585754
lpwhcfbwgs.mp4,0.3510761559009552
lpwuzhneuh.mp4,0.9900000095367432
lpxlcohyvb.mp4,0.1364089399576187
lpyipjjhad.mp4,0.23924259841442108
lpymgpaiup.mp4,0.062066495418548584
lpynxkaopd.mp4,0.7271518707275391
lpyzupzjjt.mp4,0.6261916756629944
lqadnfmexe.mp4,0.9601767063140869
lqbqkjlzma.mp4,0.9860133528709412
lqbulwtygp.mp4,0.973276674747467
lqbvhsvnni.mp4,0.9809120893478394
lqbyyrqlmv.mp4,0.9900001883506775
lqdojrijtz.mp4,0.6909608244895935
lqdtpjdrrw.mp4,0.9848218560218811
lqeocxkfmm.mp4,0.9812218546867371
lqeprskvea.mp4,0.4272405803203583
lqeucjhmmb.mp4,0.9821131229400635
lqfwjosrab.mp4,0.960238516330719
lqfywemubc.mp4,0.9890991449356079
lqicvgibpu.mp4,0.8364076614379883
lqieyfypdv.mp4,0.9829083681106567
lqijbuonqq.mp4,0.4309620261192322
lqijkhqtbr.mp4,0.9761105179786682
lqijupwllg.mp4,0.8476585149765015
lqiswzgheg.mp4,0.9884529113769531
lqjmtmtxep.mp4,0.9466848373413086
lqlcywxxqm.mp4,0.10215573012828827
lqlmshoabc.mp4,0.7193046808242798
lqlngaogej.mp4,0.9898375272750854
lqmbphbskn.mp4,0.9734243154525757
lqmbzyabot.mp4,0.9750995635986328
lqmhhvhekv.mp4,0.9900000095367432
lqndvflpdg.mp4,0.6834671497344971
lqouzrgsrv.mp4,0.9880421161651611
lqpitpmzmp.mp4,0.6510311961174011
lqqohgoenc.mp4,0.9662214517593384
lqsbgioxpu.mp4,0.9899620413780212
lqshbxmree.mp4,0.9895749688148499
lqsukukfyk.mp4,0.989594578742981
lqsvbnfnbp.mp4,0.98987877368927
lqszaqyduy.mp4,0.7557078003883362
lqtudpjxii.mp4,0.1871362030506134
lqufcavnda.mp4,0.9518301486968994
lqulpaourj.mp4,0.1526179015636444
lqvfubuvfz.mp4,0.9837769269943237
lqvfwpevcq.mp4,0.1539466232061386
lqwhxzdnjq.mp4,0.9888471364974976
lqxubptkea.mp4,0.9458546042442322
lqytlikxnm.mp4,0.9551719427108765
lqywpbeiwo.mp4,0.9689230918884277
lrakxrqwfc.mp4,0.9895257949829102
lramuybciv.mp4,0.9431529641151428
lraonebekp.mp4,0.8775249719619751
lravaasmwo.mp4,0.8802680373191833
lrawjvkdcc.mp4,0.5473949313163757
lrbiebobgp.mp4,0.12203557789325714
lrbqlvsplj.mp4,0.9613662958145142
lrbtezmmvk.mp4,0.9019278883934021
lrbxmjafxp.mp4,0.9138672947883606
lrcggjcmge.mp4,0.9714035391807556
lrckqkzekj.mp4,0.9560672044754028
lrcxjizbrw.mp4,0.9848577976226807
lrcxwerhwl.mp4,0.8995278477668762
lrdbknzelx.mp4,0.9762007594108582
lrdziwxgql.mp4,0.7638858556747437
lrectrbffn.mp4,0.9041768908500671
lrgeacuhsa.mp4,0.9637498259544373
lrgtofeomo.mp4,0.9899998903274536
lrhyxpbvwd.mp4,0.98929762840271
lribrvaxhc.mp4,0.942728579044342
lriddpcmuk.mp4,0.989671528339386
lrilesqlcm.mp4,0.9828453063964844
lrjsvobqwr.mp4,0.983331561088562
lrjwelfzyf.mp4,0.9692845940589905
lrkbomgkrm.mp4,0.9874555468559265
lrkjvocagr.mp4,0.9878600835800171
lrkmgiikqf.mp4,0.9449054002761841
lrlbofuacv.mp4,0.9576685428619385
lrlfhgddzm.mp4,0.9726263880729675
lrlvpyfppw.mp4,0.8758930563926697
lrnheiqgxn.mp4,0.9198290705680847
lrortfffem.mp4,0.9765740633010864
lrouxckewl.mp4,0.9834795594215393
lrqmrkrzmd.mp4,0.9866042733192444
lrrkaezbaf.mp4,0.9819114804267883
lrrlokmmuo.mp4,0.9157037734985352
lrrptmaseg.mp4,0.9455791115760803
lrsrvursst.mp4,0.9845373034477234
lrtksdxojh.mp4,0.9864161014556885
lrtnfxnapq.mp4,0.08131347596645355
lrtpvxhwrz.mp4,0.9700444936752319
lrtrklgmws.mp4,0.8966856002807617
lrvbsctjbm.mp4,0.8076920509338379
lrvmamsdoe.mp4,0.9847291111946106
lrwhdioasg.mp4,0.13299545645713806
lrxfnffqsf.mp4,0.9863739013671875
lrxgwogdet.mp4,0.9891745448112488
lrxogqqdng.mp4,0.987632691860199
lrxsznrmgy.mp4,0.9900000095367432
lrxvxvhvfu.mp4,0.16305150091648102
lryvorptpd.mp4,0.9820477366447449
lrzkfxxqfs.mp4,0.872508704662323
lrzycpajwe.mp4,0.7593926787376404
lrzywproql.mp4,0.8988075852394104
lrzyxhyplm.mp4,0.916678786277771
lsahqgzytb.mp4,0.21333615481853485
lsawgdkxzn.mp4,0.9882144927978516
lsawyhvjfy.mp4,0.9888852834701538
lsbohfmkgw.mp4,0.9802294373512268
lsbttztgcp.mp4,0.9801640510559082
lscnkcxfiw.mp4,0.7197921872138977
lsctfjcnil.mp4,0.950448215007782
lsczkczxxj.mp4,0.9759169220924377
lsddcneqwj.mp4,0.969227135181427
lsdgrdqlqe.mp4,0.9229845404624939
lsdwttuvdn.mp4,0.9832442998886108
lsdzbzurtu.mp4,0.9880797863006592
lseggaeaza.mp4,0.3205990791320801
lsekwptcdr.mp4,0.2897127568721771
lsfluuclyb.mp4,0.978646993637085
lsfrtmpubn.mp4,0.9900000095367432
lsfsintfky.mp4,0.9146538376808167
lsfsnohreg.mp4,0.8028137683868408
lsgaqurwin.mp4,0.9857138395309448
lsgsmosfbx.mp4,0.989586353302002
lshgrpfbts.mp4,0.9230389595031738
lshpxglsmy.mp4,0.9647466540336609
lshxvcdeku.mp4,0.08617201447486877
lsjscxkako.mp4,0.9899731278419495
lskulzrwue.mp4,0.9877327680587769
lslkefhabn.mp4,0.9900000691413879
lslnbgdras.mp4,0.9540757536888123
lsmcicxjwu.mp4,0.1784205138683319
lsmorxsvkw.mp4,0.5343881845474243
lsmzzyrwtr.mp4,0.7111861109733582
lsosnwjana.mp4,0.10282423347234726
lspcvuaorl.mp4,0.9887803196907043
lspczolmlc.mp4,0.643082320690155
lspyiradyt.mp4,0.9876779913902283
lsqbbbpppp.mp4,0.9900000095367432
lsrgoxurqy.mp4,0.7443114519119263
lsrrcctjxt.mp4,0.9791300892829895
lstejyjeky.mp4,0.9890543818473816
lstmbmzquj.mp4,0.9899613261222839
lstriernyw.mp4,0.9669796824455261
lsucpudnec.mp4,0.7586750388145447
lsuhmstevj.mp4,0.9473600387573242
lsvcshazxd.mp4,0.9896031618118286
lsvtaeyvqp.mp4,0.68598473072052
lsweehznwt.mp4,0.9861119985580444
lswtmnngaj.mp4,0.9702540040016174
lswulhmdxj.mp4,0.9580445885658264
lszsnqgacz.mp4,0.9646900296211243
ltadqzbppw.mp4,0.9792150259017944
ltcrtncbeu.mp4,0.9891435503959656
ltctfoayrn.mp4,0.9265982508659363
ltdbcslnoi.mp4,0.5039780139923096
ltdoleynhr.mp4,0.8855867385864258
ltdwtgrads.mp4,0.8737919330596924
ltelioyyzj.mp4,0.9687199592590332
ltgipmlojm.mp4,0.976208508014679
ltgrlpbgmu.mp4,0.9740539789199829
ltgxxquckx.mp4,0.9696738123893738
lthhnbvcyp.mp4,0.2099825143814087
lthqfvpfjj.mp4,0.9636033773422241
ltigamxmii.mp4,0.9572977423667908
ltioynuvwb.mp4,0.9870395660400391
ltjyyomzub.mp4,0.9487390518188477
ltkesswcyn.mp4,0.9894944429397583
ltkkntboeh.mp4,0.9627072811126709
ltksiyjnki.mp4,0.9893682599067688
ltkvpexvao.mp4,0.6145244240760803
ltlxavhhbf.mp4,0.9713605642318726
ltmkgkppwx.mp4,0.9815294742584229
ltmwfdmjlu.mp4,0.9899999499320984
ltmyfqjbpo.mp4,0.9524621963500977
ltncdlqzay.mp4,0.989917516708374
ltnceyxber.mp4,0.9840939044952393
ltnlxegeko.mp4,0.5868428945541382
ltnxymosza.mp4,0.9655430316925049
ltoacphegl.mp4,0.6396556496620178
ltozimnbny.mp4,0.988063633441925
ltpguvcqna.mp4,0.8651202917098999
ltpzhzneor.mp4,0.9899998903274536
ltqdtclsds.mp4,0.9593639969825745
ltqmtdmone.mp4,0.5654613971710205
ltqrvfmthj.mp4,0.9121195077896118
ltrcdtmwpo.mp4,0.9900001287460327
ltrfgcytlz.mp4,0.6202561855316162
ltrzlbdwal.mp4,0.8755423426628113
ltsfojqyrn.mp4,0.9811583757400513
ltsitblieu.mp4,0.9564014673233032
ltsnjlutyy.mp4,0.744581401348114
ltsypwqaeh.mp4,0.9842894077301025
lttacqrpvy.mp4,0.9900000095367432
ltttpemdhe.mp4,0.9751195907592773
ltuembwowc.mp4,0.981297492980957
ltvehaiyfv.mp4,0.9810052514076233
ltvsejcpzp.mp4,0.5506932735443115
ltwequjvae.mp4,0.9807512164115906
ltwhhsvjhy.mp4,0.9844406843185425
ltwofbmeuf.mp4,0.9827854037284851
ltxaihidlr.mp4,0.2683655619621277
ltxvpviytx.mp4,0.8499293327331543
ltyatdewoi.mp4,0.9894652962684631
ltyfcvoydf.mp4,0.7826475501060486
ltyscwokwa.mp4,0.9505866765975952
ltzsnoykde.mp4,0.04719896614551544
ltzvyxdjjt.mp4,0.9888717532157898
luagrfpkog.mp4,0.9858456254005432
luakfugxcq.mp4,0.9899999499320984
luayzhozhs.mp4,0.9796687364578247
lubdzwftbi.mp4,0.9020169377326965
lubvjblnvh.mp4,0.9832907319068909
lucoicwtri.mp4,0.9687767624855042
lucpbeexdk.mp4,0.4400957524776459
ludkyskjzw.mp4,0.9461445808410645
ludylolezl.mp4,0.9466228485107422
ludywggjtb.mp4,0.9099323749542236
lueanpvcqp.mp4,0.9414611458778381
lufafslqpv.mp4,0.974033534526825
lufpvtyklq.mp4,0.9826637506484985
lughxdkcli.mp4,0.6139000058174133
lugolhzrpe.mp4,0.9899998903274536
lugqekylbt.mp4,0.12615816295146942
luhlllcbij.mp4,0.11970698833465576
luhndqsljl.mp4,0.8341041803359985
luiawfiqea.mp4,0.9877625703811646
luisdnrumh.mp4,0.9889932870864868
luiyhqkgpc.mp4,0.9900000095367432
lujjudnqwk.mp4,0.8001095056533813
lukvrerksm.mp4,0.9560610055923462
lumcpnwgjb.mp4,0.9805057048797607
lumzlkyfye.mp4,0.968684732913971
lundobgccp.mp4,0.9851207733154297
lunwjklczu.mp4,0.9640429615974426
luobkqbspr.mp4,0.8475959300994873
luoibfmcye.mp4,0.786482036113739
luomuixnzz.mp4,0.13776519894599915
luqupwdngq.mp4,0.11233508586883545
luqxrtltek.mp4,0.5373623967170715
lurozpmsqd.mp4,0.7817912101745605
lurzcvfcww.mp4,0.986462414264679
lurzjlhdwy.mp4,0.9314885139465332
lusdfarzvf.mp4,0.8820759654045105
lutcpypbkp.mp4,0.6132254004478455
luubupzupe.mp4,0.10111618041992188
luuwykgpxq.mp4,0.9525414705276489
luvukpxgnv.mp4,0.9897505044937134
luvxqrqcze.mp4,0.6432020664215088
luwesgqxzv.mp4,0.9237002730369568
luwszblomo.mp4,0.7738656997680664
luwtycokmn.mp4,0.11553530395030975
luxltthory.mp4,0.9735569953918457
luyervyqfj.mp4,0.4236583411693573
luypwcyzsd.mp4,0.20377402007579803
luzftfpyec.mp4,0.9582207798957825
luzjnapcal.mp4,0.8852602243423462
luzjvuisxv.mp4,0.9588158130645752
luzschwsbi.mp4,0.9832243919372559
lvaaipiolj.mp4,0.8477010726928711
lvavrwmfdm.mp4,0.6187780499458313
lvbfcxtocs.mp4,0.8603466749191284
lvbyubftbz.mp4,0.9271888136863708
lvcufdxmwl.mp4,0.9689056277275085
lvdaclryee.mp4,0.8056263327598572
lvdeivpqur.mp4,0.6471450328826904
lvdiwaszay.mp4,0.9896900653839111
lvdvxolmnm.mp4,0.9290640354156494
lveilcmehg.mp4,0.23221126198768616
lveutffttk.mp4,0.9591718912124634
lvgxlibzrg.mp4,0.9057111144065857
lvhevthpee.mp4,0.7750263214111328
lvhjocwloj.mp4,0.9694892168045044
lvipqrzjgm.mp4,0.9864364862442017
lvitlonnqo.mp4,0.7855844497680664
lvjfppajlo.mp4,0.9887613654136658
lvjxvlhalr.mp4,0.9854507446289062
lvkgzquamd.mp4,0.950921356678009
lvkompzpun.mp4,0.957187831401825
lvkrtlbhww.mp4,0.9716986417770386
lvlbdnhqsa.mp4,0.9298279285430908
lvllxmgunk.mp4,0.9895884990692139
lvlvyoqmrw.mp4,0.9889530539512634
lvmthzdaiz.mp4,0.9886982440948486
lvnfhvbmuj.mp4,0.9844496846199036
lvpxhfsvir.mp4,0.062158193439245224
lvpxmvhosa.mp4,0.9777987003326416
lvqajmfheb.mp4,0.5880289077758789
lvqxtzsnhy.mp4,0.12345138192176819
lvqxwgavnu.mp4,0.8757920265197754
lvrhszyrlj.mp4,0.9533624053001404
lvrnoggfia.mp4,0.12595513463020325
lvrrehuflq.mp4,0.4754793345928192
lvrzbitwvw.mp4,0.18148522078990936
lvsqosyids.mp4,0.07916314154863358
lvsqztsvjo.mp4,0.9683505892753601
lvswcztxap.mp4,0.36630892753601074
lvtzefjson.mp4,0.9859353303909302
lvuqxnyqse.mp4,0.9647689461708069
lvvixvighu.mp4,0.5582888722419739
lvvpfgszfq.mp4,0.6390535831451416
lvvphmcuax.mp4,0.20274783670902252
lvwbwyaahs.mp4,0.8363603949546814
lvwwztyqxg.mp4,0.1266428828239441
lvxhdzpwex.mp4,0.9343408942222595
lvxprirwmn.mp4,0.1567571610212326
lvxzjwiklq.mp4,0.6410449147224426
lwaatqeuxv.mp4,0.9024491906166077
lwbmaqzgaw.mp4,0.949317991733551
lwehidsvhx.mp4,0.9670884013175964
lwejqrhbsb.mp4,0.3803021013736725
lwezffnmxh.mp4,0.9743701815605164
lwfpcqtsjb.mp4,0.7461403012275696
lwgwmeaydr.mp4,0.9899823069572449
lwhbjsczbi.mp4,0.9658980369567871
lwimtzjtgb.mp4,0.9840808510780334
lwipjlyaov.mp4,0.9412499666213989
lwjwohhsmw.mp4,0.6122334003448486
lwkmbpwukb.mp4,0.985650897026062
lwkviokzub.mp4,0.8785199522972107
lwkwvfmmxv.mp4,0.9838157296180725
lwlppyyhyt.mp4,0.14301860332489014
lwlspugubo.mp4,0.9840084910392761
lwmbepxbgs.mp4,0.8705002665519714
lwmfcesuht.mp4,0.9059026837348938
lwmgdowwhc.mp4,0.9895037412643433
lwmliuhzmf.mp4,0.9349579215049744
lwmqlzeyat.mp4,0.8693335056304932
lwnkbqxrdb.mp4,0.1300613135099411
lwoopmypnr.mp4,0.9640603065490723
lwoxicjdyc.mp4,0.8829753994941711
lwqctvhygm.mp4,0.9394180178642273
lwqkwwtmaw.mp4,0.9709098935127258
lwqmfcsjvp.mp4,0.9862557053565979
lwrcvyijvr.mp4,0.9209011793136597
lwshsanvtw.mp4,0.9876809120178223
lwsidhquyg.mp4,0.9854364395141602
lwskydnwaj.mp4,0.9832861423492432
lwstolipcm.mp4,0.9706813097000122
lwtdthvvsf.mp4,0.9900000095367432
lwuwxmruhp.mp4,0.24784161150455475
lwvlenifrf.mp4,0.15520839393138885
lwvmrhugjh.mp4,0.9837573766708374
lwvpaqzjux.mp4,0.8829653263092041
lwvuqhkimy.mp4,0.9649311900138855
lwxmbnfrdy.mp4,0.9693010449409485
lwxnusafzk.mp4,0.8514483571052551
lwxxmollbr.mp4,0.3540499210357666
lwymdxklxn.mp4,0.27991992235183716
lwzkzhqikl.mp4,0.3489078879356384
lxadgjqzbf.mp4,0.8888872265815735
lxblwmfkzj.mp4,0.9034451246261597
lxcaipnidg.mp4,0.9900000095367432
lxcasrljsq.mp4,0.9850200414657593
lxcwvpqarc.mp4,0.9710012674331665
lxcxwsvrsn.mp4,0.9899999499320984
lxdkaxsbra.mp4,0.8034561276435852
lxdkuhmocd.mp4,0.155686616897583
lxdloiaafo.mp4,0.09622402489185333
lxefrgcpsc.mp4,0.9642102122306824
lxekhqziuc.mp4,0.9309552311897278
lxeqbyddvt.mp4,0.13489247858524323
lxfrssijva.mp4,0.9540014266967773
lxhhpbkpkb.mp4,0.9649346470832825
lxhilbhxmz.mp4,0.9849100112915039
lxihbksbtm.mp4,0.7948638796806335
lxijdfvshc.mp4,0.15179957449436188
lxiqduoesh.mp4,0.8088282346725464
lxixtcrfrg.mp4,0.06224578246474266
lxjlesktnz.mp4,0.8771977424621582
lxjqvxemcy.mp4,0.080385223031044
lxjvdkhxwb.mp4,0.3053607940673828
lxkhmsqvoz.mp4,0.659078061580658
lxndsasqrl.mp4,0.9888968467712402
lxnpwpztqi.mp4,0.9582953453063965
lxnsgwpylz.mp4,0.2422035187482834
lxodqgtjbz.mp4,0.9421989917755127
lxoqnnvomh.mp4,0.98991858959198
lxpjxggnqw.mp4,0.9897679686546326
lxqoazkxjy.mp4,0.9784145355224609
lxqqjutqiz.mp4,0.8022514581680298
lxqtfoopqi.mp4,0.8848563432693481
lxrjqnyvsc.mp4,0.9021815657615662
lxrrxgzbvw.mp4,0.8925352096557617
lxueluejmz.mp4,0.5231523513793945
lxulljntfn.mp4,0.13975393772125244
lxuotrcwjo.mp4,0.9897046089172363
lxvdbjndkc.mp4,0.9865968227386475
lxvfkzgjyt.mp4,0.9881941080093384
lxvfuemoyh.mp4,0.9662004709243774
lxvghiuihp.mp4,0.9692023992538452
lxvlyrphod.mp4,0.9828410148620605
lxwjpkbxug.mp4,0.9891027808189392
lxwvmoeaqd.mp4,0.9841539859771729
lxwxleiptt.mp4,0.9780027866363525
lxxtfbrila.mp4,0.1658332496881485
lxxuolvfng.mp4,0.98891681432724
lxyckdarwa.mp4,0.2787688374519348
lxygxxfhuj.mp4,0.9856926798820496
lxyhxgfukg.mp4,0.9742950201034546
lxynqoviyi.mp4,0.9734556078910828
lxynzlevlk.mp4,0.984490156173706
lxzdyejrvs.mp4,0.4352555274963379
lyaqgyaxnm.mp4,0.975109338760376
lybpliopfg.mp4,0.9321088790893555
lyclddlnnr.mp4,0.9897610545158386
lycylumvbt.mp4,0.19087091088294983
lydscrmisv.mp4,0.9290996193885803
lyduwpljfb.mp4,0.9472675919532776
lyeroixpiu.mp4,0.9174759984016418
lyfqsbnzuw.mp4,0.9881139993667603
lyfzzwoewp.mp4,0.7222541570663452
lyhvgwbphy.mp4,0.7797874212265015
lyhzuujwvp.mp4,0.9215714335441589
lyidgjejam.mp4,0.989507794380188
lyinrqlzyj.mp4,0.9883532524108887
lyiwrgqipo.mp4,0.7879705429077148
lyjbrubuxc.mp4,0.9256995916366577
lyjqayxdyh.mp4,0.9799755215644836
lyjxdyybtj.mp4,0.9023783206939697
lykxmmmlwl.mp4,0.9899930357933044
lymbbethwo.mp4,0.9693920016288757
lymgawkqzw.mp4,0.9899999499320984
lymrhwqqyw.mp4,0.38288402557373047
lymvhkwswt.mp4,0.9884410500526428
lynaeydofd.mp4,0.12810590863227844
lynmkbmcja.mp4,0.9861606359481812
lynpsduasp.mp4,0.9099596738815308
lynxjxlcsl.mp4,0.9772276282310486
lyoglramoo.mp4,0.9898756742477417
lyoxmnawto.mp4,0.5524488687515259
lypshjumqf.mp4,0.9831655621528625
lyqpprxqbc.mp4,0.7115036845207214
lyrkhmyebn.mp4,0.9858739376068115
lysajzwqvt.mp4,0.8272348046302795
lyslyzohgo.mp4,0.9880821704864502
lyssuagqrc.mp4,0.23561841249465942
lyszqobfkc.mp4,0.8772918581962585
lytqqhwvlv.mp4,0.9875036478042603
lytrlcaget.mp4,0.9857273101806641
lyuevomvnr.mp4,0.9277586936950684
lyuguwqdjb.mp4,0.9899998903274536
lyuzrrrafd.mp4,0.9900000691413879
lyvegkgwxp.mp4,0.8076568841934204
lywobhfyyf.mp4,0.9060798287391663
lyxfcmrrln.mp4,0.6984091401100159
lzcljabohp.mp4,0.8712459206581116
lzcppvqomf.mp4,0.9692412614822388
lzdtgzczma.mp4,0.9734775424003601
lzeflzdetb.mp4,0.9688133597373962
lzeyelsztu.mp4,0.9344050884246826
lzfxzqbraf.mp4,0.6903337836265564
lzgpnzsilk.mp4,0.9334943294525146
lzgvdgtdhq.mp4,0.1783871352672577
lzhoufnofj.mp4,0.9166859984397888
lzhtqpymsc.mp4,0.9898691177368164
lziqzcienv.mp4,0.9718767404556274
lzjsxpefxl.mp4,0.9899951219558716
lzjuhvzokl.mp4,0.6626124978065491
lzkgojjcvp.mp4,0.9746367931365967
lzkqfypidy.mp4,0.5
lzluicndko.mp4,0.985653281211853
lzmgccnqjb.mp4,0.9694584608078003
lzmxqxrruv.mp4,0.5157548785209656
lznejdjqmg.mp4,0.9899997711181641
lznjfuglra.mp4,0.9887384176254272
lzntdxykfg.mp4,0.9780482053756714
lzojztuvud.mp4,0.9617146253585815
lzpguvmvus.mp4,0.10180182009935379
lzphmdzbsy.mp4,0.8418128490447998
lzpqwdpkjm.mp4,0.988091230392456
lzqwiiozmg.mp4,0.9391700625419617
lzrozaxqci.mp4,0.9717470407485962
lzryzpiyxo.mp4,0.7635549306869507
lztlvstdyz.mp4,0.9579248428344727
lzvjbbmjve.mp4,0.9819868206977844
lzvkaltkfz.mp4,0.928626537322998
lzvzidxgpp.mp4,0.9839674830436707
lzxdvgrvzu.mp4,0.948964536190033
lzxzceimmq.mp4,0.3230821490287781
lzywjpktju.mp4,0.9771040678024292
lzzeeyguyt.mp4,0.9896335005760193
lzzpsosige.mp4,0.38297152519226074
lzzqbqakel.mp4,0.15899287164211273
lzzrbnphlh.mp4,0.9759643077850342
lzzrzfcwiy.mp4,0.9859495162963867
maaltmrbpq.mp4,0.9808170199394226
maapzmcfql.mp4,0.6551814079284668
maargttira.mp4,0.8985795974731445
maarmjyizg.mp4,0.9654765725135803
maaxznykzy.mp4,0.40532657504081726
mabyqmpwbc.mp4,0.08960288763046265
madvyqeaeh.mp4,0.6698539853096008
maezcimfkx.mp4,0.8328214287757874
mafctkiedz.mp4,0.5972956418991089
mafqmcwarm.mp4,0.9885226488113403
mafvibesfg.mp4,0.7832410335540771
mafwwatqke.mp4,0.9489760994911194
magmhtikgy.mp4,0.9411013722419739
magolkahuw.mp4,0.9759635925292969
magxfozkhj.mp4,0.9890250563621521
mahwxuquqj.mp4,0.9338680505752563
maiarumojd.mp4,0.9552146792411804
majfemmfzq.mp4,0.6930814981460571
majrkoxvsu.mp4,0.9867088794708252
makbkfzgvg.mp4,0.9863839149475098
makuarkrwh.mp4,0.9402690529823303
malqhfthee.mp4,0.9895594716072083
malxqfzpfi.mp4,0.9209976196289062
mamcqrzxhh.mp4,0.4073776304721832
mamkiovkrs.mp4,0.9734909534454346
manhezizaf.mp4,0.989901602268219
mannqzezgw.mp4,0.9885915517807007
manqchicur.mp4,0.13075420260429382
mapvprdoni.mp4,0.9666823148727417
maqfrnkidt.mp4,0.8399182558059692
maqgedtnrq.mp4,0.20234829187393188
maqyydnrgm.mp4,0.9899999499320984
marnfroybi.mp4,0.9469208121299744
marofgqhrv.mp4,0.9786598682403564
masczbqcsi.mp4,0.7383899092674255
masfbyrtxd.mp4,0.9467514753341675
mashwfjsvs.mp4,0.975027859210968
matfmojqpk.mp4,0.9783095717430115
matfoqygky.mp4,0.07255770266056061
matubxtxvo.mp4,0.10385337471961975
mauhbkpwoa.mp4,0.45203301310539246
mavskbxnos.mp4,0.896916389465332
maxetxjqhl.mp4,0.15517212450504303
maxjdmaaax.mp4,0.34931954741477966
mazmrfplfz.mp4,0.1942811906337738
mazxonwbog.mp4,0.9616538286209106
mazzqigsxx.mp4,0.8095325231552124
mbajtdoxpn.mp4,0.9899999499320984
mbaxrknkyh.mp4,0.4282093644142151
mbbernvvou.mp4,0.8973312973976135
mbcbtccvaq.mp4,0.12806887924671173
mbcmbmicce.mp4,0.8828783631324768
mbdzvgovnd.mp4,0.1997559368610382
mbeqxhliks.mp4,0.9345216751098633
mbfgewpect.mp4,0.8655413389205933
mbfhzooobz.mp4,0.8600383400917053
mbgmcayehc.mp4,0.9557362794876099
mbifxgtsre.mp4,0.9075611233711243
mbiipgpfww.mp4,0.9479536414146423
mbikhfrglf.mp4,0.7779781818389893
mbisftbzgx.mp4,0.7580677270889282
mbivttemgp.mp4,0.9899629354476929
mbjfuxyfmj.mp4,0.7622893452644348
mbjpaydogy.mp4,0.9742456078529358
mbkgcmpihi.mp4,0.929901659488678
mbkhcoezpn.mp4,0.8931758999824524
mblcxibhkp.mp4,0.9128196239471436
mbloubdhcs.mp4,0.9627522826194763
mbmpgexazm.mp4,0.9849597215652466
mbmpsrxtkq.mp4,0.9380490183830261
mbmruhrpfd.mp4,0.9736452102661133
mbnifniery.mp4,0.6451217532157898
mbnvlpwewk.mp4,0.967318594455719
mbolmhhuse.mp4,0.937492311000824
mbopvzlqyb.mp4,0.9868280291557312
mborrudvjx.mp4,0.9900001883506775
mbpbbekqks.mp4,0.46996042132377625
mbpnlnjgrz.mp4,0.9744764566421509
mbpvfxtnww.mp4,0.9836252331733704
mbqukzfzcs.mp4,0.9836612939834595
mbrdmflclz.mp4,0.9899668097496033
mbrjpyipua.mp4,0.10177252441644669
mbrnowangw.mp4,0.9886279702186584
mbucjikddn.mp4,0.9723703861236572
mbvhkvabku.mp4,0.9898825287818909
mbvtbvyvob.mp4,0.9848884344100952
mbwmerbjap.mp4,0.9801801443099976
mbwuugptrf.mp4,0.9875304102897644
mbxstccvyq.mp4,0.9896965026855469
mbyhuxozip.mp4,0.9698728919029236
mbyknmzzzb.mp4,0.9606858491897583
mbyuyxhfqb.mp4,0.9403645396232605
mbyyzbfpaz.mp4,0.7267934083938599
mbzlzphbuq.mp4,0.9552809596061707
mbzrmeoiiv.mp4,0.9098314642906189
mcbxmatatt.mp4,0.9790769219398499
mcbxztarfp.mp4,0.9730034470558167
mccibfjkqx.mp4,0.9620091915130615
mcdgaxfego.mp4,0.9900001287460327
mcegchbskv.mp4,0.8776630163192749
mceglujidl.mp4,0.10699514299631119
mcehiufkaw.mp4,0.6760790348052979
mcehvkoidm.mp4,0.8731260895729065
mceildthyn.mp4,0.6162741780281067
mcejionblb.mp4,0.973552942276001
mcesaopunn.mp4,0.791353166103363
mcfcafmidh.mp4,0.9859293699264526
mcfladdkju.mp4,0.6404963731765747
mcfrlyyvaf.mp4,0.9881674647331238
mcftsjflpr.mp4,0.9825655221939087
mchkzqiixt.mp4,0.9882842898368835
mcifgcboxx.mp4,0.9820778965950012
mcjmhovlmd.mp4,0.30920910835266113
mcjnnywohl.mp4,0.17363516986370087
mcjopjucos.mp4,0.9898432493209839
mckwsnrrfq.mp4,0.9793733358383179
mcmauxcfay.mp4,0.9527512192726135
mcmoofxuih.mp4,0.9884577989578247
mcmqorlbgb.mp4,0.9858137965202332
mcnneodlyv.mp4,0.3621569275856018
mcnorrmmoa.mp4,0.8697223663330078
mcoqcnxqha.mp4,0.9816824793815613
mcovnjmuiu.mp4,0.8622713088989258
mcphfpzhoh.mp4,0.9637649059295654
mcpqhcqquk.mp4,0.9402375221252441
mcqdwaylas.mp4,0.8444312810897827
mcqimtbsmw.mp4,0.9900000095367432
mcqirmwljn.mp4,0.7238092422485352
mcqpqcrqtq.mp4,0.9761828184127808
mcrbqeubzs.mp4,0.989484965801239
mcrvdrzxzi.mp4,0.7337718605995178
mcsatqbvfc.mp4,0.8964427709579468
mcscsgskza.mp4,0.9650733470916748
mcsnlwbdzj.mp4,0.9291280508041382
mcsthrmykz.mp4,0.7857069969177246
mcucmgtilu.mp4,0.9622581601142883
mcuqldaimy.mp4,0.9636000394821167
mcuuejgamc.mp4,0.12102661281824112
mcuuggsqcr.mp4,0.15412093698978424
mcuzdzgcyj.mp4,0.9731120467185974
mcvcykszik.mp4,0.9869638085365295
mcvjroxtlf.mp4,0.9731788635253906
mcvywyrdek.mp4,0.9275243878364563
mcwrfmujuv.mp4,0.4421408176422119
mcxhedikzn.mp4,0.9488316774368286
mcygtlfbuc.mp4,0.9659759402275085
mczlxyhthe.mp4,0.9863036870956421
mdajfjzfjg.mp4,0.970714271068573
mdaqgqlflw.mp4,0.9788414239883423
mdboifpakl.mp4,0.9870600700378418
mdbszcqwko.mp4,0.5233442783355713
mdclawykfg.mp4,0.9353091716766357
mdczhdenwb.mp4,0.7870724201202393
mddmzafdxt.mp4,0.9804461598396301
mddpwkvfcv.mp4,0.9891725778579712
mddvihgskg.mp4,0.9528695344924927
mdeatksqex.mp4,0.8998144865036011
mdeuxouswx.mp4,0.9900001287460327
mdezaahvyt.mp4,0.23877979815006256
mdftufihjk.mp4,0.8965221643447876
mdgmvbgsdu.mp4,0.9895926117897034
mdhnlfcbqr.mp4,0.16805286705493927
mdkpffksty.mp4,0.9579858183860779
mdkqmouddq.mp4,0.5060308575630188
mdlxsqgnxc.mp4,0.9120575785636902
mdlyqcsdkb.mp4,0.7000327110290527
mdnsekdbta.mp4,0.9273620247840881
mdomrngqic.mp4,0.9622974991798401
mdoovomndl.mp4,0.12094669789075851
mdpmbwutiv.mp4,0.948863685131073
mdpsvdjfrh.mp4,0.9834083318710327
mdpyllcmrj.mp4,0.22481034696102142
mdqcqdzlhw.mp4,0.9674944281578064
mdqsmabykq.mp4,0.9532766342163086
mdrtwiltam.mp4,0.9900000691413879
mdsmgzaltc.mp4,0.31085196137428284
mdszltopjc.mp4,0.9442229866981506
mdtgousjad.mp4,0.10853873938322067
mdtjdusycf.mp4,0.5300002694129944
mdumndhqdu.mp4,0.9508272409439087
mdvcwapetj.mp4,0.19295425713062286
mdvdqvaijm.mp4,0.5
mdvxfisypb.mp4,0.46746090054512024
mdwdabtaxv.mp4,0.9318391680717468
mdwtpvlbrz.mp4,0.4005706012248993
mdxhizdryw.mp4,0.989635705947876
mdyjlhxbqw.mp4,0.9846664667129517
mdytvhrkjd.mp4,0.9150838851928711
mdzgrtnykj.mp4,0.7805107235908508
mdziujitvx.mp4,0.9798702597618103
mdzpmqyjpx.mp4,0.7073745131492615
mdzupjvdwr.mp4,0.9315763711929321
mdzvpgcxxb.mp4,0.9900000095367432
meaipafdql.mp4,0.1398705095052719
meaofsannn.mp4,0.2998700737953186
meatgdbndy.mp4,0.9513065814971924
meayummqkj.mp4,0.96843421459198
mebegnsprb.mp4,0.9787312746047974
mebtakxqbg.mp4,0.9896914958953857
mecrgujypj.mp4,0.9887635111808777
meddqufcwh.mp4,0.9895573854446411
medjwfkvbk.mp4,0.7021371126174927
medonqrohb.mp4,0.9503262042999268
mefzlyckro.mp4,0.1765630841255188
megsljjxmz.mp4,0.9801990985870361
megxbkujzz.mp4,0.5258548855781555
meholjmdfv.mp4,0.9841947555541992
meieazsnau.mp4,0.9900000691413879
mejgvrwhyg.mp4,0.8804100155830383
mejxwrvpiu.mp4,0.9405052661895752
mekideagof.mp4,0.8264120817184448
mekkncnxfi.mp4,0.185310959815979
memnxlijxy.mp4,0.9849061369895935
memtktjttw.mp4,0.2116580605506897
menlikjesp.mp4,0.982695460319519
mepduxezyg.mp4,0.9062234163284302
mepquopvko.mp4,0.22971998155117035
mervwbgmlw.mp4,0.8853447437286377
mesuqccbha.mp4,0.8610049486160278
mevhczxakl.mp4,0.639295756816864
mevjrqwfwm.mp4,0.9376183152198792
mevlgwjaew.mp4,0.9882031083106995
mevliovheo.mp4,0.8897362351417542
mewbjpaoke.mp4,0.8756133317947388
mewglgiqqi.mp4,0.962982714176178
mexhfpqdlf.mp4,0.8355024456977844
mexhppnbna.mp4,0.9362359642982483
mexwrnhhyo.mp4,0.6784403324127197
meymsnbryl.mp4,0.9577530026435852
meyooznyso.mp4,0.9875085949897766
mezipblicc.mp4,0.9900000095367432
mezufhyhtr.mp4,0.9650075435638428
mfarnviwjb.mp4,0.9025672078132629
mfblutnplz.mp4,0.9877549409866333
mfbpacleqo.mp4,0.9606656432151794
mfbtblomej.mp4,0.9804987907409668
mfcbgbcuvb.mp4,0.11676976084709167
mfcfhhxzif.mp4,0.26320335268974304
mfchwiwczp.mp4,0.7562344670295715
mfcsiztcyz.mp4,0.10565242916345596
mfcvohnhjt.mp4,0.9645787477493286
mfcyfdmoet.mp4,0.9744963049888611
mfdxipttco.mp4,0.9883606433868408
mfehmurezk.mp4,0.9789051413536072
mffatqcrhl.mp4,0.959959089756012
mffbrshfnj.mp4,0.876600980758667
mffjwgmdlw.mp4,0.9529229998588562
mffyuwgjoq.mp4,0.9246571660041809
mfggxwxyai.mp4,0.9855514764785767
mfgqkpubzs.mp4,0.916488528251648
mfhfpghyso.mp4,0.9577551484107971
mfhghyjnzy.mp4,0.7489177584648132
mfhilfgqgq.mp4,0.28756222128868103
mfijnuuerm.mp4,0.8461215496063232
mfinknmtew.mp4,0.6928744316101074
mfjdatqvgg.mp4,0.2058940827846527
mflgpxxywb.mp4,0.7364818453788757
mfltshiqny.mp4,0.9855676889419556
mflzbhmygn.mp4,0.0679527148604393
mfmdiclwce.mp4,0.966372549533844
mfmlmaeobo.mp4,0.9796498417854309
mfmqgcyrhu.mp4,0.9860792756080627
mfmtfifvro.mp4,0.16357409954071045
mfnkfyedro.mp4,0.9856346845626831
mfnmplfesw.mp4,0.9892709851264954
mfnwfnxdep.mp4,0.5
mfofuymolr.mp4,0.41985365748405457
mfphjimfnv.mp4,0.8904815912246704
mfpzwetcyv.mp4,0.16299381852149963
mfrxdjwlwh.mp4,0.7262871265411377
mfsoouplpq.mp4,0.861833930015564
mfsrobtjmn.mp4,0.8958819508552551
mfsvnuglii.mp4,0.07848629355430603
mftoqnedyj.mp4,0.7107202410697937
mftwrjybnb.mp4,0.9654442071914673
mfutbbpzur.mp4,0.9852891564369202
mfuuhsfaxp.mp4,0.9548464417457581
mfuvenipvo.mp4,0.3548412322998047
mfwbktpefb.mp4,0.9865186810493469
mfwmrzpobr.mp4,0.930696964263916
mfwtraepgl.mp4,0.8405656218528748
mfyztaevmh.mp4,0.8996432423591614
mfzesrmqbh.mp4,0.9497659802436829
mgahaaogif.mp4,0.9721522331237793
mgamahbmhe.mp4,0.6402683854103088
mganwomkeh.mp4,0.9451836943626404
mgapgfdmqg.mp4,0.9153756499290466
mgazriljmm.mp4,0.9850198030471802
mgbifuzkjl.mp4,0.9509139060974121
mgdnyxspbs.mp4,0.830419659614563
mgelghvdvv.mp4,0.9899998903274536
mgfagsfczg.mp4,0.989321231842041
mgfxummjtg.mp4,0.9860791563987732
mggekzzbrg.mp4,0.989036500453949
mggeokkrme.mp4,0.5852536559104919
mggsjmcobq.mp4,0.9714044332504272
mggyzqwagn.mp4,0.9877871870994568
mghkhofalh.mp4,0.9890719056129456
mghlaegzxy.mp4,0.9786199331283569
mghmzqouwk.mp4,0.9876319766044617
mghspxtpac.mp4,0.286182165145874
mgidsfaxnv.mp4,0.12821394205093384
mgijshtnhc.mp4,0.9862871170043945
mgintdeaii.mp4,0.3771009147167206
mgiqwuqfmr.mp4,0.9897267818450928
mgjqztjkrz.mp4,0.24359020590782166
mgjswiuvkt.mp4,0.8967655301094055
mglljtqonk.mp4,0.989084780216217
mgmbvcbpmn.mp4,0.8147874474525452
mgmdckoswf.mp4,0.9881628751754761
mgmlvymvvf.mp4,0.9000260233879089
mgmtbzdkgz.mp4,0.6275489926338196
mgmwvsrtvu.mp4,0.7677244544029236
mgnxkvyoer.mp4,0.837207019329071
mgoknnjaer.mp4,0.9802294373512268
mgppxfqtvs.mp4,0.9889189004898071
mgpwwfhrxj.mp4,0.9165250062942505
mgpyzkzswg.mp4,0.977960467338562
mgqsbsgfzn.mp4,0.6970793008804321
mgttaigwue.mp4,0.9711588621139526
mguipgxjkk.mp4,0.9675317406654358
mguvbpjjwd.mp4,0.985548198223114
mguyxtcrlv.mp4,0.954168438911438
mgvexgxjsi.mp4,0.9852868318557739
mgwbncyafe.mp4,0.9804176688194275
mgwtoqonaf.mp4,0.590789794921875
mgwuocuold.mp4,0.9319921731948853
mgxbugmyre.mp4,0.5808009505271912
mgxdtegobh.mp4,0.842272162437439
mgxkzuxhdh.mp4,0.9899687170982361
mgyyyryhbf.mp4,0.11096332222223282
mgzozupgiz.mp4,0.9870887398719788
mgztuebtqi.mp4,0.9840648770332336
mhaflpleny.mp4,0.0929027795791626
mhajtqnzip.mp4,0.6508969068527222
mhbmzupnrn.mp4,0.08206034451723099
mhcclzkgxn.mp4,0.8348314762115479
mhcdzjgaak.mp4,0.7738814353942871
mhcvugfhjv.mp4,0.9766334295272827
mhczfnggdu.mp4,0.9896247982978821
mhedfkvapx.mp4,0.9697352051734924
mheyevxpbk.mp4,0.23789379000663757
mhfnldxixw.mp4,0.1391536444425583
mhfuzkzsos.mp4,0.7913813591003418
mhgoafjfwq.mp4,0.9755640625953674
mhgyqcjtpn.mp4,0.196769118309021
mhhfoyzxyb.mp4,0.833859384059906
mhhpbifneh.mp4,0.9896371364593506
mhjbunqoch.mp4,0.9542115926742554
mhjmklcowm.mp4,0.9853103756904602
mhkqwlfujs.mp4,0.9835114479064941
mhllqixqud.mp4,0.9881419539451599
mhlrkzbydm.mp4,0.9844561219215393
mhmxkxmmfm.mp4,0.9801023006439209
mhorrhfkiy.mp4,0.9597173929214478
mhowsshwzo.mp4,0.5084236264228821
mhpfornvnc.mp4,0.9514508247375488
mhplyirnlu.mp4,0.8890600800514221
mhpmnbhyvk.mp4,0.18066562712192535
mhpufkzvbw.mp4,0.9749736189842224
mhrayxalse.mp4,0.092910036444664
mhrqokvzmx.mp4,0.393636554479599
mhrsezuwcd.mp4,0.9810512661933899
mhshpurlet.mp4,0.7296926379203796
mhstgsafny.mp4,0.9870643019676208
mhthibxczx.mp4,0.9402967095375061
mhtohpkfxk.mp4,0.9030587077140808
mhvebxvhsx.mp4,0.7923163175582886
mhvoastzmn.mp4,0.6086644530296326
mhwhznaley.mp4,0.4795287251472473
mhwjvpynya.mp4,0.9640874862670898
mhxghkwqff.mp4,0.6286540031433105
mhxkecpxhh.mp4,0.9715772271156311
mhxqbhgxgr.mp4,0.9197098016738892
mhyfqyhblt.mp4,0.7363723516464233
mhyujzhybb.mp4,0.9616121649742126
mhzclfcbix.mp4,0.9567745923995972
miaobjhtgg.mp4,0.9625536203384399
mibbivalty.mp4,0.9178228378295898
micgiwtqbw.mp4,0.9846868515014648
micnvcnjjo.mp4,0.9791226387023926
micogytjfe.mp4,0.34728696942329407
miffezeisy.mp4,0.9840691685676575
mifkehwwyz.mp4,0.7795571684837341
migbhnuwfd.mp4,0.9574224352836609
migerlence.mp4,0.9181890487670898
mihpigaiiz.mp4,0.9514488577842712
miiymgajty.mp4,0.7825307846069336
miizliwvzp.mp4,0.9324960708618164
mijhxkvqjp.mp4,0.2030315101146698
mikekwwjlf.mp4,0.9376606345176697
mikfurszuu.mp4,0.9880907535552979
mikknnpbfw.mp4,0.8905901908874512
mikpzgbgss.mp4,0.3074076473712921
mikzhzibzk.mp4,0.9877449870109558
milbyxizqu.mp4,0.5458633899688721
mildxwcoen.mp4,0.11862415075302124
milfleydfa.mp4,0.6654090285301208
mimbqeyuel.mp4,0.9562394618988037
mimirmzpfa.mp4,0.9349005818367004
mimlmhrluv.mp4,0.9797598719596863
mimypeuhfs.mp4,0.9623143672943115
minqtfpttp.mp4,0.6690375804901123
mioqwrvlqh.mp4,0.9661078453063965
mioumavyso.mp4,0.9896054863929749
miplnqyalb.mp4,0.9863197207450867
mipxyecgcb.mp4,0.9777414202690125
miqgexfant.mp4,0.3021414279937744
miqsoyztik.mp4,0.9205316305160522
mirgioyvjt.mp4,0.9848198890686035
misusdkemd.mp4,0.20247797667980194
mitjfkkjqo.mp4,0.29714834690093994
mitmcjtbca.mp4,0.6025018095970154
mitnemgsew.mp4,0.5874473452568054
miuaiytuus.mp4,0.6583959460258484
miubyqsveo.mp4,0.5702771544456482
miveiztdxk.mp4,0.8688437938690186
mivvdrmvyh.mp4,0.8684272170066833
miwszqhpcl.mp4,0.9804672598838806
mixjmprcjz.mp4,0.11277391761541367
mixsnsndgm.mp4,0.9889082908630371
miyvdzmmjh.mp4,0.5882577300071716
mizldzaypr.mp4,0.9361968636512756
mjacbitzkz.mp4,0.9684879183769226
mjborojgyq.mp4,0.9712405800819397
mjbqbwzsnq.mp4,0.8856439590454102
mjbrhvptbt.mp4,0.8798684477806091
mjbsecjdrs.mp4,0.9575484395027161
mjczaopxxm.mp4,0.8857555389404297
mjdbqxbvqt.mp4,0.6998317241668701
mjezjlcqju.mp4,0.9857075214385986
mjfplichsx.mp4,0.9055601358413696
mjgaoewdpl.mp4,0.9541300535202026
mjglsobpen.mp4,0.9898355603218079
mjhomnkvys.mp4,0.9206118583679199
mjihgsfeyo.mp4,0.10520545393228531
mjilrbhewf.mp4,0.9557051658630371
mjkbvazkvc.mp4,0.9807904958724976
mjkjapqdaq.mp4,0.9475434422492981
mjkmgnetur.mp4,0.9900000691413879
mjkwisgelb.mp4,0.933299720287323
mjlqcikpbb.mp4,0.9221315383911133
mjmalbpqin.mp4,0.9487079381942749
mjmazdehlr.mp4,0.9613560438156128
mjmizpuvri.mp4,0.44937461614608765
mjnkwyrvqh.mp4,0.2042936533689499
mjoafcwkac.mp4,0.9633078575134277
mjqfxqjkkc.mp4,0.9899998307228088
mjrhgpzael.mp4,0.9730626344680786
mjrngifuko.mp4,0.9687715172767639
mjrytxkmlz.mp4,0.7083615660667419
mjtoqprbwc.mp4,0.8130106925964355
mjuzhpghht.mp4,0.9607200026512146
mjvicqsnkc.mp4,0.34931954741477966
mjvjzqlrog.mp4,0.13217200338840485
mjvnwsmvvm.mp4,0.9848548769950867
mjvxkorliv.mp4,0.960913360118866
mjwjprlcye.mp4,0.0881580039858818
mjwswqujru.mp4,0.37472885847091675
mjxnjckass.mp4,0.9740146398544312
mjyrjygfun.mp4,0.9841657280921936
mjyynevytl.mp4,0.9893512725830078
mjzhdjujih.mp4,0.9892746806144714
mjzvnuxbzi.mp4,0.9899879097938538
mjzwhqyvux.mp4,0.272767573595047
mkbmwqvjaa.mp4,0.9430277347564697
mkbrhmeogy.mp4,0.952648937702179
mkcfnzuvso.mp4,0.9686960577964783
mkcopkvpxp.mp4,0.9534669518470764
mkdknbyxdo.mp4,0.9768235087394714
mkdowahpgn.mp4,0.8257073760032654
mkdvewbfie.mp4,0.10164196789264679
mkerbbyzle.mp4,0.927696168422699
mkexihfsaa.mp4,0.9827242493629456
mkfhemeicf.mp4,0.9895857572555542
mkgbcumtar.mp4,0.14730903506278992
mkgyhnnngv.mp4,0.9870782494544983
mkhzfpfppo.mp4,0.9216894507408142
mkibxglzfg.mp4,0.9747331142425537
mkidwbzpts.mp4,0.8781953454017639
mkjgninegt.mp4,0.9576926827430725
mkjrjuxgnw.mp4,0.4402022957801819
mkkvrqxibm.mp4,0.9244590997695923
mkkyntgbay.mp4,0.5400318503379822
mklgltprmz.mp4,0.5947356224060059
mklwqgyktp.mp4,0.9683964252471924
mkmmotqjcn.mp4,0.9615667462348938
mkmubikplv.mp4,0.9706823825836182
mkmxgchlfx.mp4,0.976347804069519
mkmznavham.mp4,0.7113574147224426
mknhojywui.mp4,0.9880039691925049
mknjphtizt.mp4,0.940484344959259
mknprbxcsv.mp4,0.9898213744163513
mkoqcomakl.mp4,0.9410697221755981
mkorgsgmwb.mp4,0.9767087697982788
mkoulkiqwv.mp4,0.789372980594635
mkowuaiumn.mp4,0.9330449104309082
mkpdtglgrg.mp4,0.9547401666641235
mkpfyprvdo.mp4,0.95083087682724
mkpiffokbc.mp4,0.5508548617362976
mkpimvqjeo.mp4,0.9898916482925415
mkpnvosonk.mp4,0.08273718506097794
mkpvhmbgmp.mp4,0.2885987460613251
mkpxulecxi.mp4,0.6415585875511169
mkqreykxet.mp4,0.19373632967472076
mkqtqinolz.mp4,0.9446636438369751
mkrajqwqnc.mp4,0.9815765619277954
mkrgszcrsn.mp4,0.7523913979530334
mkrtnaxjyq.mp4,0.9900001287460327
mkscgiqmvg.mp4,0.5358439087867737
mktbnkbqwu.mp4,0.9841480255126953
mktoozqbnc.mp4,0.9899998903274536
mkuzbgxucn.mp4,0.9861974716186523
mkvmlkgoyb.mp4,0.966673731803894
mkvuuxacvv.mp4,0.6979311108589172
mkxmvreoth.mp4,0.249013289809227
mkyjbcilgo.mp4,0.5304378867149353
mkzlarjhnf.mp4,0.9235137104988098
mlaqizzoue.mp4,0.9695598483085632
mlawsdcvgp.mp4,0.9662810564041138
mlbbyrvqar.mp4,0.9439132809638977
mlbkenfucz.mp4,0.9629249572753906
mlcdfxfbhd.mp4,0.8822229504585266
mlcsjaecux.mp4,0.12187118828296661
mlcxxmlikg.mp4,0.9026049971580505
mlcxywqjzj.mp4,0.9766184091567993
mlddfvsusz.mp4,0.6636220812797546
mlddufufkr.mp4,0.9892699718475342
mldnbcsnfk.mp4,0.14773985743522644
mldvhtjqhj.mp4,0.48469477891921997
mldxmnzkkm.mp4,0.9210038781166077
mlfbyfnulv.mp4,0.7881957292556763
mlfqvenftk.mp4,0.9893117547035217
mlhrazrnmx.mp4,0.9357561469078064
mliynshaib.mp4,0.6321880221366882
mlizcisxro.mp4,0.12082484364509583
mlkbmsstqk.mp4,0.9832159280776978
mlkhsrpjpj.mp4,0.8327394723892212
mlkxjgpzpd.mp4,0.13100038468837738
mlmatmawcb.mp4,0.6337775588035583
mlmdkpdvvx.mp4,0.8989537358283997
mlmgockhuq.mp4,0.11257048696279526
mlmndeebak.mp4,0.988074779510498
mlmtumrnbq.mp4,0.399260938167572
mlnufwdvoz.mp4,0.9876866936683655
mloeefokyq.mp4,0.23250743746757507
mlogvlfmoo.mp4,0.15187013149261475
mlpavmazzi.mp4,0.9547319412231445
mlpdsknnzu.mp4,0.9714736938476562
mlpfcinibo.mp4,0.17855852842330933
mlpfpliiwc.mp4,0.967426598072052
mlpigpthee.mp4,0.9537324905395508
mlpyeuuivu.mp4,0.9254288077354431
mlqcbzzohi.mp4,0.721530556678772
mlqejommbr.mp4,0.7395761609077454
mlqpifjefq.mp4,0.8826854825019836
mlqqlgkteh.mp4,0.9379419088363647
mlqxrrpwbv.mp4,0.9525786638259888
mlrildvish.mp4,0.9900000691413879
mlrqvftlxt.mp4,0.9860655069351196
mlsrcayqar.mp4,0.1739904135465622
mlszktxehr.mp4,0.9898603558540344
mltbqrvddm.mp4,0.8695504069328308
mlulatevzu.mp4,0.96729975938797
mlvrsntepy.mp4,0.9888873100280762
mlwnlxchfy.mp4,0.1461358666419983
mlxepnmnbd.mp4,0.9872786402702332
mlxvhxnlku.mp4,0.9899999499320984
mlyonwvynm.mp4,0.8748713135719299
mlyqaqnrop.mp4,0.9125919938087463
mlyuozbqww.mp4,0.8071916103363037
mlzhkdxdcx.mp4,0.944951057434082
mlzxdfseaw.mp4,0.9553555846214294
mlzxzjsnag.mp4,0.9899811148643494
mmaiitirig.mp4,0.9894423484802246
mmaozzcjyd.mp4,0.9881981611251831
mmaqnbggam.mp4,0.9899910688400269
mmazmlnsbf.mp4,0.8371405601501465
mmboytdtrm.mp4,0.9587162733078003
mmcoydzbui.mp4,0.9838168621063232
mmctedypsy.mp4,0.9899744987487793
mmdlnqdomd.mp4,0.16069258749485016
mmeuqzbxeg.mp4,0.9200569987297058
mmfbcmwyph.mp4,0.10414779186248779
mmffoscwcq.mp4,0.2143673598766327
mmfghjqmbv.mp4,0.47656959295272827
mmfygzgovw.mp4,0.8276707530021667
mmfzdnuzta.mp4,0.9599286913871765
mmfzqstpcp.mp4,0.8969358801841736
mmhdcoqsve.mp4,0.7706716656684875
mmhnfsktln.mp4,0.9900000691413879
mmirnuyvix.mp4,0.964337944984436
mmjhaoldfj.mp4,0.12948861718177795
mmjtjxiugn.mp4,0.9387118220329285
mmjuwimfmr.mp4,0.9394675493240356
mmkxshbgky.mp4,0.9893960356712341
mmlnibzrzq.mp4,0.9837042093276978
mmlywvacyj.mp4,0.9659962058067322
mmmhyapdrm.mp4,0.924196720123291
mmmkqbsmhk.mp4,0.2246226966381073
mmmuvpidtp.mp4,0.6947759389877319
mmmxbeymwf.mp4,0.9528112411499023
mmnvdrhnzx.mp4,0.9900000095367432
mmnxkghycj.mp4,0.9278343915939331
mmocxmpvdy.mp4,0.6640945672988892
mmolobdfvo.mp4,0.9748108983039856
mmqkateles.mp4,0.9640977382659912
mmqltllaqd.mp4,0.7916616201400757
mmqryghsjg.mp4,0.7794587016105652
mmqwucucjx.mp4,0.9568960666656494
mmqyaysxlm.mp4,0.9812054634094238
mmqzyecdos.mp4,0.9854690432548523
mmrjxzbczm.mp4,0.9191595315933228
mmrmyjuqdz.mp4,0.5305629968643188
mmrnzxgwvp.mp4,0.6368391513824463
mmscdqgipl.mp4,0.17638763785362244
mmsdufgcqc.mp4,0.9664249420166016
mmsqbfvrll.mp4,0.9864044785499573
mmsqgolkrz.mp4,0.9741782546043396
mmsuchlnep.mp4,0.9718724489212036
mmtdeoxolg.mp4,0.9892736077308655
mmthbfjgzi.mp4,0.960773766040802
mmuuxfplfa.mp4,0.13186998665332794
mmvggsnizy.mp4,0.19663791358470917
mmvheqsviw.mp4,0.2665310800075531
mmvndghehe.mp4,0.9385965466499329
mmvustkebu.mp4,0.9629771113395691
mmwwmqjezi.mp4,0.9731091260910034
mmwyxsucqf.mp4,0.9888190627098083
mmxaygikgl.mp4,0.9747964143753052
mmxzfgnsqy.mp4,0.958816647529602
mmyafpfltd.mp4,0.9686789512634277
mmyhjipdxb.mp4,0.3072475790977478
mmzgwysvwo.mp4,0.7616451978683472
mnauchmbdz.mp4,0.9888689517974854
mnbrtdchxx.mp4,0.7533344626426697
mncixabwgy.mp4,0.8777737617492676
mneqoarzdo.mp4,0.9126874804496765
mneyunmmik.mp4,0.9592183828353882
mnfjovosvb.mp4,0.43114420771598816
mnftwkbozo.mp4,0.9524624943733215
mnfuffsfjl.mp4,0.7836725115776062
mnfumgnkml.mp4,0.7912917733192444
mngbbxafui.mp4,0.5385153293609619
mngdibvvjk.mp4,0.9896880388259888
mngtbauptp.mp4,0.9853091835975647
mnhbyoxjll.mp4,0.825433075428009
mnhhfelxdy.mp4,0.0953025072813034
mnicddcljt.mp4,0.11754514276981354
mnijiihwla.mp4,0.3404174745082855
mnizcgetfn.mp4,0.9443573355674744
mnjipvhwps.mp4,0.9313194751739502
mnjuaqjuss.mp4,0.7999582886695862
mnkemaypkl.mp4,0.9567847847938538
mnktdnukki.mp4,0.2128329575061798
mnkyyvhzhh.mp4,0.9321320056915283
mnlxxoicoo.mp4,0.8735883831977844
mnmgiihnce.mp4,0.9900000095367432
mnmsqekzpi.mp4,0.19268251955509186
mnnourlgyh.mp4,0.9618666768074036
mnosqaufnf.mp4,0.4043247401714325
mnraxduffa.mp4,0.9791046977043152
mnrghjfohp.mp4,0.2993563115596771
mnrkabnumq.mp4,0.9340091347694397
mnryzkbmls.mp4,0.9607941508293152
mnsvqqqfgg.mp4,0.9727774858474731
mntrrpuzhv.mp4,0.813186764717102
mntwvwcaiq.mp4,0.9304990172386169
mntxphtklp.mp4,0.850858211517334
mnuxudmiqe.mp4,0.9220977425575256
mnvasfdppb.mp4,0.8632915019989014
mnvvrvfeun.mp4,0.20436988770961761
mnxmecmtsf.mp4,0.909722089767456
mnxtcliyou.mp4,0.8196068406105042
mnzqivjzco.mp4,0.9294617176055908
mnzsbmneru.mp4,0.6444100141525269
mnzwccytqg.mp4,0.7142937779426575
moafsgeavo.mp4,0.9862257242202759
moaoyskura.mp4,0.9817802906036377
mobjgaefgm.mp4,0.24370026588439941
mobjgmcrgc.mp4,0.9833078384399414
mobotpngkx.mp4,0.9514372944831848
mociypgcox.mp4,0.9889427423477173
mocnjrogph.mp4,0.958474338054657
mocnqrkaee.mp4,0.9876946806907654
modeuxjbdx.mp4,0.24427451193332672
modeybhctx.mp4,0.9875819087028503
modjdqzxbr.mp4,0.12144526094198227
moetggyxsc.mp4,0.9519007802009583
moetxgswnj.mp4,0.29928258061408997
mofieqeomr.mp4,0.9668018221855164
mofnucrxzq.mp4,0.9868558049201965
moguawjrgf.mp4,0.8968151807785034
mohimgison.mp4,0.921078085899353
mohmwmpumo.mp4,0.9329338073730469
mohtuktaaq.mp4,0.23426461219787598
moiqmdktye.mp4,0.954788863658905
moixuooefk.mp4,0.7035552859306335
mokhwrljbw.mp4,0.9880755543708801
mokpqooliy.mp4,0.4737822115421295
mollokzdxh.mp4,0.9791983366012573
momsyrkpma.mp4,0.9733192324638367
momvvwoawk.mp4,0.8486262559890747
monecpmbqd.mp4,0.8095881938934326
moosxkzotj.mp4,0.6576615571975708
mooyzravef.mp4,0.9900000095367432
mopiuzviiz.mp4,0.9798663258552551
mopmxdjwvl.mp4,0.9891555905342102
moqenssvrs.mp4,0.9867399334907532
moqhjwlefs.mp4,0.7731578946113586
moqowbogps.mp4,0.9775317907333374
moqrxmkqsw.mp4,0.12040100991725922
moqtyvkgke.mp4,0.25018441677093506
moqvepcynm.mp4,0.9893900752067566
morrmtzxtk.mp4,0.10745357722043991
mosgaxcsdo.mp4,0.9603918194770813
moszjdkiss.mp4,0.9842600226402283
motasxfqhz.mp4,0.9564555287361145
motfposykz.mp4,0.16555050015449524
mouvarenzx.mp4,0.9861483573913574
mouxgnmzmt.mp4,0.9727626442909241
mowpwtlrkq.mp4,0.9787779450416565
mowvjebiol.mp4,0.9793629050254822
moxcwrdvka.mp4,0.9079127311706543
moyhszxymv.mp4,0.5361518859863281
moyljhcxok.mp4,0.10717908293008804
mozbuksqvr.mp4,0.9898284077644348
mozkmfiwaz.mp4,0.9722064137458801
moznxvssef.mp4,0.9368446469306946
mpaqhbsomr.mp4,0.9842785000801086
mpbaqpxptp.mp4,0.3694864809513092
mpbwfoljoa.mp4,0.9254215955734253
mpcmvqondf.mp4,0.25671887397766113
mpdlzgwqpg.mp4,0.9899863600730896
mpeahjgsvz.mp4,0.9403300881385803
mpeysbsihm.mp4,0.9675291180610657
mpfavjaajt.mp4,0.9849759936332703
mpfifcflrb.mp4,0.9543776512145996
mpgmxyraya.mp4,0.9791603684425354
mphfaamhel.mp4,0.17776082456111908
mphnufjern.mp4,0.9882076382637024
mphvvzwxox.mp4,0.9862998723983765
mpibnmnhqk.mp4,0.21634449064731598
mpiiuuqbwt.mp4,0.46909472346305847
mpijkopwrf.mp4,0.9864218831062317
mpivmvlkyo.mp4,0.9884309768676758
mpjcyyuwni.mp4,0.12251729518175125
mpjfwilxvf.mp4,0.9793003797531128
mpjzcymwkr.mp4,0.9900000095367432
mpkmkclffv.mp4,0.5526266098022461
mpkvsxgdgx.mp4,0.973301112651825
mplapssgzp.mp4,0.9758322834968567
mpmafvmwyf.mp4,0.9666990637779236
mpnxaoahcx.mp4,0.9382014274597168
mpnypfhpbb.mp4,0.20169301331043243
mpoelcqwhb.mp4,0.9881836175918579
mppizvdmom.mp4,0.9309636354446411
mppmherzrr.mp4,0.9899316430091858
mpqwwymarr.mp4,0.9360344409942627
mprbuwqpyh.mp4,0.9539229273796082
mpresqprcg.mp4,0.7423003911972046
mprocmdczn.mp4,0.9602152705192566
mprzzwuowr.mp4,0.9366980195045471
mpsnhqicrx.mp4,0.984535813331604
mpstyaodrs.mp4,0.6312606334686279
mpsxokcmtf.mp4,0.9899588823318481
mptpjemkjk.mp4,0.9885429739952087
mptwftuslr.mp4,0.5269814729690552
mpuskzruaj.mp4,0.9567399024963379
mpuzypbyne.mp4,0.9592176675796509
mpvbgowpyx.mp4,0.9884365200996399
mpvnvvihzp.mp4,0.5684397220611572
mpwjdvihkq.mp4,0.9714544415473938
mpwwsltwhw.mp4,0.6286638379096985
mpwwtxabqx.mp4,0.9885643720626831
mpxwgxdtje.mp4,0.338507741689682
mpycpnkoub.mp4,0.9899018406867981
mpykxkfeaj.mp4,0.7151085734367371
mpyxohompx.mp4,0.986203670501709
mpyxwanaqt.mp4,0.09674518555402756
mpyyohnpeb.mp4,0.8391793966293335
mpzogwbfpd.mp4,0.8912402391433716
mpzrpapqra.mp4,0.9696573615074158
mqaiamdhxp.mp4,0.9677711129188538
mqatynlckd.mp4,0.9806488156318665
mqbystvtfh.mp4,0.2488386332988739
mqcikmuonc.mp4,0.9683012366294861
mqcrtnxawg.mp4,0.9832751154899597
mqcuvxipxe.mp4,0.6977676153182983
mqdcsfnuwh.mp4,0.7465850114822388
mqdcuhncqr.mp4,0.9554122090339661
mqdcxuzxqs.mp4,0.9884618520736694
mqeabrxdyp.mp4,0.9900000095367432
mqehadhyxi.mp4,0.8119955062866211
mqeldnokuq.mp4,0.7676225304603577
mqemgyzdib.mp4,0.9841562509536743
mqeqiytluf.mp4,0.1578243225812912
mqetscoobc.mp4,0.9899999499320984
mqeygjppbt.mp4,0.2997472584247589
mqfvuzdryz.mp4,0.4330224096775055
mqfyboific.mp4,0.9741094708442688
mqghvhewez.mp4,0.12436246871948242
mqgjceiikk.mp4,0.9865155220031738
mqgrtndnna.mp4,0.8845966458320618
mqhjnpncqp.mp4,0.25620710849761963
mqhxoggrxm.mp4,0.9899543523788452
mqicndrfyk.mp4,0.9900001287460327
mqihnkodey.mp4,0.989521324634552
mqkarjsubc.mp4,0.949646532535553
mqkdfrqyfw.mp4,0.16677622497081757
mqkfhdknre.mp4,0.9602589011192322
mqknsvbxpa.mp4,0.9699472784996033
mqkonmfepa.mp4,0.15466903150081635
mqkxdbmyey.mp4,0.9787472486495972
mqnonmqggw.mp4,0.9897297024726868
mqnphfpsoe.mp4,0.9895871877670288
mqoisltzfl.mp4,0.5172804594039917
mqpgmwvezm.mp4,0.9832423329353333
mqppdrgzlq.mp4,0.7647426128387451
mqprzlarem.mp4,0.973125159740448
mqqdbdqwyy.mp4,0.9060297608375549
mqqdcetuai.mp4,0.9743435382843018
mqqkfkdfyd.mp4,0.9491491317749023
mqqxoaijdy.mp4,0.9875779747962952
mqrdoqhhoj.mp4,0.8794910907745361
mqrmanamru.mp4,0.974460780620575
mqrtnlmqnl.mp4,0.9585927724838257
mqsaktdfnw.mp4,0.9356979131698608
mqtswlzctb.mp4,0.970922589302063
mqtyrczivx.mp4,0.8535327911376953
mqtzwtljlu.mp4,0.9878743886947632
mquhhuktlo.mp4,0.956419050693512
mquyugnixi.mp4,0.9230573177337646
mqwqpmzbfd.mp4,0.8733730912208557
mqxehzlfpz.mp4,0.9895198345184326
mqxicvgiay.mp4,0.8182162642478943
mqxvklfjmy.mp4,0.9885430335998535
mqyjlibiqr.mp4,0.10303855687379837
mqyzxzqonj.mp4,0.11511694639921188
mqzljodtyn.mp4,0.9829899668693542
mqzrlecakr.mp4,0.46567657589912415
mqzvfufzoq.mp4,0.989875078201294
mraarmpaor.mp4,0.9868637919425964
mrawkhgzze.mp4,0.174203023314476
mrblfwhigo.mp4,0.8912321329116821
mrbvjsgjcw.mp4,0.10080702602863312
mrcfxvggtd.mp4,0.9157736301422119
mreqonfbku.mp4,0.9893304705619812
mrerhvgogr.mp4,0.9259802103042603
mrerjyjvds.mp4,0.9588814973831177
mrfcpxebfu.mp4,0.9739047288894653
mrfyaengfi.mp4,0.6851664781570435
mrgtafagne.mp4,0.9745838046073914
mrhjcqgyse.mp4,0.982344925403595
mriownzdhq.mp4,0.9834024906158447
mrizgeqwsk.mp4,0.9365299940109253
mrjichnrtl.mp4,0.9843912720680237
mrjzfxasyx.mp4,0.9898843169212341
mrkrigbzgq.mp4,0.6899767518043518
mrkzdchbtj.mp4,0.5
mrlijyislg.mp4,0.9695811867713928
mrmaezpwoc.mp4,0.8892814517021179
mrmaimxhjn.mp4,0.1591203361749649
mrmcqldicq.mp4,0.9749753475189209
mrmgtijafq.mp4,0.9706923365592957
mrnzkluvbs.mp4,0.7664090394973755
mroaffgtfs.mp4,0.14076341688632965
mrocfplptw.mp4,0.7934502363204956
mrotkdmavr.mp4,0.4746950566768646
mrpiqodkqr.mp4,0.9590184688568115
mrpmyugdln.mp4,0.9690051674842834
mrqsewkfqi.mp4,0.9704679250717163
mrrmtlpjas.mp4,0.9900000095367432
mrsksioeuz.mp4,0.9637230634689331
mrslwzaftc.mp4,0.9532034397125244
mrsmyeyzmb.mp4,0.6769036650657654
mrsufdqtec.mp4,0.9826042056083679
mrterhiguj.mp4,0.8836610913276672
mrtfaykavo.mp4,0.8066051006317139
mrtnwfshgc.mp4,0.9523294568061829
mruejctvzq.mp4,0.9752403497695923
mruhwoufgb.mp4,0.3783923387527466
mruukfmxne.mp4,0.9898999929428101
mrvdmwcblt.mp4,0.19234605133533478
mrvvceanlh.mp4,0.9885997176170349
mrweovkpks.mp4,0.8761144280433655
mrwerotrpw.mp4,0.8829938769340515
mrwmnvnwmb.mp4,0.9886625409126282
mrwninxqyq.mp4,0.7971522212028503
mrxamfkixd.mp4,0.8798040151596069
mrxpxhyxzh.mp4,0.9340763092041016
mrxycatmdj.mp4,0.9868982434272766
mrzqivtnmr.mp4,0.263898640871048
msaibijnay.mp4,0.07606293261051178
msajqbourq.mp4,0.9290351271629333
msaqianmva.mp4,0.9680913686752319
msbqgoxxlh.mp4,0.19733400642871857
msdoukrdof.mp4,0.9767017364501953
msdtzpmmae.mp4,0.9840518236160278
mshfuaygyq.mp4,0.913790762424469
mshxwkglsp.mp4,0.6529032588005066
msijsiuepw.mp4,0.9456473588943481
msinudfuvi.mp4,0.5095750093460083
msiqijycqg.mp4,0.09483238309621811
msirimynch.mp4,0.976742684841156
msjlddkxzo.mp4,0.9384219646453857
msjrwsfnom.mp4,0.13411873579025269
msklqmhfsp.mp4,0.6801982522010803
mslushphcx.mp4,0.9813129305839539
msnhcukzfa.mp4,0.9885596036911011
msnlkdnept.mp4,0.6279361248016357
msnlugaqow.mp4,0.9735644459724426
msooqufvgr.mp4,0.8896004557609558
msphqcwzfm.mp4,0.6079719066619873
msqgetepdb.mp4,0.9484301209449768
msqhpibjls.mp4,0.4875607490539551
msrspqaogq.mp4,0.9767873287200928
msrsxiiusp.mp4,0.9883201122283936
msruxqhmcu.mp4,0.854402482509613
msrwprlcqq.mp4,0.9835794568061829
msrxorkdgn.mp4,0.9188823103904724
msswoqgzsz.mp4,0.9194663166999817
mstsikyndk.mp4,0.942123532295227
mstujejihp.mp4,0.9887986779212952
msuczgewkm.mp4,0.09043723344802856
msudshinnu.mp4,0.9883758425712585
msvcknalyc.mp4,0.9840212464332581
msvcxwwqbf.mp4,0.9544187188148499
msvurrqguh.mp4,0.9858049750328064
msvydnlmxq.mp4,0.756282389163971
mswcpciuar.mp4,0.9841428399085999
msxbatajhx.mp4,0.9465442895889282
msxgidfbbf.mp4,0.9151685237884521
msyhcluenb.mp4,0.8301160931587219
mtaahjaomk.mp4,0.9897799491882324
mtagmvjhkq.mp4,0.9545184969902039
mtalfisspv.mp4,0.9515924453735352
mtaoreymwj.mp4,0.988810122013092
mtavycdtie.mp4,0.9820640683174133
mtbhlnjopc.mp4,0.8639410138130188
mtbpvsxkqe.mp4,0.9897381067276001
mtbyqrpboq.mp4,0.8806324601173401
mtcxxjjzvt.mp4,0.08275454491376877
mtdnetpayr.mp4,0.40868717432022095
mtecspfpao.mp4,0.2645033597946167
mtecsrxwyv.mp4,0.3793242573738098
mteuihdheq.mp4,0.2795564830303192
mtgelpeflh.mp4,0.9737861752510071
mthkmtbuab.mp4,0.9160385131835938
mtiebggcla.mp4,0.9882150888442993
mtighbgbcy.mp4,0.963607668876648
mtilpvablx.mp4,0.9661023616790771
mtirqkystg.mp4,0.8976792693138123
mtiwgcnmtq.mp4,0.9112359881401062
mtjitcgpfy.mp4,0.17434969544410706
mtksqcdffx.mp4,0.844226598739624
mtkwgbxdgx.mp4,0.9610486626625061
mtlmydhbyo.mp4,0.9630972146987915
mtmfekdsic.mp4,0.967766523361206
mtmhxsreix.mp4,0.9334210753440857
mtmkodzkcs.mp4,0.9654524922370911
mtmrzbrfsh.mp4,0.9588038325309753
mtnqvtmunt.mp4,0.9827081561088562
mtolbugekd.mp4,0.8652554750442505
mtomaszyjr.mp4,0.9899680614471436
mtopuhuqsu.mp4,0.9471779465675354
mtpvrsdblr.mp4,0.30672118067741394
mtquhqaxcb.mp4,0.9461012482643127
mtqwluufwm.mp4,0.9888375401496887
mtqxfiltpk.mp4,0.9830806255340576
mtsiclmwqy.mp4,0.11011714488267899
mtsolejuay.mp4,0.9891015887260437
mttrlbvjjz.mp4,0.9848004579544067
mttxgmffjz.mp4,0.11355223506689072
mtupaleexd.mp4,0.9410973787307739
mtvkldkzrg.mp4,0.649696409702301
mtwgyxoyhn.mp4,0.9791219830513
mtzcowdgia.mp4,0.93317711353302
mtznckbeqx.mp4,0.9869557619094849
mtzpntagtb.mp4,0.7159260511398315
muaahwnyco.mp4,0.8162590861320496
muaejwrrbr.mp4,0.9794963002204895
mubqqhzlhg.mp4,0.9692807793617249
mucgcfwaye.mp4,0.9693171381950378
muddiscimv.mp4,0.919129490852356
mudfhdppfp.mp4,0.9335440993309021
mudjcfiakq.mp4,0.11482231318950653
mudwtywsuo.mp4,0.7024127244949341
muffgclzqp.mp4,0.7882577776908875
mufsxklwqh.mp4,0.9866864681243896
mugckenamu.mp4,0.9779872298240662
mugjoqxxqf.mp4,0.21798290312290192
muhedpozpg.mp4,0.9887428879737854
muhvenpsap.mp4,0.773681640625
muihshunds.mp4,0.09996335953474045
muineajmbz.mp4,0.858657717704773
mujdjxunet.mp4,0.9843577742576599
mujjzbuggx.mp4,0.9894583821296692
mujnrnntqq.mp4,0.9794301390647888
mujvaawfap.mp4,0.9900001287460327
mukyckrtih.mp4,0.8104754686355591
mulpjifchw.mp4,0.8626872301101685
mumiutdpdk.mp4,0.16837017238140106
mupgxnuzam.mp4,0.7483686208724976
mupxsoodhf.mp4,0.9886850118637085
muqllsuzyp.mp4,0.8656357526779175
muqnnfyjak.mp4,0.9900000095367432
muqopkbkfu.mp4,0.9636390209197998
murgkzdncb.mp4,0.9812479615211487
murowxrezg.mp4,0.9899101257324219
murqahmgyj.mp4,0.13368108868598938
musujcrury.mp4,0.9772769808769226
musytuwwhy.mp4,0.8884384036064148
mutlsuuhqh.mp4,0.9735453128814697
mutoprdgcj.mp4,0.1022295355796814
mutowesqfp.mp4,0.8253584504127502
muuwtyrtxs.mp4,0.9738985300064087
muvkxsaszk.mp4,0.6997732520103455
muvtkwxiuf.mp4,0.24927403032779694
muwfbiuddn.mp4,0.3125431537628174
muwnreemii.mp4,0.44580867886543274
muwrjazmkq.mp4,0.8940480351448059
muwrzivuoj.mp4,0.9881204962730408
muxskocfsp.mp4,0.9283339977264404
muxttodhic.mp4,0.9898216128349304
muybljrqel.mp4,0.9732770919799805
muyvajjpge.mp4,0.9553694128990173
muzoszxxkd.mp4,0.9900000095367432
muzyxgwkml.mp4,0.3817237615585327
mvaedbokqr.mp4,0.07604572921991348
mvarahecum.mp4,0.9850835800170898
mvathrqhbe.mp4,0.9900000691413879
mvbczareau.mp4,0.9899728894233704
mvbucspkbf.mp4,0.8826022148132324
mvconsggts.mp4,0.9571996927261353
mvdctklrth.mp4,0.9840978980064392
mvdfppfonx.mp4,0.9859783053398132
mvdqlootwv.mp4,0.965532124042511
mvebakttnc.mp4,0.9897425770759583
mvepjqywiw.mp4,0.9120922088623047
mveqfuojat.mp4,0.9468044638633728
mvfghayhnr.mp4,0.9807748198509216
mvfnmxzbon.mp4,0.987315833568573
mvfvefsgik.mp4,0.9898569583892822
mvfyexeghq.mp4,0.9381607174873352
mvfzkpdzen.mp4,0.8020246624946594
mvhezsldom.mp4,0.9753445386886597
mvhrhcbgwk.mp4,0.9857847690582275
mvhslqtiyd.mp4,0.9164813756942749
mvhyzazoot.mp4,0.9900000095367432
mvjovkcfql.mp4,0.989521324634552
mvkeqpfwey.mp4,0.6756945848464966
mvknwklwma.mp4,0.8465146422386169
mvkuqdhtqj.mp4,0.8170590996742249
mvkwidbbdw.mp4,0.9891996383666992
mvlgtkndns.mp4,0.9438114762306213
mvlljogbpa.mp4,0.9890462160110474
mvlyixqgtl.mp4,0.9662253856658936
mvnansxzwu.mp4,0.975969135761261
mvneuvwisv.mp4,0.6983157396316528
mvngturoad.mp4,0.9609530568122864
mvnhspdeyx.mp4,0.977759599685669
mvofqyugsp.mp4,0.9529529809951782
mvooosflqp.mp4,0.9227644205093384
mvpjvgexli.mp4,0.9239203333854675
mvpwumlwfc.mp4,0.8711404800415039
mvqbhtivtb.mp4,0.9782162308692932
mvqooxjncc.mp4,0.9740355014801025
mvreczmgks.mp4,0.1427149474620819
mvronzzqar.mp4,0.9370036125183105
mvsasyujaa.mp4,0.9900000095367432
mvsrhbeylb.mp4,0.16380548477172852
mvsvwgdyqz.mp4,0.9833165407180786
mvtbgbqkyj.mp4,0.9731938242912292
mvtkwavkoy.mp4,0.8817844986915588
mvtqjdryyf.mp4,0.9302231669425964
mvtqxxtcfn.mp4,0.38939204812049866
mvtucrowxm.mp4,0.9584510326385498
mvudoqgmzx.mp4,0.9848511815071106
mvuhentlcg.mp4,0.1910877674818039
mvuqomvwsq.mp4,0.7968728542327881
mvuqzhdncl.mp4,0.41331979632377625
mvvsrmeezw.mp4,0.23386625945568085
mvwulmuucs.mp4,0.9895385503768921
mvxvwetdwr.mp4,0.16355019807815552
mvxxevjibr.mp4,0.9886733293533325
mvykbvqwfh.mp4,0.9520456194877625
mvyzzouzvq.mp4,0.9352148175239563
mvzmdrdqpd.mp4,0.7320188879966736
mvzqixcapj.mp4,0.9612378478050232
mvzrgjnxvv.mp4,0.7531720399856567
mwazutvezv.mp4,0.980339765548706
mwbnwqjzor.mp4,0.05269482731819153
mwcutgoatt.mp4,0.8989781141281128
mwejnhmqkj.mp4,0.9533882141113281
mweuuccmxt.mp4,0.9880785346031189
mweyejimuy.mp4,0.07070732861757278
mwfatmdvci.mp4,0.07229980826377869
mwfggjgvly.mp4,0.8648485541343689
mwgreobzaf.mp4,0.7360501885414124
mwizcjywkd.mp4,0.7585257291793823
mwjnvghsbe.mp4,0.193739652633667
mwjvuzvjfk.mp4,0.9776124358177185
mwkhupdprz.mp4,0.978898286819458
mwlthmfjmc.mp4,0.9670881032943726
mwmetnjqvs.mp4,0.8648650646209717
mwmlzexega.mp4,0.9700670838356018
mwnfrkjzul.mp4,0.9464919567108154
mwocqlzyqs.mp4,0.9781273603439331
mwoeriylvo.mp4,0.27252084016799927
mwoglcoypf.mp4,0.9886904358863831
mwopilvgux.mp4,0.9880430698394775
mwowkpkzdp.mp4,0.2929430305957794
mwpkteojuk.mp4,0.23645463585853577
mwplarojji.mp4,0.8865870237350464
mwqflgsuwc.mp4,0.9899998903274536
mwqjzxrjkj.mp4,0.9596177339553833
mwrtbalqcd.mp4,0.8329664468765259
mwrtsxzshf.mp4,0.9900001883506775
mwsolqifsf.mp4,0.98992919921875
mwtcwknkuv.mp4,0.9608490467071533
mwtwynwudg.mp4,0.9717900156974792
mwtxlrfkxh.mp4,0.9862394332885742
mwueqcntpa.mp4,0.9858134388923645
mwumamlvyn.mp4,0.9811226725578308
mwustljhji.mp4,0.5488420724868774
mwuywloapn.mp4,0.8275073766708374
mwvgzctktm.mp4,0.9900000095367432
mwwanomecb.mp4,0.9702187776565552
mwwgnidhaw.mp4,0.6724476218223572
mwwngpungf.mp4,0.9900001287460327
mwwselsikq.mp4,0.9191693663597107
mwwyzvkdln.mp4,0.9872972369194031
mwxaqiiqzo.mp4,0.9899246096611023
mwxqbfogwi.mp4,0.9895277619361877
mwyxwhoarn.mp4,0.3402208089828491
mwzaybyxtv.mp4,0.9756622910499573
mxahdrptoq.mp4,0.31147149205207825
mxbdgikmyj.mp4,0.6729199886322021
mxbpwtjoio.mp4,0.9258832335472107
mxbvkvgrjc.mp4,0.9869012236595154
mxcifjtnhl.mp4,0.10951441526412964
mxcljeqhqa.mp4,0.27683448791503906
mxcmrvvpqm.mp4,0.6530423164367676
mxcogkgmkl.mp4,0.710204005241394
mxcswuzdad.mp4,0.9510241150856018
mxczokbutl.mp4,0.985501766204834
mxelnshmqu.mp4,0.9437942504882812
mxepcxgzxz.mp4,0.9811604022979736
mxezzuvrve.mp4,0.28654003143310547
mxfslxgyco.mp4,0.9875567555427551
mxgeiysgoc.mp4,0.7277653217315674
mxgxywswzw.mp4,0.9897311925888062
mxhbbvwvfl.mp4,0.9868380427360535
mxhyievkmx.mp4,0.7299686670303345
mxhzidoquq.mp4,0.7930400371551514
mxiklciwoj.mp4,0.9531400799751282
mxixvfhtnl.mp4,0.973174512386322
mxjsgejaep.mp4,0.8063265681266785
mxjsimsntb.mp4,0.9853948950767517
mxkevgxgyz.mp4,0.9632681012153625
mxkrvzlcac.mp4,0.7493571639060974
mxmmpiogik.mp4,0.9706329703330994
mxmqcgmxrz.mp4,0.9879091382026672
mxmwjptprn.mp4,0.8241961002349854
mxmztctrws.mp4,0.9302286505699158
mxnquwuszt.mp4,0.9443761706352234
mxntszejmw.mp4,0.8227049708366394
mxovjjsnfq.mp4,0.9444226026535034
mxqeljikfy.mp4,0.984291672706604
mxqodqynnn.mp4,0.9660731554031372
mxqvemhkod.mp4,0.785941481590271
mxrniclsaw.mp4,0.9875637292861938
mxrzdzcgru.mp4,0.9581522345542908
mxsdxajbkn.mp4,0.9899998903274536
mxskqwskrq.mp4,0.960343599319458
mxsmrmjcsv.mp4,0.3215543031692505
mxtqsghchy.mp4,0.98953777551651
mxuiqjzleu.mp4,0.9225157499313354
mxuvdcuvjc.mp4,0.987565279006958
mxuviiuuks.mp4,0.5
mxvuiwicds.mp4,0.9763851761817932
mxwgqjafcv.mp4,0.9448947906494141
mxwgxsnfhc.mp4,0.8159599304199219
mxybhnmmqp.mp4,0.46986058354377747
mxypluhkya.mp4,0.6500535607337952
mxyxmioler.mp4,0.14475543797016144
mxyzjggzpw.mp4,0.11953259259462357
mxzosxshju.mp4,0.9668736457824707
mxzrdigsdm.mp4,0.9592304825782776
myaplrhysw.mp4,0.9890629053115845
mycsljsdmu.mp4,0.11576107144355774
myeayvxlsn.mp4,0.9900000691413879
myebjqbxsl.mp4,0.36089277267456055
myeeorqmiw.mp4,0.9849922060966492
myeiiuazgb.mp4,0.9651823043823242
myeuawgjbr.mp4,0.9619344472885132
myewuiruqd.mp4,0.15290948748588562
myfcyqybae.mp4,0.9738635420799255
myfpgqqfry.mp4,0.9649872779846191
myfrokfnka.mp4,0.6710841655731201
myfxbrkrsw.mp4,0.14917628467082977
mygusxjlyn.mp4,0.2508871555328369
myhoutffrl.mp4,0.9799045920372009
myiaptjpme.mp4,0.9866557121276855
myiatfcllq.mp4,0.8227483630180359
myjhgnezbc.mp4,0.10697636753320694
myjsvitihd.mp4,0.9899999499320984
myjvkeibdm.mp4,0.9869670271873474
mykdihynjd.mp4,0.6967394948005676
mykprqsgeh.mp4,0.8889228105545044
mymluijctr.mp4,0.9051456451416016
mymqltrdiu.mp4,0.7464183568954468
mymtcayabt.mp4,0.9800772666931152
mynimmzeav.mp4,0.7990038394927979
mynptneqbe.mp4,0.9894363880157471
mynqiakzcg.mp4,0.8781192302703857
myoecijkpe.mp4,0.9720946550369263
myqursfula.mp4,0.9731650948524475
myqvdwvfbe.mp4,0.9755526781082153
myrgqwhrvk.mp4,0.9787214994430542
myrieacubk.mp4,0.9899057745933533
myrikcpius.mp4,0.986020565032959
myrsanapro.mp4,0.8845285773277283
myrzfhyqnu.mp4,0.974083662033081
myslupojxl.mp4,0.9899494051933289
myssnicyar.mp4,0.10136979818344116
mytnqzubag.mp4,0.4395323097705841
myttjyjoen.mp4,0.9872853755950928
myttmsgzuv.mp4,0.9310080409049988
myuebcgczn.mp4,0.9831687211990356
myuxukczgx.mp4,0.9874324798583984
myvwyfdnxu.mp4,0.2804374098777771
mywbbwqetn.mp4,0.9740124344825745
mywbwhbqfp.mp4,0.9499808549880981
mywdozriss.mp4,0.2945750653743744
myytqreqft.mp4,0.9889525771141052
myzrrktppy.mp4,0.9475544691085815
mzadezhlir.mp4,0.8656601905822754
mzaggsvtyp.mp4,0.7626609802246094
mzbipeefcj.mp4,0.9204713702201843
mzcbuvzlab.mp4,0.9210495352745056
mzcpxclunk.mp4,0.9890265464782715
mzdakgaxlw.mp4,0.9889325499534607
mzdeffbuaz.mp4,0.9894120693206787
mzdlwlbvql.mp4,0.9716438055038452
mzdzmczoga.mp4,0.9869946241378784
mzeagufruq.mp4,0.46887239813804626
mzeglwmfxd.mp4,0.8084850907325745
mzfdfqvait.mp4,0.9873809814453125
mzflznofvm.mp4,0.9899608492851257
mzfxcnpuxy.mp4,0.29089483618736267
mzgbikvhee.mp4,0.1337619572877884
mzgfychtfc.mp4,0.9486057162284851
mzgjqqkbbd.mp4,0.6823956370353699
mzgxfwajoi.mp4,0.6173214316368103
mzhvqhzplx.mp4,0.8326694965362549
mzlhthocbk.mp4,0.989777684211731
mzlixfmlfc.mp4,0.985859215259552
mzlwubaavq.mp4,0.9811455607414246
mzlzqbwdth.mp4,0.4868890941143036
mzmptdahjw.mp4,0.17488938570022583
mznjyljmmk.mp4,0.9748458862304688
mznuchnxkj.mp4,0.9353204965591431
mznwtrqdib.mp4,0.9824084639549255
mzojpxzoqu.mp4,0.10557661950588226
mzosxuastx.mp4,0.9784578084945679
mzovnxbrnd.mp4,0.9294120669364929
mzpfwmnjkq.mp4,0.9412456154823303
mzpivwpwgo.mp4,0.9900000691413879
mzpljnqykr.mp4,0.9309433698654175
mzpqfnojnn.mp4,0.8027161955833435
mzpvongxdf.mp4,0.9547926783561707
mzqsimucmb.mp4,0.9867725968360901
mzqvbbrfxo.mp4,0.9865174293518066
mzqvsxnujs.mp4,0.9836512207984924
mzrimujteu.mp4,0.9678465127944946
mzrluleznq.mp4,0.9556223154067993
mzrmizvxsq.mp4,0.17684084177017212
mzrzzhsdax.mp4,0.14154091477394104
mzsjcryhbw.mp4,0.9234239459037781
mzssknmpxu.mp4,0.9882983565330505
mztlucosuc.mp4,0.41229552030563354
mzuegqwwqr.mp4,0.9654717445373535
mzuljqoefl.mp4,0.9899609684944153
mzurunkulx.mp4,0.2338848114013672
mzuyaimbdz.mp4,0.8569286465644836
mzvdjyomrd.mp4,0.9870680570602417
mzvkrctnjn.mp4,0.34630751609802246
mzvsjyqvmi.mp4,0.8804767727851868
mzvtzecszp.mp4,0.9885029792785645
mzwdblwztn.mp4,0.7910691499710083
mzxquocqxq.mp4,0.982772707939148
mzxyqchubw.mp4,0.9125483632087708
mzybpbboto.mp4,0.8840823173522949
mzydxbcvxd.mp4,0.9646663069725037
mzzfsddhse.mp4,0.9593926072120667
mzzwpfazkb.mp4,0.9731539487838745
naaaxmbvqe.mp4,0.777151882648468
naadaydsqi.mp4,0.9858173131942749
naatucffzt.mp4,0.9710105657577515
nabdomebrp.mp4,0.9858493208885193
nabxkonnmf.mp4,0.9366346001625061
nacbccbdvf.mp4,0.9893923997879028
nacddgwqqs.mp4,0.9111970067024231
nacldwtuwp.mp4,0.8895158767700195
nadbnxyblh.mp4,0.9900001883506775
naduxvdple.mp4,0.9868914484977722
naegyjynzp.mp4,0.9897814989089966
naelcubjlh.mp4,0.8143282532691956
nafhlyxrkc.mp4,0.9764981865882874
nafwukjwpw.mp4,0.9895126223564148
nagohhtzfk.mp4,0.9880250692367554
nagrrvjhnh.mp4,0.359671026468277
naitmknkhr.mp4,0.9899285435676575
naiyxicrfn.mp4,0.8540157079696655
najhikzjld.mp4,0.9790913462638855
najtzqgigt.mp4,0.8722803592681885
nakrbvvjft.mp4,0.9808833003044128
nakrjdvxgr.mp4,0.2951788902282715
nakvamxvdj.mp4,0.9197115302085876
nalpnekwbg.mp4,0.9857285022735596
namgagxcng.mp4,0.9519239068031311
namoatwlkh.mp4,0.9673908352851868
nanajofczq.mp4,0.9739745855331421
nanixzycaw.mp4,0.9873230457305908
naojqxfykz.mp4,0.7691901326179504
naplxsnwpu.mp4,0.20132896304130554
napynbbhoz.mp4,0.9640267491340637
naqivbtyog.mp4,0.9864233732223511
nardhwsjrc.mp4,0.9897298216819763
narfmfezcg.mp4,0.28751254081726074
narnjljqjv.mp4,0.8106020092964172
nataaoqgsc.mp4,0.984576940536499
natjbovrga.mp4,0.9182575941085815
navdzyrwsl.mp4,0.5591569542884827
nawgnhluzu.mp4,0.9437150359153748
naxalzyvuj.mp4,0.9336891174316406
naxbhpgfds.mp4,0.9836831092834473
nazahspgny.mp4,0.9900000691413879
nazorehocq.mp4,0.9260892271995544
nazxxczaxi.mp4,0.9803224205970764
nbadfnkmrj.mp4,0.9852087497711182
nbagbmjgka.mp4,0.9270430207252502
nbalxafbxx.mp4,0.9898694157600403
nbccsvozit.mp4,0.9071431756019592
nbcvyxosiu.mp4,0.9885241985321045
nbdlaqndcg.mp4,0.9630538821220398
nbeveeztxy.mp4,0.9629592299461365
nbfsletooq.mp4,0.9733577370643616
nbgbjkltkk.mp4,0.9885570406913757
nbgfbqbuxm.mp4,0.9878180623054504
nbgjuhzmgr.mp4,0.9057494401931763
nbgqctpzym.mp4,0.9865708947181702
nbgxafgabx.mp4,0.8578938841819763
nbgyggislz.mp4,0.14799748361110687
nbhcewtdqw.mp4,0.9619734883308411
nbhenrmcze.mp4,0.37756863236427307
nbhrkijthy.mp4,0.9899999499320984
nbilkqardi.mp4,0.9322754740715027
nbirrolmrt.mp4,0.145940899848938
nbjrxufaew.mp4,0.9831060767173767
nbkauiqejy.mp4,0.9676710963249207
nbkfendeyb.mp4,0.828586757183075
nblgnrrtjz.mp4,0.9772881865501404
nblylleytz.mp4,0.9899999499320984
nbmufxynnz.mp4,0.4880717694759369
nbneoabmks.mp4,0.06955498456954956
nbnhzvjdfe.mp4,0.9892544746398926
nbnljwbmhi.mp4,0.9618286490440369
nbpciitjgr.mp4,0.19948306679725647
nbphsempfr.mp4,0.9743983149528503
nbpkqeskxg.mp4,0.9350915551185608
nbpwwmnyxa.mp4,0.9067568778991699
nbqbukndps.mp4,0.7617252469062805
nbqsomcotk.mp4,0.3659614622592926
nbqtidnjms.mp4,0.9865317344665527
nbrkoihtck.mp4,0.09699613600969315
nbsciorjom.mp4,0.7973921895027161
nbsjrgghfg.mp4,0.7090572118759155
nbtyeoapln.mp4,0.2406909018754959
nbuypqthyx.mp4,0.9900000691413879
nbvclnwtee.mp4,0.12043484300374985
nbwcazqsrr.mp4,0.35656678676605225
nbwewyqvyr.mp4,0.6580244898796082
nbxduynjlg.mp4,0.9886124730110168
nbxjbsomza.mp4,0.6632070541381836
nbxnrzafup.mp4,0.637822151184082
nbxzlqzypt.mp4,0.9156813025474548
nbyaxzmueg.mp4,0.9703596234321594
nbyixzzyms.mp4,0.8615888953208923
nbyjfnzqne.mp4,0.9856734275817871
nbymxrswmu.mp4,0.9152945280075073
nbyvelzjzs.mp4,0.9900000691413879
nbyyspkdkk.mp4,0.9900000095367432
nbzctqjoki.mp4,0.8206771612167358
nbzsfubfdd.mp4,0.9890722036361694
nbztlmotqq.mp4,0.9776245355606079
nbzuqruwwg.mp4,0.9410779476165771
nbzwhpbwbk.mp4,0.9853043556213379
ncagjkzyxh.mp4,0.9898949861526489
ncbempbsch.mp4,0.9900000095367432
ncbxrjssdo.mp4,0.8342743515968323
ncckmopfoj.mp4,0.984200656414032
nccoxpnvlq.mp4,0.9648701548576355
nccwscmxww.mp4,0.9832158088684082
ncddommjsf.mp4,0.9847187399864197
ncdxngmtoz.mp4,0.8757652640342712
ncebrhagkb.mp4,0.37122902274131775
ncefruqmhs.mp4,0.9858980178833008
ncfkflbbdq.mp4,0.6358724236488342
ncfooskkuh.mp4,0.8087522387504578
ncfoydwtwa.mp4,0.9734342098236084
ncgenygrai.mp4,0.9899998903274536
ncgqhseegh.mp4,0.9724844694137573
ncijlpxdco.mp4,0.9892868399620056
ncjakxlyzp.mp4,0.8883554935455322
ncjqganhal.mp4,0.4911649227142334
ncklihamxl.mp4,0.9845424294471741
nckzuzznch.mp4,0.30616188049316406
ncmdnjgijn.mp4,0.22649845480918884
ncmfiprfwc.mp4,0.9656035900115967
ncmwgkyajq.mp4,0.8626247048377991
ncnubwzwhf.mp4,0.9635388255119324
ncnwsxnhah.mp4,0.9647189378738403
ncokiwnqdj.mp4,0.3149604797363281
ncooitzncv.mp4,0.8453822135925293
ncpqewudov.mp4,0.939099133014679
ncpszttxgy.mp4,0.9888705611228943
ncqqanlehb.mp4,0.7879610061645508
ncrhejmzud.mp4,0.9716681241989136
ncrkggcdqp.mp4,0.12063721567392349
ncrrzxmrwe.mp4,0.616186797618866
ncshnztnda.mp4,0.9758192300796509
ncslcpqowh.mp4,0.9862515926361084
ncsqfrlkxc.mp4,0.9883519411087036
nctfzxyxyu.mp4,0.9562065601348877
ncuxbddlhi.mp4,0.9894675612449646
ncvevwnadn.mp4,0.9775832891464233
ncvjumxdzg.mp4,0.9882103800773621
ncvmthnfmq.mp4,0.15256460011005402
ncvrvmweon.mp4,0.9892652630805969
ncvttqmssc.mp4,0.21076805889606476
ncwoxrstou.mp4,0.9759294390678406
ncwyatzoff.mp4,0.9900000095367432
ncxstxgbvl.mp4,0.9715967178344727
ncxwabwcyb.mp4,0.7971042394638062
ncynhltofb.mp4,0.9523000121116638
ncysibcigr.mp4,0.6095410585403442
nczdvzbdfg.mp4,0.37697845697402954
nczmyyozbp.mp4,0.7961472868919373
ndadmtndpq.mp4,0.9894753098487854
ndaeasdtck.mp4,0.4820092022418976
ndamkbrqxh.mp4,0.7772522568702698
ndaqopgpwc.mp4,0.9450380206108093
ndasmuptcl.mp4,0.9894556999206543
ndcdpizzth.mp4,0.9900001883506775
nddetnxxmi.mp4,0.9258437156677246
nddjzwotit.mp4,0.926006019115448
ndeefobajm.mp4,0.9600475430488586
ndejisxtyk.mp4,0.9868561029434204
ndexnspbog.mp4,0.9743880033493042
ndgftklgjz.mp4,0.28055959939956665
ndghbdqxaw.mp4,0.9803715944290161
ndgybupgup.mp4,0.9895942211151123
ndhkinkjaz.mp4,0.913166344165802
ndhmanzwwd.mp4,0.8970341682434082
ndicdlvezt.mp4,0.947842001914978
ndimhxnoxf.mp4,0.7539445161819458
ndjljobilu.mp4,0.988243579864502
ndjwprmhfs.mp4,0.9869293570518494
ndkbashetm.mp4,0.7368125319480896
ndkrblisgp.mp4,0.9776450991630554
ndleldyxig.mp4,0.9899998903274536
ndlexgyeim.mp4,0.6879838109016418
ndlojawreg.mp4,0.35350871086120605
ndlzvtwvke.mp4,0.8398824334144592
ndmeajgebk.mp4,0.9746367931365967
ndmwkldqpn.mp4,0.9153781533241272
ndncmjaplk.mp4,0.8795115351676941
ndndzdgoax.mp4,0.9787285327911377
ndntnxhgsr.mp4,0.673642635345459
ndomojllfe.mp4,0.8918493986129761
ndoopbvemg.mp4,0.2922123074531555
ndpfhbvauv.mp4,0.5801326632499695
ndpmoazufj.mp4,0.9890926480293274
ndpxqutyti.mp4,0.9899999499320984
ndpxrbzfmy.mp4,0.6558418869972229
ndqgkgnylx.mp4,0.9874882102012634
ndqstjaloe.mp4,0.9771100282669067
ndqugdzpdd.mp4,0.9409951567649841
ndqxtifvbw.mp4,0.17189191281795502
ndthilback.mp4,0.11638489365577698
ndtiurivhc.mp4,0.9071860313415527
ndtmnusqiw.mp4,0.9259600043296814
ndtouoonmq.mp4,0.4372583329677582
ndvgjdyvvg.mp4,0.5821923613548279
ndvjdqqjpt.mp4,0.70753413438797
ndvtnuwrqi.mp4,0.9867928624153137
ndwcvblfux.mp4,0.9615616202354431
ndwxvkswkw.mp4,0.650458812713623
ndxvdxwabf.mp4,0.832653284072876
ndyfmioebl.mp4,0.9598546624183655
ndyssxvehq.mp4,0.9899928569793701
ndzaasjzmx.mp4,0.9897259473800659
ndzhyipsgf.mp4,0.9740194082260132
ndzlhdhzek.mp4,0.9834322929382324
neapbkemvc.mp4,0.9137377738952637
neawnhakxq.mp4,0.8413296937942505
nebulnhpun.mp4,0.9312903881072998
nedgimdrmp.mp4,0.847997784614563
nedxsueslh.mp4,0.8024508953094482
neehuqbqms.mp4,0.12501145899295807
neesvzrjcl.mp4,0.9609706997871399
neetofpeop.mp4,0.9416865706443787
nefdyhzqtb.mp4,0.19812628626823425
nefstkupsd.mp4,0.8627409338951111
nefwkyjktt.mp4,0.810431957244873
negnavupsk.mp4,0.8659744262695312
negnjndvyn.mp4,0.2514443099498749
negxvyedxi.mp4,0.9807198643684387
nehdmrljlx.mp4,0.21215999126434326
nehuvaaiow.mp4,0.9791383743286133
neimmepcpb.mp4,0.9881414771080017
nejtxbldgv.mp4,0.8286697268486023
nekfgxguie.mp4,0.9647475481033325
nekkbqdjpq.mp4,0.9480693936347961
nekkflbpfl.mp4,0.9899610280990601
nekrdzkhxy.mp4,0.9851961731910706
nekzuvream.mp4,0.9870429635047913
nelvcxixcd.mp4,0.985740065574646
nemehpslrc.mp4,0.22495931386947632
nemhdqnybj.mp4,0.7874056696891785
nemkpqjcvt.mp4,0.9437727928161621
nemzrqisrf.mp4,0.3867802619934082
nenjrzfjmg.mp4,0.7187982797622681
nenpawpvqz.mp4,0.473356157541275
nenxtujdkb.mp4,0.6401430368423462
neofyuhhoc.mp4,0.6566851735115051
neorkmuset.mp4,0.9839532375335693
neotrnwthu.mp4,0.13716092705726624
neowwwmohf.mp4,0.22155068814754486
nepiitaaql.mp4,0.41737446188926697
nerdngaozu.mp4,0.9855472445487976
nesshvtwtr.mp4,0.9561944007873535
neufcsfawi.mp4,0.9189867377281189
neulmbbdrn.mp4,0.9878880977630615
neuptrhfdr.mp4,0.918046772480011
nevgvsfsfj.mp4,0.7161151766777039
nevzamgoje.mp4,0.18057197332382202
newzcrvihm.mp4,0.774684488773346
nexicsuwfg.mp4,0.9891738891601562
neyapofpos.mp4,0.9048606157302856
nezdynaehr.mp4,0.8121832609176636
neziwobkqi.mp4,0.9887669086456299
nfafdgautl.mp4,0.9561747312545776
nfagxfxxmo.mp4,0.7006661891937256
nfarqwepfq.mp4,0.9499766826629639
nfavgeygvm.mp4,0.9628342986106873
nfbfzdcwot.mp4,0.5220499038696289
nfccfekmzw.mp4,0.9646909832954407
nfckwrsfif.mp4,0.1246250569820404
nfdhuaduld.mp4,0.12464660406112671
nfeppuvcsi.mp4,0.9537119269371033
nffwindckj.mp4,0.9846529364585876
nffzvrduzp.mp4,0.9440009593963623
nfggecmjpb.mp4,0.9867786765098572
nfhclzgibh.mp4,0.9759489297866821
nfhdjadrtn.mp4,0.9738717079162598
nfhuunyiir.mp4,0.9900000095367432
nfisvcdmml.mp4,0.9845069050788879
nfjftplasm.mp4,0.936609148979187
nfjfylwjvj.mp4,0.23102319240570068
nfjhxghbts.mp4,0.8711304068565369
nfjzeblmbw.mp4,0.9880794882774353
nfknivueqd.mp4,0.9899999499320984
nfkpmwvonf.mp4,0.6513906121253967
nfksmyvixl.mp4,0.11812323331832886
nflbphjubl.mp4,0.9764243960380554
nflhgaehdw.mp4,0.8837958574295044
nfmkfgadlq.mp4,0.9868748784065247
nfnreimomi.mp4,0.980620801448822
nfnzfveobw.mp4,0.9869775772094727
nfpoyhnozd.mp4,0.8659335970878601
nfpwqayugo.mp4,0.8204447031021118
nfqahhtctq.mp4,0.29338935017585754
nfqpzchywu.mp4,0.2825314998626709
nfrlaisaut.mp4,0.6394727826118469
nfrmetmxwj.mp4,0.9885448217391968
nfrrqzlkng.mp4,0.7843682765960693
nfstajzaot.mp4,0.2579208314418793
nfstlbkqmn.mp4,0.8230958580970764
nfteepieyv.mp4,0.9807614684104919
nftojzxzoa.mp4,0.9764818549156189
nfujenqduw.mp4,0.944546639919281
nfupcronao.mp4,0.7290880084037781
nfuuhqslgt.mp4,0.2325483113527298
nfwtspkhvb.mp4,0.709854781627655
nfwzmbpnuv.mp4,0.9789924025535583
nfxiobzujj.mp4,0.19407843053340912
nfxlifwqks.mp4,0.8388476967811584
nfxxtygkcm.mp4,0.13789378106594086
nfzenikqql.mp4,0.9894123673439026
ngadlpokyf.mp4,0.6826058626174927
ngagorxtbd.mp4,0.9809536933898926
ngaosflxgo.mp4,0.9558574557304382
ngbixvttnd.mp4,0.969995379447937
ngbpjliria.mp4,0.9699531197547913
ngdyamcqwe.mp4,0.9662724137306213
ngeomqzowc.mp4,0.9710689783096313
ngewgqjitm.mp4,0.9066230654716492
ngfkevhzjk.mp4,0.9898314476013184
ngfpoxudtj.mp4,0.9714673757553101
ngfqihtamh.mp4,0.9900000095367432
ngfsjmmpqa.mp4,0.976260244846344
nggemodzrx.mp4,0.5256341695785522
nggrodpfsn.mp4,0.1709536612033844
nggwaxvlzw.mp4,0.9756379127502441
nghcjfduje.mp4,0.9795768857002258
nghoezpthp.mp4,0.6843461394309998
ngieuvlvky.mp4,0.19368286430835724
ngkbutwngd.mp4,0.35264408588409424
ngkrlyoazt.mp4,0.6848316788673401
ngktbwztro.mp4,0.8987488746643066
ngkwzwskhe.mp4,0.987284779548645
nglnvdbdxs.mp4,0.7044506072998047
nglohvjfku.mp4,0.25283360481262207
nglruwlshn.mp4,0.9272913336753845
nglsejvegf.mp4,0.33537641167640686
ngmddfsssu.mp4,0.9712150692939758
ngmfcgpvrl.mp4,0.9840048551559448
ngmorkepcx.mp4,0.20230720937252045
ngmtolyqmr.mp4,0.9713565111160278
ngnhfloutm.mp4,0.9761694669723511
ngnkrtzghl.mp4,0.9134067296981812
ngorbnmyld.mp4,0.9477919936180115
ngqbmzsnxp.mp4,0.9830490350723267
ngslrhavvk.mp4,0.8021369576454163
ngsrsoqizm.mp4,0.9750674962997437
ngtgoxypor.mp4,0.892573893070221
ngueyhtojp.mp4,0.983549177646637
ngulptlssh.mp4,0.9751579165458679
ngvbaolyub.mp4,0.9738562107086182
ngvbavyoqd.mp4,0.9809293150901794
ngvscvetrq.mp4,0.966832160949707
ngvxubpton.mp4,0.3549763858318329
ngwlbmzmke.mp4,0.9890677332878113
ngwvgtaqgj.mp4,0.9871205687522888
ngxcxpdpot.mp4,0.9739616513252258
ngxfhthyol.mp4,0.8949792981147766
ngxgcuotvc.mp4,0.9462385773658752
ngygnxotbf.mp4,0.9900000691413879
ngywuqvqcf.mp4,0.8957647085189819
ngzoqkyney.mp4,0.9891263842582703
ngzqnucpqt.mp4,0.3174298405647278
ngzxexjflf.mp4,0.9426370859146118
nhbvdshvas.mp4,0.9647857546806335
nhdjglbekk.mp4,0.3538021147251129
nhdngnotff.mp4,0.7064663171768188
nhdwrthria.mp4,0.6115748286247253
nhdxzascur.mp4,0.9897395372390747
nhgnfbsaoi.mp4,0.9897738099098206
nhgxigaeit.mp4,0.9623244404792786
nhgzydcyrn.mp4,0.9240109920501709
nhhixdaorj.mp4,0.761213481426239
nhhjhtrkxy.mp4,0.9900000095367432
nhjfadakup.mp4,0.7127776741981506
nhjfonhgva.mp4,0.12483849376440048
nhjpypcjiq.mp4,0.9822008013725281
nhldlpnhvr.mp4,0.9767383337020874
nhmmllqntc.mp4,0.3312811553478241
nhmqxumijx.mp4,0.9889240264892578
nhnhwalplb.mp4,0.9897223711013794
nhnklazruy.mp4,0.986120343208313
nhnmicfjkc.mp4,0.9897770285606384
nhnpsdmiig.mp4,0.9258063435554504
nhnqzsreme.mp4,0.6290639638900757
nhohwyteco.mp4,0.14825230836868286
nhomcfqwgr.mp4,0.9899999499320984
nhqnxuxcet.mp4,0.944061279296875
nhshcfhcxe.mp4,0.949371874332428
nhsjbsfvgv.mp4,0.9828729629516602
nhsmgcdzrh.mp4,0.21786130964756012
nhsyvtkfhr.mp4,0.9363030791282654
nhtuwustoz.mp4,0.29314514994621277
nhtwtvzaxv.mp4,0.9732229113578796
nhuymurici.mp4,0.9603049159049988
nhvrgmxvth.mp4,0.9132242202758789
nhwafxmheu.mp4,0.9885825514793396
nhwdszregz.mp4,0.8670940399169922
nhwzdmqtbf.mp4,0.8919311165809631
nhxowvyapk.mp4,0.137716606259346
nhxpgschgn.mp4,0.9759261608123779
nhyeoieamo.mp4,0.17787979543209076
nhygglussv.mp4,0.10110247880220413
nhyqkwcbod.mp4,0.9661985635757446
nhzvqxdaom.mp4,0.9865418672561646
nialojrqyu.mp4,0.9392476081848145
niapdlqizx.mp4,0.1749805361032486
niawhrtfjv.mp4,0.5875993371009827
nibmfggegz.mp4,0.9723276495933533
niboxwakue.mp4,0.7809978127479553
nictvjnrlt.mp4,0.8492077589035034
nididmnfsy.mp4,0.8885228633880615
nidvpqcuim.mp4,0.2599126100540161
niejsodevw.mp4,0.964474618434906
nierjgguuk.mp4,0.7130290269851685
nifgzvkblp.mp4,0.9436571598052979
nifuvhzbmb.mp4,0.9356761574745178
nigfvdrfqs.mp4,0.9729973673820496
niginimxca.mp4,0.9327545166015625
nigngkzouh.mp4,0.6653993129730225
nigwtgamqq.mp4,0.9888486266136169
nigytcchgw.mp4,0.16180139780044556
nihwthpyma.mp4,0.986518919467926
nihzmujqqg.mp4,0.8146621584892273
nijvrcwpfv.mp4,0.2447977066040039
nikjmzghma.mp4,0.9710783958435059
niksmfgbkz.mp4,0.9690819382667542
nilkyzjtka.mp4,0.9721299409866333
nimdyhpdhr.mp4,0.227319598197937
nimmkalbst.mp4,0.9669565558433533
ninnmxlimr.mp4,0.17937317490577698
ninqzofbpo.mp4,0.9851901531219482
ninzisesmh.mp4,0.9838683009147644
niozxpkvnn.mp4,0.9455404281616211
nipneftcvz.mp4,0.9094939827919006
nippajsgbk.mp4,0.9774687886238098
nippkrswfw.mp4,0.13824212551116943
nirjrklqzu.mp4,0.1385340839624405
nirxtmboor.mp4,0.7427123785018921
nitltcamre.mp4,0.9478806853294373
niuahgmais.mp4,0.9900000095367432
niuchraldf.mp4,0.989669144153595
nivmbunhta.mp4,0.3123342990875244
niwnfixqqn.mp4,0.133530855178833
niwobfvevz.mp4,0.9896886944770813
niwwecztgw.mp4,0.6149515509605408
niwyixzidw.mp4,0.7263883948326111
niylpksclj.mp4,0.923281192779541
niyzdxuwav.mp4,0.5716637969017029
nizimzttpj.mp4,0.9841151237487793
nizuthbrif.mp4,0.9764772057533264
nizyqplmoy.mp4,0.986729621887207
njabmaaiog.mp4,0.9897567629814148
njavildrws.mp4,0.7608349323272705
njcaovbtyh.mp4,0.9720019698143005
njcrpzrbth.mp4,0.9627392292022705
njcuuluowh.mp4,0.9189306497573853
njdgiohqdv.mp4,0.9331659078598022
njeltjdjqx.mp4,0.9772305488586426
njewytntow.mp4,0.9296700954437256
njfcejvwds.mp4,0.962057888507843
njfeteruka.mp4,0.9871034026145935
njgljwiwns.mp4,0.6418859958648682
njgumijotw.mp4,0.10554585605859756
njhbbxuahu.mp4,0.9873802661895752
njhdmaeykp.mp4,0.9779853224754333
njihyijkpv.mp4,0.986702024936676
njjgsjxsgc.mp4,0.9860386252403259
njmwrhwirv.mp4,0.9437161087989807
njmywmiirk.mp4,0.9552296996116638
njngzutjpt.mp4,0.8568685054779053
njnkhqprzw.mp4,0.5231200456619263
njnqmtotwi.mp4,0.9892323613166809
njnvjpiglm.mp4,0.9846597909927368
njojuwquvs.mp4,0.9260191321372986
njpdcldtar.mp4,0.9899067282676697
njpjjvdrzc.mp4,0.949320912361145
njpqdbsubj.mp4,0.9899404644966125
njqbwiajss.mp4,0.9888050556182861
njqszxgrds.mp4,0.6828550100326538
njqvtduwyp.mp4,0.22679893672466278
njradgdzmj.mp4,0.27717599272727966
njrcbkogwk.mp4,0.9474411010742188
njrpcrpkvt.mp4,0.9532499313354492
njrzonefqr.mp4,0.09140049666166306
njufvsurrp.mp4,0.9867663383483887
njvksnsuju.mp4,0.9192449450492859
njvlsykkxc.mp4,0.9430882930755615
njvqgnzdgf.mp4,0.9886301755905151
njwfepinvj.mp4,0.9650442600250244
njwnwambff.mp4,0.9855411052703857
njwsmltmvb.mp4,0.9581306576728821
njxmuszjcm.mp4,0.9899193048477173
njygdjslty.mp4,0.835345447063446
njyowkvohi.mp4,0.12010403722524643
njyuixnlbz.mp4,0.18413029611110687
njzlbzpmhj.mp4,0.6902023553848267
nkasoobayk.mp4,0.9809685945510864
nkaxowbysf.mp4,0.9852939248085022
nkazzgivmu.mp4,0.9897069334983826
nkbkeqplzq.mp4,0.9475335478782654
nkcazzgjcv.mp4,0.871265172958374
nkcnpbyqnh.mp4,0.9830167293548584
nkcqdkoimm.mp4,0.9684123992919922
nkdezlyzlz.mp4,0.9825016260147095
nkeotjdnuw.mp4,0.8128910660743713
nkeyiwhgjm.mp4,0.9882364869117737
nkfnoabmcp.mp4,0.9426401257514954
nkfwgkmlgy.mp4,0.9762715101242065
nkfydoeqqd.mp4,0.9568305611610413
nkgjczfdrh.mp4,0.8464997410774231
nkhhjotauz.mp4,0.15658758580684662
nkidbjwiql.mp4,0.989083468914032
nkifiktozw.mp4,0.8637888431549072
nkisgusori.mp4,0.870280385017395
nkjahbmcmy.mp4,0.9195545315742493
nkjiljpiie.mp4,0.9875823259353638
nkjvxekngp.mp4,0.9899998903274536
nkkavcrugm.mp4,0.9870554208755493
nkkwxbkdxc.mp4,0.16996382176876068
nkkyverkkz.mp4,0.8382437229156494
nkljanlsjo.mp4,0.9808722138404846
nklugzzkgm.mp4,0.8190569281578064
nklwtatmtq.mp4,0.16289615631103516
nkmccauprc.mp4,0.9832812547683716
nknaynkpbw.mp4,0.9123467206954956
nknvnlsuhw.mp4,0.9553403258323669
nkoqaasrfe.mp4,0.9870066046714783
nkowfejbbk.mp4,0.17811764776706696
nkpkkkzsbg.mp4,0.8954922556877136
nkppbhzwqc.mp4,0.9280518293380737
nkpqkddsgt.mp4,0.24618364870548248
nkpywupdbi.mp4,0.9869496822357178
nkqkvwpghi.mp4,0.38253670930862427
nkqvjykgmm.mp4,0.9496989846229553
nkrwbfhvzt.mp4,0.5839056372642517
nksfulptfj.mp4,0.9278961420059204
nkthitfanz.mp4,0.9744841456413269
nktugsvimx.mp4,0.9891756772994995
nkweonabbb.mp4,0.27890440821647644
nkwjnyzyjm.mp4,0.9410530924797058
nkwnsnvyjr.mp4,0.24473170936107635
nkwwgbetle.mp4,0.6950817704200745
nkxthkyjph.mp4,0.17210187017917633
nkxybyoptw.mp4,0.9788569808006287
nkxyfksfvj.mp4,0.6666907668113708
nkykfkfsjn.mp4,0.45796677470207214
nkywneibsa.mp4,0.9859803915023804
nkywuecmkl.mp4,0.8413839936256409
nlaevfisim.mp4,0.988785982131958
nlaycddtsf.mp4,0.9843530654907227
nlbdjpegpt.mp4,0.9900000095367432
nlbruwbslp.mp4,0.952272355556488
nlbvtntmqj.mp4,0.9812386631965637
nlcaewqvhl.mp4,0.681414783000946
nlcmkmgnqk.mp4,0.7989591360092163
nlcqykqsdp.mp4,0.23160715401172638
nlcvvunqdl.mp4,0.9492961168289185
nldohkaotb.mp4,0.9638041257858276
nldopkdett.mp4,0.9900000691413879
nlfhfkckjj.mp4,0.1752627044916153
nlfunzrrts.mp4,0.8103348612785339
nlgccbseha.mp4,0.9899999499320984
nlgencrtas.mp4,0.9768655300140381
nlgocixjwn.mp4,0.987471342086792
nlgzdkbpud.mp4,0.9899309277534485
nlhvhuwujo.mp4,0.7051566243171692
nlhxuxnjhr.mp4,0.9609180092811584
nliofvksed.mp4,0.17498835921287537
nljhfekcxb.mp4,0.9900001287460327
nllnjrcpgt.mp4,0.9890923500061035
nllujkwkye.mp4,0.2094929963350296
nllvvuifoj.mp4,0.8206135034561157
nlmhzevtqy.mp4,0.9899411201477051
nlnwdndxgd.mp4,0.9765321612358093
nlnydoghdv.mp4,0.897215723991394
nlootffhhf.mp4,0.9506545066833496
nloyfmwjwm.mp4,0.9485044479370117
nlpvkvxgma.mp4,0.3639219105243683
nlqvzzuvbn.mp4,0.9855502843856812
nlqyfjiwna.mp4,0.1334623247385025
nlqzjxdhas.mp4,0.9868043065071106
nlrlewifkr.mp4,0.9660440683364868
nlrmgdqfnr.mp4,0.09637686610221863
nltihqekcg.mp4,0.6785910129547119
nltnhsdkqf.mp4,0.7741117477416992
nluwruwldi.mp4,0.9740403294563293
nlvahugotq.mp4,0.9806859493255615
nlvvgrinhn.mp4,0.9168199896812439
nlvybmxxcx.mp4,0.9762290716171265
nlwppcfipz.mp4,0.9899998903274536
nlxjamaxhb.mp4,0.9737729430198669
nlxlxqlomt.mp4,0.23485726118087769
nlyudjboxs.mp4,0.8997383117675781
nlzhplggol.mp4,0.7756147980690002
nmaajbnbwv.mp4,0.9734305143356323
nmarhxamlz.mp4,0.8936164975166321
nmbevgcuec.mp4,0.9535800814628601
nmbznvrnkf.mp4,0.0907939225435257
nmdibzykwl.mp4,0.9314379692077637
nmdkoichxj.mp4,0.11253391206264496
nmdksnzkqd.mp4,0.9805757403373718
nmeotngklv.mp4,0.9656355381011963
nmesqtaegv.mp4,0.9838027954101562
nmexlfuxsf.mp4,0.3040744662284851
nmfklzabbb.mp4,0.9232807755470276
nmfxzmrdko.mp4,0.8625501990318298
nmhgmueqie.mp4,0.5
nmhkvqyayy.mp4,0.9831953644752502
nmicidrvps.mp4,0.9424981474876404
nmisncmqul.mp4,0.9855671525001526
nmjesbwiux.mp4,0.14638637006282806
nmjlqtwyta.mp4,0.14137773215770721
nmjxwyqgbn.mp4,0.7541068196296692
nmkcfzadnw.mp4,0.9900000095367432
nmlovqouaz.mp4,0.6044431328773499
nmlsjeasad.mp4,0.20133806765079498
nmmllacamk.mp4,0.973534107208252
nmobfoivkk.mp4,0.34912562370300293
nmoejsbfhm.mp4,0.10208099335432053
nmoriwezhz.mp4,0.3804481327533722
nmoxwutfpd.mp4,0.9872777462005615
nmpfcqcjby.mp4,0.8652892708778381
nmphdbflzj.mp4,0.17272637784481049
nmqwhnlkux.mp4,0.9891939163208008
nmrdabsqem.mp4,0.5531770586967468
nmryglrlxk.mp4,0.4188075661659241
nmtbqblekl.mp4,0.9650037288665771
nmtrhomiip.mp4,0.40141820907592773
nmufqvtyds.mp4,0.9743561744689941
nmujsijdwt.mp4,0.6082574725151062
nmupmlzmld.mp4,0.9684610962867737
nmupwhyxen.mp4,0.9887693524360657
nmupzhpgns.mp4,0.6533406376838684
nmvujwport.mp4,0.9472005367279053
nmwlejikul.mp4,0.9420783519744873
nmwpnbliet.mp4,0.9600688219070435
nmwreojynt.mp4,0.9855822324752808
nmxhxhkhxj.mp4,0.25089091062545776
nmycoyoyxr.mp4,0.4854365289211273
nmyemiebip.mp4,0.9764835238456726
nmyfrxeqko.mp4,0.9204718470573425
nmyhzwggkh.mp4,0.9608583450317383
nmyvarypvj.mp4,0.5581802129745483
nnadmydirf.mp4,0.9899944067001343
nnamqkfxas.mp4,0.982190728187561
nnccthpiws.mp4,0.8171828985214233
nncdxgzrcf.mp4,0.9590535759925842
nncfuuyncs.mp4,0.9841465950012207
nnckfqzdlh.mp4,0.7582864761352539
nndhvkpctq.mp4,0.8493706583976746
nndoszzxru.mp4,0.9595673084259033
nneshdsxzg.mp4,0.6821561455726624
nnfneewhmg.mp4,0.9899999499320984
nngajjgbsn.mp4,0.9134412407875061
nnglisilhj.mp4,0.9524892568588257
nngspjuznz.mp4,0.9250670075416565
nngtsajuzl.mp4,0.9898545145988464
nngvktxaza.mp4,0.12707093358039856
nnifcnwpnc.mp4,0.9822664856910706
nnitajlwru.mp4,0.39203792810440063
nnjhfldeep.mp4,0.9787160158157349
nnkymdgsrg.mp4,0.9900000095367432
nnnhvsiezg.mp4,0.9473356604576111
nnnkkjlkwr.mp4,0.90155428647995
nnnvtrkvow.mp4,0.9790456891059875
nnnyyjdstl.mp4,0.9789193868637085
nnohgquveh.mp4,0.8562328219413757
nnorradrqm.mp4,0.9345274567604065
nnpmvozcmf.mp4,0.9271560907363892
nnpuaismqx.mp4,0.9228273034095764
nnpulqoqtr.mp4,0.5671927332878113
nnqlasuoqh.mp4,0.9865905046463013
nnqrpygvif.mp4,0.8833742737770081
nnrdysxryo.mp4,0.958634614944458
nnrykhgzgs.mp4,0.4455379247665405
nnshsdsefa.mp4,0.9825307726860046
nnsjsdiprc.mp4,0.9863864779472351
nnsviegopy.mp4,0.9872158169746399
nnuarswldu.mp4,0.9792131185531616
nnuiegiysb.mp4,0.9823554754257202
nnuwlchsxj.mp4,0.21016313135623932
nnuyijzlju.mp4,0.7772959470748901
nnvpxpyhta.mp4,0.979185938835144
nnvyreexca.mp4,0.8514112830162048
nnwkycvpir.mp4,0.6091873049736023
nnwyjeeoiw.mp4,0.956360399723053
nnxkvtdqrd.mp4,0.5427967309951782
nnxohuibvx.mp4,0.8055629134178162
nnydvpvips.mp4,0.709257960319519
nnygcxtetl.mp4,0.9896618127822876
nnyqrcuxxz.mp4,0.9548618793487549
nnzewiglox.mp4,0.9378673434257507
nnztzqdnmx.mp4,0.9297914505004883
nnzvjykscy.mp4,0.9882515668869019
nnzxldrkri.mp4,0.9859201908111572
noagmcpxfb.mp4,0.9876907467842102
nobrvdftmd.mp4,0.9678817391395569
nocuhkkvqz.mp4,0.9899877309799194
nofipjebdq.mp4,0.9733161330223083
nofpccqmiy.mp4,0.9899999499320984
nofpptlanp.mp4,0.9372051358222961
nofqcwbhmc.mp4,0.9741062521934509
nofyjiivre.mp4,0.14415445923805237
nogfxrnhgf.mp4,0.9842888712882996
noghkwghyx.mp4,0.9693745970726013
nogxisbqcq.mp4,0.31046292185783386
nogxmbvoic.mp4,0.8961544036865234
nohvjixdca.mp4,0.9507647752761841
nohvqxcxzl.mp4,0.9803268313407898
noimhehxij.mp4,0.9850020408630371
noiojkacja.mp4,0.957407534122467
noiorsbnni.mp4,0.9504529237747192
noisbvumhr.mp4,0.989987850189209
nomkqqfjml.mp4,0.9430806636810303
nomnlcessa.mp4,0.9248250126838684
nonubiiklc.mp4,0.2332994043827057
nopfkczwsv.mp4,0.9435617327690125
noqtlqcipx.mp4,0.9600072503089905
norbabdxvt.mp4,0.142568901181221
norlaobivm.mp4,0.9705547094345093
notdbkrzwi.mp4,0.938005805015564
notesdzqcd.mp4,0.388420045375824
notmhaxgxz.mp4,0.9840652942657471
notprrantw.mp4,0.9318970441818237
notviccbkr.mp4,0.9900000095367432
nousyfacxi.mp4,0.9597935080528259
novgixysji.mp4,0.982245147228241
novnncrpgw.mp4,0.12456045299768448
novyrpxign.mp4,0.836837112903595
nowhicwoms.mp4,0.8450379371643066
nowjdzuevg.mp4,0.20896588265895844
nowuwozmws.mp4,0.9622834920883179
noxpzvacis.mp4,0.9545854330062866
noxxoluzqz.mp4,0.9871059060096741
noyomrfcgp.mp4,0.42934858798980713
npaabhuyuq.mp4,0.1240839958190918
npajzcjzfd.mp4,0.5228292942047119
npatrimkki.mp4,0.9798662066459656
npaumcpfsj.mp4,0.8209213018417358
npayobbfjy.mp4,0.288047194480896
npbcodcrvo.mp4,0.9762959480285645
npbruzyguz.mp4,0.9817980527877808
npcqxjndip.mp4,0.11915425956249237
npdhyvzkkl.mp4,0.1514851152896881
npdomfybya.mp4,0.9527831673622131
npdtwialqk.mp4,0.9850477576255798
npdycydgac.mp4,0.858625054359436
npebbtzpno.mp4,0.12810790538787842
npeexozwbr.mp4,0.8771508932113647
npemjjupmd.mp4,0.9430922269821167
npeqjyptma.mp4,0.8583642840385437
npermerlix.mp4,0.19502857327461243
nperofhujp.mp4,0.9844209551811218
npfaklyxop.mp4,0.9631050825119019
npfftxegxs.mp4,0.8901450037956238
npflsvxwlw.mp4,0.2819121479988098
npfzyudomm.mp4,0.17071092128753662
npgqvhwoys.mp4,0.9454095363616943
npigvzszfi.mp4,0.9766627550125122
npiptahdld.mp4,0.8171588778495789
npiqvirqkh.mp4,0.35209181904792786
npjmiuyfmh.mp4,0.9649918675422668
npjtgmzhwb.mp4,0.39264577627182007
npkyzxgmzj.mp4,0.9894582033157349
npmtpszgzs.mp4,0.9897569417953491
npmvipqgsl.mp4,0.9884795546531677
npmvwnakvt.mp4,0.8918234705924988
npnllumbmi.mp4,0.9668205380439758
npntekdlue.mp4,0.9813051223754883
npovcpwcsg.mp4,0.114397332072258
npowjyfbiv.mp4,0.581703245639801
nppczasfbk.mp4,0.8745483756065369
npphoktpnv.mp4,0.9681938886642456
npppxzljbd.mp4,0.5149324536323547
nppykegcai.mp4,0.8987817168235779
npqfnxhfbu.mp4,0.9882063269615173
npqipwrwon.mp4,0.16219955682754517
npsnpdjcux.mp4,0.6587905883789062
npthgupiqh.mp4,0.9865284562110901
nptmqvfuhz.mp4,0.9203395247459412
nptxjldsws.mp4,0.9725654721260071
npummsmkbt.mp4,0.9888097047805786
npuqwhbzut.mp4,0.8936528563499451
npvhjcjgdp.mp4,0.20572605729103088
npvwsnmpqt.mp4,0.11265334486961365
npwanvonrz.mp4,0.9735882878303528
npxjgwchlb.mp4,0.35447102785110474
npxnwwuvqh.mp4,0.9882073402404785
npxtahzueo.mp4,0.16919954121112823
npyvfrhxjn.mp4,0.7608901858329773
npyvifjggf.mp4,0.8768028616905212
npzidjrmup.mp4,0.5696004033088684
npzsekxhjd.mp4,0.5851978659629822
nqastlnxgw.mp4,0.9560922384262085
nqcammjhwz.mp4,0.9581457376480103
nqctdktbtb.mp4,0.27854102849960327
nqdaltgxlr.mp4,0.680836021900177
nqdddxgokr.mp4,0.9895915389060974
nqesppbjpt.mp4,0.9658857583999634
nqeuzfqjif.mp4,0.9821963310241699
nqgzmlhrur.mp4,0.4223577082157135
nqibmvlhsu.mp4,0.18994873762130737
nqiopzupqx.mp4,0.9900000691413879
nqismrrwiz.mp4,0.9887692332267761
nqjffgwbes.mp4,0.9840584397315979
nqjnrvypxs.mp4,0.12585075199604034
nqlxvtyjjs.mp4,0.9900000095367432
nqlybpayjm.mp4,0.9828138947486877
nqnhkzezvj.mp4,0.25487515330314636
nqoygqqyby.mp4,0.9825873970985413
nqplvlygic.mp4,0.982312023639679
nqptouihyw.mp4,0.24017727375030518
nqpxmavjit.mp4,0.97455894947052
nqqmevnerb.mp4,0.6492223143577576
nqqojagqeg.mp4,0.9038504958152771
nqqomjbdyl.mp4,0.17771568894386292
nqqrqoodbv.mp4,0.9879393577575684
nqqrxhcpdt.mp4,0.9276261925697327
nqrmezvxnm.mp4,0.14118652045726776
nqszeemevi.mp4,0.5624686479568481
nqtnjisjmh.mp4,0.9879050254821777
nqtnlgswmi.mp4,0.16057023406028748
nqwckyaaph.mp4,0.9839766025543213
nqwkmhbiuu.mp4,0.2892718017101288
nqxkmokygc.mp4,0.39278870820999146
nqxuzmcqol.mp4,0.9823932647705078
nqynuhnklk.mp4,0.17761370539665222
nqzambflwv.mp4,0.9841800332069397
nqzoedoidj.mp4,0.9802602529525757
nqzpvwyeni.mp4,0.9633321762084961
nrahftzzny.mp4,0.9899999499320984
nrahlhmrbk.mp4,0.9241018891334534
nrapipcizp.mp4,0.9782145619392395
nraxrkbbdy.mp4,0.9600005149841309
nrbzfxrzun.mp4,0.9831441640853882
nrdvdjropz.mp4,0.979836642742157
nrecykduyh.mp4,0.8282067179679871
nreekohhwx.mp4,0.9879472255706787
nreerhgakh.mp4,0.9876119494438171
nrejfcjyvn.mp4,0.803718626499176
nrensguenu.mp4,0.24398092925548553
nreowcfxki.mp4,0.8466964364051819
nrfwrjlnfz.mp4,0.1621481329202652
nrgkltaqrm.mp4,0.8046773672103882
nrgljucorv.mp4,0.7740273475646973
nrhekachxa.mp4,0.986286997795105
nrhgbhqixu.mp4,0.11332833766937256
nrhuaxmaei.mp4,0.980131208896637
nriugrowxm.mp4,0.8244587182998657
nrjiegycif.mp4,0.9897044897079468
nrkfnwfmmq.mp4,0.1709287315607071
nrkhloopau.mp4,0.9870758056640625
nrkvsrekbo.mp4,0.9041164517402649
nrllfjreds.mp4,0.9588906168937683
nrloxsqltq.mp4,0.9820953607559204
nrlptdimhy.mp4,0.9890095591545105
nrlztzipqm.mp4,0.8991070985794067
nrneuuirjq.mp4,0.5396336317062378
nrorzygitl.mp4,0.7191962599754333
nrosulgdaa.mp4,0.44559788703918457
nrpjiatbhb.mp4,0.348153680562973
nrqiqmracd.mp4,0.7148730158805847
nrqvxmfaih.mp4,0.6987619400024414
nrscfrjxpb.mp4,0.9854313135147095
nrtogvzsfv.mp4,0.9841642379760742
nrtvbpnsvs.mp4,0.9830027222633362
nrtwlhektm.mp4,0.9057674407958984
nrupdzgtot.mp4,0.8653842210769653
nrvcafkbxc.mp4,0.8949049711227417
nrvnsoucor.mp4,0.9892885088920593
nrwcfhbqgx.mp4,0.9890212416648865
nrwcufxspx.mp4,0.9248042702674866
nrwfmqnbfg.mp4,0.9779874086380005
nrwwdsrilc.mp4,0.9900000095367432
nrxsqtqdrd.mp4,0.8835130333900452
nrxxnkagdt.mp4,0.9479047060012817
nryitiqdwj.mp4,0.9351832866668701
nryzsamlcc.mp4,0.9873045682907104
nrzouuwyke.mp4,0.9638420343399048
nrzrjlloaa.mp4,0.9897179007530212
nrzxgzsvyt.mp4,0.3286534249782562
nsaucwfsni.mp4,0.9816592335700989
nsavbywhlu.mp4,0.851664662361145
nsbexvztiz.mp4,0.9896949529647827
nscwodwptx.mp4,0.9082249999046326
nsfxduzgxe.mp4,0.916616678237915
nsgjhdfnel.mp4,0.9279853105545044
nsgrfxfgzx.mp4,0.9834350347518921
nsjtrpiibq.mp4,0.9834752678871155
nsklzemzdh.mp4,0.9536246657371521
nskodlffxd.mp4,0.7176985144615173
nslahfiahv.mp4,0.7919014096260071
nslxkqcpyj.mp4,0.8816289305686951
nsmquvcfsa.mp4,0.9892012476921082
nsohfcgsxk.mp4,0.9837983846664429
nsozqvhalr.mp4,0.24250242114067078
nspjujjjvq.mp4,0.9127247929573059
nsqznrirkq.mp4,0.9819086194038391
nssmzulvqc.mp4,0.46319058537483215
nssszcymey.mp4,0.8271536827087402
nsufkociux.mp4,0.1343841552734375
nsuxqkbstm.mp4,0.9899998307228088
nsvhzrlnys.mp4,0.8100011348724365
nsvjutkfsd.mp4,0.4774240553379059
nsvqkdtcth.mp4,0.9815505146980286
nsvqqhqyez.mp4,0.9184637069702148
nswmgtflfq.mp4,0.9241173267364502
nswyxycnuc.mp4,0.9895371794700623
nswzlobimy.mp4,0.814386785030365
nsxelihgsi.mp4,0.9851487278938293
nsxvwdqedk.mp4,0.6950454711914062
nsxyamblpl.mp4,0.9885154962539673
nsybnsfnbv.mp4,0.9634934067726135
nsyebcpbtr.mp4,0.9876906871795654
nsypyinhvp.mp4,0.988745391368866
nsysyqeexx.mp4,0.9701902866363525
nszhfynfla.mp4,0.9554696679115295
nszqdgagcm.mp4,0.9831061959266663
nszuwmjcoy.mp4,0.9894782304763794
nszylqzkqy.mp4,0.9438735246658325
ntaqujyzes.mp4,0.9858164191246033
ntbsgdskdt.mp4,0.30986568331718445
ntcfyojagi.mp4,0.17420269548892975
ntddrnimyn.mp4,0.9866196513175964
ntdmumievw.mp4,0.9848359227180481
ntdtubxayn.mp4,0.9617218375205994
ntefdatbyi.mp4,0.9395700097084045
ntewtdnlzp.mp4,0.9882922172546387
ntfjkxwfqt.mp4,0.9624145030975342
ntfnqcgfkg.mp4,0.7227082848548889
ntfzzevqkw.mp4,0.1594354659318924
ntgbrgihst.mp4,0.8832862973213196
ntgfnmjssx.mp4,0.9583566188812256
ntgqxpnxps.mp4,0.9891340732574463
ntgrzfrfae.mp4,0.08345220983028412
ntgwsllyez.mp4,0.9118388891220093
nthdwymnqx.mp4,0.9288164377212524
nthlmvjxac.mp4,0.24456921219825745
nthojjycja.mp4,0.14092470705509186
nthoozcwom.mp4,0.985371470451355
ntjlrxljey.mp4,0.4607240557670593
ntjrfucfrj.mp4,0.9359376430511475
ntjroriout.mp4,0.9702286124229431
ntkahhxqha.mp4,0.9897478222846985
ntklfrjzeq.mp4,0.9898172616958618
ntlzabqwkd.mp4,0.97017902135849
ntmellhygi.mp4,0.9738401770591736
ntmlwvaxps.mp4,0.8902420997619629
ntmndmbccv.mp4,0.9718685746192932
ntnkyyqged.mp4,0.9697598218917847
ntoaoupwxq.mp4,0.24144046008586884
ntqzfgmhnj.mp4,0.9900000691413879
ntrnnutlwl.mp4,0.9399278163909912
ntsdlgbqhp.mp4,0.13035978376865387
ntssjzspmo.mp4,0.9150501489639282
ntstgfpnxb.mp4,0.9900000691413879
nttffkxnok.mp4,0.6863884925842285
nttnjwzaxh.mp4,0.9779207706451416
nttuvajych.mp4,0.9867256283760071
ntuhqblpqz.mp4,0.9395177960395813
ntuwypwqpn.mp4,0.7812654376029968
ntvhqlwgin.mp4,0.5941308736801147
ntvjivuwes.mp4,0.7966277599334717
ntvvvvhwdq.mp4,0.961052417755127
ntvxqzlpke.mp4,0.9570547938346863
ntwgdzmyas.mp4,0.9486879110336304
ntxcgnddhp.mp4,0.9693119525909424
ntxghjjcal.mp4,0.9845247864723206
ntyhipqmnx.mp4,0.919898271560669
ntyyvsnmks.mp4,0.9899998903274536
ntzbmwcatz.mp4,0.9686952829360962
ntzdddfzui.mp4,0.9782191514968872
ntzesquehy.mp4,0.8785316348075867
ntzghxinnx.mp4,0.9648895263671875
ntzjpeycpc.mp4,0.8047552108764648
ntzksgkdxo.mp4,0.9862486124038696
ntzunomgei.mp4,0.10433369874954224
ntzxguqfnz.mp4,0.9438853859901428
ntzzprwarc.mp4,0.2517814040184021
nuayllevfl.mp4,0.11031074076890945
nubbvxsmcn.mp4,0.9895737767219543
nubljfajla.mp4,0.8697537779808044
nucezildwg.mp4,0.1145629733800888
nucqorkejg.mp4,0.989514946937561
nucrfmvtcm.mp4,0.5885462760925293
nucthtkfvg.mp4,0.9891325831413269
nudavmlpkv.mp4,0.9637876749038696
nuessblxds.mp4,0.21416302025318146
nufdwjhmym.mp4,0.8060349225997925
nufudxdzir.mp4,0.15149882435798645
nugkfydnpf.mp4,0.8952636122703552
nugvcomfet.mp4,0.9705631732940674
nuhencoeic.mp4,0.15489992499351501
nuhmeanhpu.mp4,0.16255854070186615
nuhsewhqke.mp4,0.9808104038238525
nuihrezbty.mp4,0.9898368716239929
nuilcvfbub.mp4,0.2662906348705292
nuinncmjhp.mp4,0.13244643807411194
nuitrhnxaz.mp4,0.7899510860443115
nujenczvyk.mp4,0.9553013443946838
nujhgmhtmr.mp4,0.3065091371536255
nujpgxavmm.mp4,0.7845639586448669
nukidmlrif.mp4,0.8975965976715088
nukkvsnszt.mp4,0.9899999499320984
nukljlrzti.mp4,0.9769085049629211
nuknrhaizy.mp4,0.9675358533859253
nukrjhjreq.mp4,0.44033581018447876
nulfeatedd.mp4,0.7997159361839294
nulnignjni.mp4,0.8344447612762451
numtjfjzcp.mp4,0.9666604995727539
nunjcarakf.mp4,0.9841284155845642
nuntivxdpf.mp4,0.9193016290664673
nuoivcqmpo.mp4,0.9900000095367432
nuonfkbcjq.mp4,0.9880924820899963
nuosmaivve.mp4,0.9897270798683167
nupkeclpvx.mp4,0.9843242168426514
nupmnrytuy.mp4,0.8272802233695984
nuqocwxdpe.mp4,0.9843284487724304
nussrkyuzy.mp4,0.9681679010391235
nutxpqqfka.mp4,0.9020563364028931
nutyeqzuex.mp4,0.31044626235961914
nuumleudbr.mp4,0.9505417346954346
nuvdbubaaz.mp4,0.9358394145965576
nuwypcyftm.mp4,0.2883418798446655
nuwznpojpl.mp4,0.9528214335441589
nuxmwtgveu.mp4,0.9891613721847534
nuyjmlcfse.mp4,0.9897202253341675
nuzbbjlaed.mp4,0.7907751202583313
nuzkysrxqg.mp4,0.9898282289505005
nuzlbjavcd.mp4,0.20027045905590057
nvaovmezke.mp4,0.9801719784736633
nvarnevska.mp4,0.9880250692367554
nvbaqvriaf.mp4,0.9690051674842834
nvdhqlbqlr.mp4,0.9424710273742676
nvdlipgrjp.mp4,0.7992743253707886
nvegneixhd.mp4,0.9826701879501343
nvezjvkfbu.mp4,0.6096598505973816
nvfeurolww.mp4,0.878223180770874
nvfppusmdg.mp4,0.965661346912384
nvfrljnvwe.mp4,0.9807921051979065
nvgeelmvgd.mp4,0.6724909543991089
nvgrtyokmz.mp4,0.7844099998474121
nvgyxlqavb.mp4,0.9891535639762878
nvhosphkdk.mp4,0.9775046706199646
nvhpqcogwj.mp4,0.9520142674446106
nviqansysv.mp4,0.9654948115348816
nvjlkudcgs.mp4,0.9531266689300537
nvjryupimn.mp4,0.9789649248123169
nvkbbgsiju.mp4,0.4075031280517578
nvkzpexyzg.mp4,0.823867917060852
nvllpjeryv.mp4,0.4528818428516388
nvlzpldvqm.mp4,0.9827499389648438
nvmkjnfdss.mp4,0.9900000691413879
nvmmvpfesr.mp4,0.9745284914970398
nvmouwwlqw.mp4,0.9250484108924866
nvnrdguvoa.mp4,0.10776562243700027
nvoshqrlzq.mp4,0.9723238348960876
nvoxusmktd.mp4,0.8582040667533875
nvpspxabqh.mp4,0.9889564514160156
nvptcoxzah.mp4,0.19617551565170288
nvpurgnotz.mp4,0.5882883071899414
nvpxlfgkep.mp4,0.11298731714487076
nvrjfquioy.mp4,0.23066769540309906
nvrlpyydkz.mp4,0.9758565425872803
nvrnvrqqch.mp4,0.9820563793182373
nvrvwenaka.mp4,0.6755087971687317
nvsecbicpr.mp4,0.9653803110122681
nvsgjptpyl.mp4,0.8458662629127502
nvslsuynsq.mp4,0.6438331007957458
nvtcrgsmky.mp4,0.983414351940155
nvtlghsqlw.mp4,0.7818833589553833
nvtqvmwpoq.mp4,0.9865363836288452
nvwgwfghgl.mp4,0.6520251035690308
nvwshdfbpl.mp4,0.98514723777771
nvyubogqjt.mp4,0.6666858792304993
nvzepplmum.mp4,0.8223603367805481
nvzmqiohes.mp4,0.9883815050125122
nvzuvfktkn.mp4,0.3589502274990082
nwakxhfqhx.mp4,0.9878048300743103
nwazybtjqh.mp4,0.9900000095367432
nwbltpwrly.mp4,0.9488431215286255
nwbuqdfaym.mp4,0.9882538914680481
nwbwmvbsmd.mp4,0.983000636100769
nwbwxejtov.mp4,0.9398695826530457
nwbxbahmrl.mp4,0.9895393252372742
nwbyeexinp.mp4,0.8524447679519653
nwcgptkxrv.mp4,0.6279740333557129
nwcjuolyzc.mp4,0.9882192611694336
nwcluqjiyl.mp4,0.9506203532218933
nwedfeohwd.mp4,0.9837476015090942
nwequzggbv.mp4,0.9406662583351135
nweuuovoaa.mp4,0.8698171377182007
nwfhiittig.mp4,0.7027535438537598
nwfplcjnen.mp4,0.9698021411895752
nwfprtqvlb.mp4,0.9771350026130676
nwgaqkjmki.mp4,0.9791280031204224
nwgdmwhaik.mp4,0.6807292699813843
nwggcjdzxf.mp4,0.9786038994789124
nwgwuxpztr.mp4,0.9658856987953186
nwherawboe.mp4,0.9899999499320984
nwiducncsk.mp4,0.9900000691413879
nwinjfdyjv.mp4,0.9736270308494568
nwinoueqyn.mp4,0.9843004941940308
nwiqrbitkj.mp4,0.9898588061332703
nwjfvfmzps.mp4,0.9733343720436096
nwjmjtqccp.mp4,0.5011855959892273
nwlbqrgbic.mp4,0.945885181427002
nwlzgfrgxg.mp4,0.9850396513938904
nwmleiuhpu.mp4,0.9803287982940674
nwmtwtovds.mp4,0.7568643689155579
nwmukdplmc.mp4,0.9775075316429138
nwnmvpzmws.mp4,0.9863725304603577
nwoyzwczsf.mp4,0.16291210055351257
nwpjfdronk.mp4,0.9847161173820496
nwppyufqfc.mp4,0.9303250908851624
nwqacsqelt.mp4,0.9765518307685852
nwqoxdruen.mp4,0.9895908236503601
nwqvacaoxx.mp4,0.9876253008842468
nwrektpeut.mp4,0.9448038935661316
nwrioylyfa.mp4,0.8152608871459961
nwrmvgztnf.mp4,0.8590646982192993
nwrwgeymzv.mp4,0.22272354364395142
nwseytwegi.mp4,0.8683108687400818
nwtxntdwsd.mp4,0.9738645553588867
nwusthgoam.mp4,0.7222183346748352
nwvcnmhzkv.mp4,0.984890878200531
nwvtbjcvsd.mp4,0.5873458385467529
nwvzszmcso.mp4,0.08874476701021194
nwwrhedlhc.mp4,0.9854815602302551
nwwtcqrkgx.mp4,0.9849363565444946
nwxgvwpzay.mp4,0.9819543361663818
nwydxizggu.mp4,0.8506274223327637
nwywllzwgc.mp4,0.9560989141464233
nwyynkkngk.mp4,0.960730254650116
nwzhvrblqt.mp4,0.9881046414375305
nwzvlzuweg.mp4,0.9727537035942078
nxanysfxgs.mp4,0.7530190944671631
nxbhwochud.mp4,0.7157223224639893
nxbqzrfgtj.mp4,0.981212854385376
nxbufaxyzg.mp4,0.9725609421730042
nxbugavqfh.mp4,0.9239700436592102
nxczwowbna.mp4,0.9119871854782104
nxdilovogq.mp4,0.9900001287460327
nxeazxbofa.mp4,0.1177651584148407
nxenrjcfjf.mp4,0.9405747652053833
nxepolnpgo.mp4,0.9898513555526733
nxgmjfgtjy.mp4,0.9665690660476685
nxgmqlbfkl.mp4,0.9898724555969238
nxgvforigs.mp4,0.9129946231842041
nxhbjdrosg.mp4,0.6542443633079529
nxibzxvypr.mp4,0.9624406695365906
nxihjsvfwo.mp4,0.7886962294578552
nxijklmnev.mp4,0.8839948773384094
nxioraqqoe.mp4,0.23738308250904083
nxjlzvthfa.mp4,0.9750968217849731
nxjrucsptp.mp4,0.6912146210670471
nxjzjiposq.mp4,0.9886899590492249
nxkszdswaq.mp4,0.23634392023086548
nxkwviyyhu.mp4,0.9900000691413879
nxkyciqhab.mp4,0.38128024339675903
nxlkhvpijm.mp4,0.9764785766601562
nxlmreahhi.mp4,0.9842443466186523
nxlwghipqa.mp4,0.976367175579071
nxmprxgaiy.mp4,0.916772186756134
nxmwhvjrvf.mp4,0.1948452591896057
nxnnkufvoz.mp4,0.963644802570343
nxnsmqjnqk.mp4,0.578940212726593
nxobpksauw.mp4,0.18965178728103638
nxobvhrpab.mp4,0.926821231842041
nxokyagjyh.mp4,0.9655297994613647
nxoofsqiit.mp4,0.6096296310424805
nxpasusupk.mp4,0.9871067404747009
nxpcjfmeib.mp4,0.941932201385498
nxstqqaexq.mp4,0.9549282789230347
nxtcsqmibe.mp4,0.8935146927833557
nxtggqnpdr.mp4,0.9896945357322693
nxtsawqotg.mp4,0.11914803087711334
nxubdebuwq.mp4,0.12342269718647003
nxudkrhkzm.mp4,0.9435038566589355
nxuypaqrse.mp4,0.9897909760475159
nxvdbatskc.mp4,0.09639027714729309
nxvxmphdol.mp4,0.35446852445602417
nxwgpssriy.mp4,0.6673470139503479
nxwnpxpyzg.mp4,0.9740386605262756
nxwwommfst.mp4,0.9839665293693542
nxwywidxjb.mp4,0.9892734885215759
nxxicqsjsd.mp4,0.9517583250999451
nxximtsmar.mp4,0.9650892019271851
nxxktzrwie.mp4,0.6068581342697144
nyajttovbx.mp4,0.967292308807373
nyaxmngtmk.mp4,0.749581515789032
nyayqkqtre.mp4,0.7985070943832397
nybbxyzmox.mp4,0.9603555202484131
nyborsczcr.mp4,0.3916768431663513
nybubisgar.mp4,0.14920850098133087
nybutishxr.mp4,0.9533066749572754
nybzfwuddi.mp4,0.8206712603569031
nycsejabqm.mp4,0.9578934907913208
nydllwdktl.mp4,0.09627894312143326
nyduwflrzb.mp4,0.9734798073768616
nyefmfbsmb.mp4,0.8813218474388123
nyfcbktuoy.mp4,0.3615817725658417
nyghtjodio.mp4,0.8121969699859619
nygraqccsy.mp4,0.09944143146276474
nyhauisjuh.mp4,0.98158860206604
nyhietkbdm.mp4,0.982550323009491
nyibnxwblj.mp4,0.9606251120567322
nyixyzcnhv.mp4,0.9722718596458435
nyjqqdnzdn.mp4,0.9410454034805298
nyjuzbmgmj.mp4,0.9854560494422913
nyjxveffwj.mp4,0.9867627620697021
nykfckrlki.mp4,0.3105666935443878
nylaahxmbf.mp4,0.47949767112731934
nylzkdswth.mp4,0.6836646199226379
nymsmmqenu.mp4,0.9814320802688599
nyoossxsjk.mp4,0.31753009557724
nyoydluvhp.mp4,0.9450454711914062
nyoyrufezb.mp4,0.9828723669052124
nypcdllnnq.mp4,0.9674714207649231
nypgafnmnd.mp4,0.9899999499320984
nyqooevati.mp4,0.9164936542510986
nyrbawwubp.mp4,0.629401445388794
nytizeqavr.mp4,0.9891818761825562
nytqjpizty.mp4,0.11785334348678589
nyukgmudmb.mp4,0.9897905588150024
nyuklzgkcw.mp4,0.08275321125984192
nyutzyhxvm.mp4,0.575507640838623
nyvifevxlh.mp4,0.9619653820991516
nyvzzgsyae.mp4,0.9898394346237183
nywafxuwcs.mp4,0.9864019751548767
nywphgcvmv.mp4,0.9823229908943176
nyxzclwvmr.mp4,0.9506030082702637
nyypvkmqsg.mp4,0.10706786066293716
nyysglnjxl.mp4,0.7644544839859009
nyyyofcysx.mp4,0.4958013892173767
nyzenatvho.mp4,0.2157479077577591
nyzgkefwxf.mp4,0.9643306136131287
nyzppfjfxo.mp4,0.9269586801528931
nyzytczwrf.mp4,0.29979604482650757
nzaofzwzzg.mp4,0.9525055885314941
nzcmxhwdrw.mp4,0.9843048453330994
nzdvbsiecc.mp4,0.8045588135719299
nzebweshcr.mp4,0.16113543510437012
nzepxsbotb.mp4,0.1132047027349472
nzfedneure.mp4,0.9791763424873352
nzfezmyinv.mp4,0.9436166286468506
nzhbxkycpx.mp4,0.959505021572113
nzhlwidapj.mp4,0.13546353578567505
nzhrnqrbum.mp4,0.5
nzjrdhejrt.mp4,0.938084065914154
nzjvsfyonv.mp4,0.9900000095367432
nzkdgmimzf.mp4,0.9810572266578674
nzkuzdblea.mp4,0.9321129322052002
nzlikttaft.mp4,0.950410008430481
nzlxgtpfja.mp4,0.9801382422447205
nzmeuitznn.mp4,0.24086128175258636
nzmrqscwsn.mp4,0.944786012172699
nznlluqvvg.mp4,0.9651069641113281
nzoodavizv.mp4,0.6398274898529053
nzpitnljll.mp4,0.13632357120513916
nzqbzbywvr.mp4,0.9208391904830933
nzqygjbbsq.mp4,0.9416976571083069
nzrlgvnhvd.mp4,0.48167651891708374
nzrzqviayc.mp4,0.9179446697235107
nzsbpkufpd.mp4,0.5441339015960693
nzsegwqmiz.mp4,0.9237990975379944
nzsoelkgcx.mp4,0.9260730743408203
nztipmihht.mp4,0.8554248809814453
nzuniynsua.mp4,0.9845841526985168
nzvriijisz.mp4,0.7768661379814148
nzwajxdjed.mp4,0.9885380268096924
nzwbrzpoqs.mp4,0.930364727973938
nzwqstlacm.mp4,0.43312084674835205
nzxdgjqehb.mp4,0.9775481820106506
nzxdqcayyg.mp4,0.8933514952659607
nzxnsyruzo.mp4,0.9687660336494446
nzxstxsdvl.mp4,0.6707589030265808
nzzafcoiua.mp4,0.9767026305198669
nzzbquenvu.mp4,0.9698325395584106
nzzhokxgyu.mp4,0.9731525182723999
nzzwtmalua.mp4,0.21051914989948273
oaaokbhdwl.mp4,0.9868960380554199
oaavxofgkz.mp4,0.41036152839660645
oabbdqgsap.mp4,0.14008507132530212
oabgudxxol.mp4,0.9899998903274536
oabhokdrqd.mp4,0.9898338913917542
oabivrxlzi.mp4,0.9899835586547852
oabnwnlywr.mp4,0.97838294506073
oachchcaxc.mp4,0.984761655330658
oacngxsqxf.mp4,0.6426121592521667
oacylwoldp.mp4,0.5124441981315613
oadgeyvzxs.mp4,0.8676400780677795
oadqkzlwyw.mp4,0.6388899683952332
oadqnabrke.mp4,0.9315905570983887
oaeflbjiiq.mp4,0.9811588525772095
oaetdjquxr.mp4,0.17040108144283295
oafhptuosi.mp4,0.1202353686094284
oafvglmknj.mp4,0.17087796330451965
oahewwpdxq.mp4,0.11195489019155502
oahsnmmqeh.mp4,0.9687691330909729
oajvmnnxal.mp4,0.9145163297653198
oajykosmjr.mp4,0.9592980742454529
oakeurzxww.mp4,0.9746214747428894
oakowznniw.mp4,0.9784336686134338
oalgcmabfc.mp4,0.9879584908485413
oalnjgsxzg.mp4,0.6356709003448486
oalztsxhbl.mp4,0.9776244759559631
oamysrdywr.mp4,0.970427393913269
oaoyqlemqa.mp4,0.9558365941047668
oapgceqolw.mp4,0.09476665407419205
oaptmwroki.mp4,0.11152032762765884
oapvypyift.mp4,0.9859881401062012
oapxsoaoyr.mp4,0.989441454410553
oaqqtgvelv.mp4,0.9799892902374268
oaqvjtwkww.mp4,0.9826781153678894
oaqwwpvsjn.mp4,0.11847597360610962
oarptxjwlm.mp4,0.8814889788627625
oashvrqssi.mp4,0.13389912247657776
oasmcsdjnh.mp4,0.6736835837364197
oaubboazvv.mp4,0.1530982404947281
oaubuajywo.mp4,0.9690233469009399
oauslnwtyg.mp4,0.5524001717567444
oautoycxiv.mp4,0.9812801480293274
oauuzdtdaw.mp4,0.884521484375
oavhkxwsrw.mp4,0.19053855538368225
oavnkntrmz.mp4,0.9900000095367432
oavxesqhyx.mp4,0.7635701894760132
oaxtrmbycy.mp4,0.6767044067382812
oayizefyhv.mp4,0.9896941184997559
obahajvqzm.mp4,0.23402734100818634
obbueeynyi.mp4,0.9263466596603394
obcebdiwzg.mp4,0.48366454243659973
obfbakmdnz.mp4,0.4832771122455597
obhazawiur.mp4,0.8489382863044739
obhggjbeji.mp4,0.9200533032417297
obhwrfyddp.mp4,0.9844819903373718
obhwstittv.mp4,0.07872027158737183
obidcuzvef.mp4,0.10300026088953018
obidvhxtjn.mp4,0.964701235294342
obinbbzleu.mp4,0.8533955216407776
obisomyeum.mp4,0.8970617651939392
obitzopumq.mp4,0.8883640766143799
objbpuofjo.mp4,0.8398107886314392
objkjmlipn.mp4,0.9328643679618835
obkcsjsjco.mp4,0.10460144281387329
obldhnnnlh.mp4,0.8656114935874939
oblzkknkne.mp4,0.8957943916320801
obmfjpwhgs.mp4,0.8604016900062561
obnlewylpd.mp4,0.9827901721000671
obnnyjtchk.mp4,0.9835567474365234
obnzojzvte.mp4,0.9667049050331116
obothmujgr.mp4,0.92964768409729
obowzjzjxr.mp4,0.8606924414634705
obqbrzsxul.mp4,0.9856283068656921
obqkepmnkz.mp4,0.9729219079017639
obqooawsdf.mp4,0.9900001287460327
obqxzmncak.mp4,0.9896330237388611
obrbjarzaz.mp4,0.9752528071403503
obrchniwrr.mp4,0.9554452300071716
obrfqxsnnw.mp4,0.4583059251308441
obrmbvxnoc.mp4,0.22959256172180176
obskacwhna.mp4,0.9601649045944214
obstnesxmq.mp4,0.988523006439209
obtflqoldv.mp4,0.9315352439880371
obtizvjhmw.mp4,0.26013636589050293
obtwefmgln.mp4,0.6600387692451477
obubkmtiff.mp4,0.7593174576759338
obucsppuqo.mp4,0.9820795059204102
obuginrbzn.mp4,0.9557016491889954
obuhqzjnnu.mp4,0.6983278393745422
obutchbzkp.mp4,0.27837276458740234
obvczqhpzx.mp4,0.957343339920044
obvxnormtu.mp4,0.9031400680541992
obwfugpccr.mp4,0.1475704461336136
obwxvosvux.mp4,0.9896580576896667
obwzdemdvz.mp4,0.9825180172920227
obxkclcnia.mp4,0.8930898904800415
obycbfbqoq.mp4,0.8156284093856812
obyovynrza.mp4,0.12235768884420395
obzdynopsw.mp4,0.935627281665802
ocbcrvubib.mp4,0.8608598113059998
occelhylxf.mp4,0.9430709481239319
occkpccqxi.mp4,0.9898236989974976
occmsbebjn.mp4,0.971808910369873
occrrsyizc.mp4,0.19110959768295288
ocehtmvojg.mp4,0.24318769574165344
oceigzllhv.mp4,0.7861583828926086
ocepjalpaa.mp4,0.9878605008125305
ocerfumosk.mp4,0.11771516501903534
ocevdiqfqa.mp4,0.4949670732021332
ocfdulocfq.mp4,0.7945441007614136
ocfmurwlqo.mp4,0.9790332317352295
ocfpjywqfh.mp4,0.8262718915939331
ocfwzgzwfu.mp4,0.5090291500091553
ocgfovgiaf.mp4,0.8754038214683533
ocgyxshvhp.mp4,0.9804158806800842
ochecdqslx.mp4,0.9714735150337219
ochwalfmnm.mp4,0.8674612641334534
ochzczbwxz.mp4,0.11796406656503677
ochzghrhsm.mp4,0.9756783246994019
ociaviunty.mp4,0.8446649312973022
ocikupktlc.mp4,0.9801219701766968
ocjvhqqraw.mp4,0.7242804169654846
ocjyxxfhfq.mp4,0.08147776126861572
ockavxfckg.mp4,0.639397382736206
ockbzpictw.mp4,0.8223335146903992
ockrccvkou.mp4,0.9818858504295349
oclrnfzqdg.mp4,0.9300408363342285
ocnanobhym.mp4,0.9858728647232056
ocnddjvlvz.mp4,0.9899998307228088
ocngufnlua.mp4,0.9674788117408752
ocnmnsqwsg.mp4,0.5841310620307922
ocnrycgmwm.mp4,0.3062394857406616
ocokqlgxts.mp4,0.2496449053287506
ocolvabpqf.mp4,0.7076908946037292
ocoyaadhps.mp4,0.9884896278381348
ocpyqooapk.mp4,0.9878947734832764
ocqcewwett.mp4,0.9869959354400635
ocqgxxuetm.mp4,0.9799971580505371
ocqiogozeg.mp4,0.44606903195381165
ocqswvkfyt.mp4,0.9829841256141663
ocrxwhvuaa.mp4,0.9881532192230225
ocsqqqduxx.mp4,0.13307902216911316
ocsrqixtjk.mp4,0.10289966315031052
ocsyicjyqb.mp4,0.9714486002922058
octjyydyur.mp4,0.6691021919250488
octqkaomhs.mp4,0.9462969303131104
ocubcfshnn.mp4,0.9876322150230408
ocuiuronrp.mp4,0.7284817099571228
ocunhzszxa.mp4,0.9130299091339111
ocuunzfabh.mp4,0.9565702080726624
ocvainmgfr.mp4,0.32917389273643494
ocvnznifcn.mp4,0.7916576862335205
ocvwmcwyqd.mp4,0.953906238079071
ocwazmnydh.mp4,0.9882955551147461
ocwkmbqfuh.mp4,0.9633950591087341
ocwvbbwbpe.mp4,0.9852805137634277
ocxdmxtdll.mp4,0.8712825179100037
ocxwmnqnlc.mp4,0.9611148834228516
ocxwpzhquq.mp4,0.9477528929710388
ocylvuufjf.mp4,0.8863397836685181
odadetjxno.mp4,0.9869663119316101
odakarlobu.mp4,0.9899999499320984
odayfkeaug.mp4,0.9851382970809937
odbcrtgmbt.mp4,0.9773955345153809
oddnirumzt.mp4,0.44549864530563354
oddrnqaysp.mp4,0.8183647990226746
oderfyngho.mp4,0.9841285943984985
odfecedxts.mp4,0.31261146068573
odfhdogijr.mp4,0.9042893648147583
odfonacbrv.mp4,0.9897212982177734
odfrjlghze.mp4,0.9348294138908386
odgqjkmyls.mp4,0.9525356292724609
odhleyghtp.mp4,0.9144554138183594
odhmuveywb.mp4,0.9821621775627136
odhpbztful.mp4,0.9470283389091492
odhtxuanhj.mp4,0.9056388735771179
odhuywimgu.mp4,0.38334763050079346
odidbykbar.mp4,0.9899998903274536
odisbicvlp.mp4,0.8995920419692993
odjtvuqqwr.mp4,0.9795309901237488
odkfpcfnhs.mp4,0.5989360213279724
odkugnvwoe.mp4,0.9292053580284119
odlidgmzqf.mp4,0.9677958488464355
odlqdnztww.mp4,0.17667867243289948
odmcwgyvij.mp4,0.35573357343673706
odmeoekpyu.mp4,0.531182587146759
odmnqqqdci.mp4,0.8916558623313904
odmyurcpoj.mp4,0.9879674911499023
odoaqpcqtt.mp4,0.9829630255699158
odosgkhpuy.mp4,0.9731932282447815
odpvfxmeiw.mp4,0.6193930506706238
odqyarcthr.mp4,0.9770247936248779
odqyqdbahn.mp4,0.9894782304763794
odrylsffts.mp4,0.9899999499320984
odsvmzheme.mp4,0.9140294194221497
odteugmftq.mp4,0.12975206971168518
odtvqwnjpi.mp4,0.9359041452407837
oduhqgthej.mp4,0.9790535569190979
oduwjsscjo.mp4,0.9900000095367432
odvencajnr.mp4,0.9403530359268188
odwmqazixr.mp4,0.9444876909255981
odwqisytvw.mp4,0.3165428638458252
odxdkangki.mp4,0.9258293509483337
odxtplwzjr.mp4,0.9408155679702759
odyphqfzdq.mp4,0.8285547494888306
odysiofrlk.mp4,0.9894537925720215
odzdvdsuds.mp4,0.9398287534713745
odzgkngaza.mp4,0.08467227220535278
odziwslvsf.mp4,0.9792682528495789
odzmxqcagj.mp4,0.9387592077255249
oeagdxayvb.mp4,0.9900000095367432
oeamsogcjz.mp4,0.9726097583770752
oeaudrfgow.mp4,0.7843289971351624
oebchwftht.mp4,0.9722244739532471
oebkdhhway.mp4,0.9900000691413879
oebxywcmuo.mp4,0.48559799790382385
oeclfgftka.mp4,0.8504243493080139
oecnrpjefi.mp4,0.38861343264579773
oeedcefyoy.mp4,0.9833466410636902
oeemhayfji.mp4,0.8440120220184326
oeewrpfasi.mp4,0.9274049997329712
oefqufyium.mp4,0.9472580552101135
oefzonhfga.mp4,0.18030597269535065
oeggkuyylx.mp4,0.9407539367675781
oegtqqjnfs.mp4,0.9899999499320984
oejfypsbfh.mp4,0.7831377983093262
oejkvdjgqq.mp4,0.8472332954406738
oejowaknsm.mp4,0.9273062348365784
oejpioaacb.mp4,0.6636493802070618
oekdjsokkb.mp4,0.9823619723320007
oekeietccl.mp4,0.9012206196784973
oeldlagrwb.mp4,0.9662156701087952
oeldxwjovy.mp4,0.5074172616004944
oelleelbqj.mp4,0.9877029061317444
oeluedpebu.mp4,0.9900000691413879
oelwmyflfz.mp4,0.9028128385543823
oelygwizii.mp4,0.9607962965965271
oemaqmmytc.mp4,0.4614778459072113
oemhtukett.mp4,0.9899999499320984
oempdlzpgq.mp4,0.9880757927894592
oemzvcyivl.mp4,0.9889667630195618
oenezghuwm.mp4,0.9886460900306702
oengjcryao.mp4,0.3308018445968628
oenjfwbhsr.mp4,0.988515317440033
oennhuxorr.mp4,0.8923434615135193
oeochguxsd.mp4,0.7349198460578918
oepisgvvxh.mp4,0.989896297454834
oeplwjlhxd.mp4,0.9356303215026855
oeprhtxhrg.mp4,0.982450544834137
oepzkokdhg.mp4,0.6475920677185059
oeqelrusrs.mp4,0.8925046920776367
oeqjhgzeai.mp4,0.7962244153022766
oeqlaaaqvv.mp4,0.9893988966941833
oeqoihpmmw.mp4,0.8006055355072021
oeqtdzabkq.mp4,0.987284243106842
oequguujid.mp4,0.6252589225769043
oeqwfljllr.mp4,0.9552629590034485
oeremogflx.mp4,0.9871214628219604
oerogyatcq.mp4,0.934091329574585
oertexvscw.mp4,0.9886994957923889
oeskgriyjz.mp4,0.9680513739585876
oesmmyhzmi.mp4,0.9464929103851318
oesrucmptw.mp4,0.9861976504325867
oessxyktpm.mp4,0.9890950322151184
oesupnlnll.mp4,0.9813686013221741
oetaeitgsz.mp4,0.937812328338623
oetgphffvn.mp4,0.9834585785865784
oetobrolei.mp4,0.5979278087615967
oetuazcxnk.mp4,0.9873582720756531
oetugfddxa.mp4,0.9573829174041748
oeuryhvguc.mp4,0.9794530272483826
oeuyjnboku.mp4,0.9899756908416748
oevdwgfpqc.mp4,0.9649383425712585
oewhsmeags.mp4,0.28540512919425964
oewkovdhbl.mp4,0.9790756702423096
oewnsrjnmx.mp4,0.9758530855178833
oewutjgulw.mp4,0.9226188659667969
oeyftftnqi.mp4,0.9822354316711426
oeytdpzlze.mp4,0.9702427387237549
ofalngcjis.mp4,0.7571199536323547
ofapaanpkl.mp4,0.3956577777862549
ofawekwuem.mp4,0.7687286734580994
ofayjatxtn.mp4,0.9900000691413879
ofbjiuemkr.mp4,0.2992522120475769
ofbkhvteqo.mp4,0.9891259670257568
ofcfgklehs.mp4,0.9889383912086487
ofcvzlmkyv.mp4,0.8569745421409607
ofcxcrbpab.mp4,0.8811783790588379
ofdauhdzah.mp4,0.8465341925621033
ofdolzwedv.mp4,0.901077926158905
ofdrqgfvfs.mp4,0.9303491711616516
ofedxywxhw.mp4,0.9890157580375671
ofeivayznp.mp4,0.8569179177284241
ofejygejmx.mp4,0.9852156639099121
ofemahvmvm.mp4,0.6245877742767334
oferjryffj.mp4,0.8711529970169067
offfnshnnh.mp4,0.8774275779724121
ofgbvjcxuw.mp4,0.9413087964057922
ofggknmqii.mp4,0.9879886507987976
ofgkronoih.mp4,0.8724299669265747
ofgwamdaug.mp4,0.9790368676185608
ofhfexlphk.mp4,0.8597546815872192
ofihciodof.mp4,0.9753124713897705
ofirliljrd.mp4,0.3034836947917938
ofjgkpwses.mp4,0.8182076811790466
ofkdyalzqw.mp4,0.9892910718917847
ofkrvdfhui.mp4,0.641571581363678
ofkvhxpcya.mp4,0.9238138794898987
oflczrszkk.mp4,0.12120195478200912
ofliafjirm.mp4,0.989971935749054
oflowrqucp.mp4,0.24650683999061584
oflpknfqyr.mp4,0.9878029823303223
ofmmfbprkn.mp4,0.7597575783729553
ofmrqfemne.mp4,0.3790630102157593
ofmuekczoo.mp4,0.5199090838432312
ofnkfgdvwx.mp4,0.9322106838226318
ofntcunuqn.mp4,0.10737407952547073
ofouaavqrm.mp4,0.5495887398719788
ofprdcbhzf.mp4,0.9312669634819031
ofqhzkbvbh.mp4,0.9783284068107605
ofqjjqlkfc.mp4,0.9407970309257507
ofqwrvmvxg.mp4,0.9707368612289429
ofrapvpkpf.mp4,0.98597252368927
ofrgxlvuww.mp4,0.9244388341903687
ofrivhedps.mp4,0.9631104469299316
ofrmvlfyxd.mp4,0.9835169911384583
ofrnkzpngq.mp4,0.6064595580101013
ofrxxtvzsv.mp4,0.9412165284156799
ofsxivhhcf.mp4,0.4804263412952423
ofullbozco.mp4,0.2750856876373291
ofuojttonr.mp4,0.9816908836364746
ofvgnqzscp.mp4,0.9832095503807068
ofwcnyyfpn.mp4,0.868938684463501
ofwjyvgwnk.mp4,0.6991615891456604
ofwrcfcqqy.mp4,0.9884840250015259
ofwtafbdtp.mp4,0.9618346095085144
ofwvgwosbj.mp4,0.8919262886047363
ofxdydegsc.mp4,0.5759729743003845
ofxhxmkpob.mp4,0.9702497720718384
ofyxwsahdd.mp4,0.9893500804901123
ogbdbwales.mp4,0.9900000691413879
ogdnngytni.mp4,0.2000451236963272
ogdvophhin.mp4,0.7169256210327148
ogefwsfivd.mp4,0.8880130648612976
ogeidkkcun.mp4,0.9760851263999939
ogesxrayqv.mp4,0.3003920316696167
ogesymxfqj.mp4,0.9819256663322449
ogfddtgjpx.mp4,0.13601994514465332
ogfnbktupy.mp4,0.9541764855384827
oggaudwerx.mp4,0.9524882435798645
oggcdaynjt.mp4,0.9662761688232422
oggjtmpnrb.mp4,0.9764060378074646
oghfaenvqv.mp4,0.7597069144248962
oghmjzhamx.mp4,0.9604877233505249
oghquwifhu.mp4,0.9894850850105286
ogicrevvcp.mp4,0.9505362510681152
ogjesffbyz.mp4,0.8825267553329468
ogjgcgjisu.mp4,0.9822433590888977
ogjiicvwia.mp4,0.5038240551948547
ogjkrvwany.mp4,0.16483625769615173
ogjninicit.mp4,0.9547966122627258
ogjolljnxx.mp4,0.9631121754646301
ogjpwwvpbw.mp4,0.9763525724411011
ogkrpzqwgv.mp4,0.9782228469848633
ogkskitjde.mp4,0.9578961730003357
ogkudilajs.mp4,0.9058334231376648
ogkxbszfbf.mp4,0.9831286668777466
oglspjpovz.mp4,0.8071934580802917
oglvuwidwh.mp4,0.9782702922821045
ogmsmygvus.mp4,0.9432440400123596
ogogeaooxh.mp4,0.8682900071144104
ogonirmuko.mp4,0.9784470200538635
ogoqbsdgjp.mp4,0.9617943167686462
ogpkdabaxm.mp4,0.9556256532669067
ogpkqhvhcf.mp4,0.9646694660186768
ogpngwmrkz.mp4,0.9868425130844116
ogpszgkkgw.mp4,0.2235630452632904
ogpuoqgqut.mp4,0.31548282504081726
ogpxnrlwzk.mp4,0.9837789535522461
ogqccjfncg.mp4,0.12053747475147247
ogqwlwvygf.mp4,0.7624266147613525
ogsettrepr.mp4,0.9890832901000977
ogsyjjxfop.mp4,0.9878726005554199
ogtkrijcdj.mp4,0.9372453689575195
ogtvdjlpbc.mp4,0.984673023223877
ogtxnpejff.mp4,0.9719517827033997
ogtxytsich.mp4,0.9040083289146423
ogudhhrgqy.mp4,0.8907285928726196
ogwedmpojq.mp4,0.11330923438072205
ogwvszpons.mp4,0.7550371289253235
ogxbhuwzmg.mp4,0.9802928566932678
ogxclikmst.mp4,0.8335008025169373
ogyampufzj.mp4,0.09325146675109863
ogygtbfkyz.mp4,0.9589760899543762
ogyhguoqxf.mp4,0.20938587188720703
ogykwizlya.mp4,0.9347062706947327
ogzrsddhur.mp4,0.9502862095832825
ogzsodcnba.mp4,0.9428563714027405
oharjasfhu.mp4,0.5702016353607178
ohavzsoals.mp4,0.9894284605979919
ohawblkxip.mp4,0.9412240386009216
ohbausoxyg.mp4,0.9117566347122192
ohbkwsxtfx.mp4,0.18061910569667816
ohbskyezon.mp4,0.9565784931182861
ohbyiroygz.mp4,0.9232791662216187
ohdnzyvfid.mp4,0.8076443672180176
ohdtmpzbtp.mp4,0.14735519886016846
oheaiioatv.mp4,0.40655049681663513
ohetfzyiao.mp4,0.32519301772117615
ohfghqdclk.mp4,0.9466369152069092
ohfpzxektl.mp4,0.9532856345176697
ohgkhfboyh.mp4,0.9870131611824036
ohgknoiuoa.mp4,0.9851798415184021
ohglebsevh.mp4,0.19419988989830017
ohgmtkasqp.mp4,0.9815472364425659
ohhaiqbles.mp4,0.9520303010940552
ohhczhtipb.mp4,0.8303836584091187
ohinkwamsv.mp4,0.9238682389259338
ohishpvvge.mp4,0.9148858785629272
ohjbwqchda.mp4,0.9891804456710815
ohjcblseuj.mp4,0.9900000095367432
ohjszilxwg.mp4,0.9873945116996765
ohkxgejaha.mp4,0.20467501878738403
ohljydoxfj.mp4,0.9000716805458069
ohlnqjxhyj.mp4,0.7440895438194275
ohmaazefwp.mp4,0.8029206395149231
ohmfaexocy.mp4,0.8532631993293762
ohmfgfvfxj.mp4,0.7441766262054443
ohmkmcfxul.mp4,0.9320138692855835
ohmvmcptwv.mp4,0.9900000691413879
ohnocvcnov.mp4,0.1653766632080078
ohnygpzimi.mp4,0.556163489818573
ohocbeznct.mp4,0.9494467377662659
ohoezzotpe.mp4,0.9892581701278687
ohpfcuzddj.mp4,0.8734611868858337
ohppxnoecg.mp4,0.9368718266487122
ohqjbjsblu.mp4,0.8018770217895508
ohqjkinidb.mp4,0.985668957233429
ohrawcomlc.mp4,0.8915252685546875
ohrgczqjfb.mp4,0.9882415533065796
ohscekcqjo.mp4,0.9825548529624939
ohsdhpxxky.mp4,0.6623409986495972
ohsjmlvxen.mp4,0.9018461108207703
ohspzuoxrq.mp4,0.9899594187736511
ohtxilfvgo.mp4,0.6175644993782043
ohuskpbrje.mp4,0.8515067100524902
ohusujrkrv.mp4,0.1069926768541336
ohuxxtkdey.mp4,0.7930297255516052
ohvbhupyzz.mp4,0.9348347187042236
ohvfqwoxvy.mp4,0.7403908371925354
ohvgsowpbl.mp4,0.11461560428142548
ohvkhcckaw.mp4,0.20327401161193848
ohvtnavzpf.mp4,0.9451864957809448
ohvxhouikp.mp4,0.9893546104431152
ohwcabbcma.mp4,0.9790134429931641
ohxjfjlxpv.mp4,0.12854941189289093
ohxsunoiye.mp4,0.9789407849311829
ohxyqfgtip.mp4,0.9780916571617126
ohyktzolom.mp4,0.9899910092353821
ohzmvxbaio.mp4,0.9806323051452637
ohzwoiqmmh.mp4,0.9752001762390137
ohzzhiodpi.mp4,0.984797477722168
oiavasqizv.mp4,0.654628336429596
oibiczyubz.mp4,0.36769941449165344
oibpqbpdkg.mp4,0.9879937767982483
oibrdhopxr.mp4,0.10137679427862167
oiccyggyxi.mp4,0.97990882396698
oicjcxhqyo.mp4,0.1379418671131134
oicwjiwxxt.mp4,0.9407534599304199
oidbaqvvcs.mp4,0.9899105429649353
oidksdtssc.mp4,0.9848374128341675
oidotbypqr.mp4,0.9416158199310303
oidthpmdmt.mp4,0.8991396427154541
oifrfqrqyh.mp4,0.912127673625946
oigekiwybj.mp4,0.9897927045822144
oiggmpkjfr.mp4,0.9871541857719421
oigqeiiuqb.mp4,0.9802301526069641
oigvsiqjoc.mp4,0.3150460124015808
oihpmxfmgn.mp4,0.9726495146751404
oiivhktxgg.mp4,0.9541839957237244
oijkufnmzp.mp4,0.8958533406257629
oijocicvxu.mp4,0.9790621399879456
oijqjygibm.mp4,0.34931954741477966
oijxagsklo.mp4,0.8977987766265869
oilhrggdyj.mp4,0.952612042427063
oilkyyfage.mp4,0.9826791286468506
ointiyeyat.mp4,0.7546846866607666
oiobzkxhop.mp4,0.5604438781738281
oiocwfauot.mp4,0.2750581204891205
oiogrjbkjq.mp4,0.12524493038654327
oiohmvjvvk.mp4,0.2354089766740799
oiolrsuabx.mp4,0.8072686195373535
oiompmerks.mp4,0.15364845097064972
oioxhypgrx.mp4,0.5817469358444214
oiozwvrdry.mp4,0.6639606952667236
oipfpxlzfo.mp4,0.9896870255470276
oipxtufbmu.mp4,0.9894015789031982
oirxdvllpl.mp4,0.9675750732421875
oiseyvgouu.mp4,0.938136100769043
oisrptbamr.mp4,0.5413941144943237
oitcqmvnsa.mp4,0.9899429678916931
oitockkykw.mp4,0.19504031538963318
oitqddnspw.mp4,0.9831690788269043
oitsembcaw.mp4,0.979418933391571
oittxxvlzx.mp4,0.9705690145492554
oitxhwlgis.mp4,0.9861201643943787
oiucehczou.mp4,0.8438182473182678
oiveokjspk.mp4,0.4420108497142792
oiwgdplgju.mp4,0.9489418864250183
oiwjqfwrsf.mp4,0.9890243411064148
oiwvgfyplw.mp4,0.9893442392349243
oixcwrkzte.mp4,0.9835914373397827
oixjbwzqvn.mp4,0.158609077334404
oixqnpxgza.mp4,0.9891895055770874
oixygmjiwg.mp4,0.5160923004150391
oizgiyaphb.mp4,0.9730466604232788
oizmfyqqkj.mp4,0.9896265864372253
ojadcnlsno.mp4,0.9832375049591064
ojalowgroo.mp4,0.9625429511070251
ojaoquzovc.mp4,0.49131980538368225
ojcpsqzulv.mp4,0.5077142715454102
ojcvdrnsry.mp4,0.16331472992897034
ojdasshcfi.mp4,0.9333125352859497
ojdeleaqdr.mp4,0.9593183398246765
ojdoramflb.mp4,0.9894993305206299
ojdxcntccc.mp4,0.980072021484375
ojdxdewxbu.mp4,0.9576526284217834
ojehmzwupf.mp4,0.7295147180557251
ojenqjrftj.mp4,0.9900000095367432
ojeswibpis.mp4,0.8664275407791138
ojfgrnmtaj.mp4,0.9247903823852539
ojfqbqihfa.mp4,0.9642286896705627
ojfxeemhxz.mp4,0.9787437319755554
ojgckrpqgt.mp4,0.8622639775276184
ojgvofahtf.mp4,0.9803969860076904
ojhzppasfk.mp4,0.9231277108192444
ojjypdygmp.mp4,0.9877004623413086
ojkpuxkcsw.mp4,0.8817223906517029
ojlpuchxdp.mp4,0.9809273481369019
ojlxhospsm.mp4,0.9779924750328064
ojmrjfeiij.mp4,0.9730106592178345
ojmrvaqqbt.mp4,0.9714902639389038
ojmzeaywwf.mp4,0.9796897172927856
ojnmfsnwkn.mp4,0.9318827986717224
ojoazrcrcv.mp4,0.15552233159542084
ojoecorksr.mp4,0.7035205960273743
ojopezsqmx.mp4,0.9855552911758423
ojpyddpthd.mp4,0.9568522572517395
ojqmnevvfw.mp4,0.654747724533081
ojqoiycaaz.mp4,0.1883559674024582
ojravfhiwk.mp4,0.9900000095367432
ojrjdfniha.mp4,0.9685121774673462
ojrrnfzoks.mp4,0.9900000095367432
ojrvajrmuf.mp4,0.987891435623169
ojrwklhxok.mp4,0.9867671728134155
ojsuevypkx.mp4,0.9306865334510803
ojsydwghji.mp4,0.987112820148468
ojsyoevyul.mp4,0.98158198595047
ojtdfobvre.mp4,0.961909830570221
ojtdurbejd.mp4,0.9373134970664978
ojtmqhqgmd.mp4,0.2204347401857376
ojtxlznvfl.mp4,0.964713454246521
ojuqbndxro.mp4,0.988388180732727
ojuqtjcfvm.mp4,0.662956953048706
ojvlojhqed.mp4,0.7017636895179749
ojvpuhxpzx.mp4,0.9608081579208374
ojwahapaxy.mp4,0.8387157320976257
ojwgkvgiot.mp4,0.9810227751731873
ojwrwcizkz.mp4,0.14894334971904755
ojwxkpqbbr.mp4,0.9711341857910156
ojxejcoufe.mp4,0.9875752329826355
ojxeusdtmm.mp4,0.9550519585609436
ojxqyyeqnw.mp4,0.985892117023468
ojxxzocrpt.mp4,0.9770180583000183
ojyacvpwry.mp4,0.8308150172233582
ojylfhidke.mp4,0.9511794447898865
ojyxyomgpu.mp4,0.9849338531494141
ojzbsuvrts.mp4,0.3482002019882202
ojzhlajkrh.mp4,0.7550691962242126
ojzqvmnriv.mp4,0.16707684099674225
okegqbwvve.mp4,0.3469087779521942
okfjnnozuz.mp4,0.8899533748626709
okgbaygetj.mp4,0.9878419041633606
okgoflrwph.mp4,0.19194641709327698
okgrsopppw.mp4,0.1724860519170761
okhfribkrr.mp4,0.6589363217353821
okiesquksn.mp4,0.9793132543563843
okijphsdtt.mp4,0.9870094656944275
okjjlzkmud.mp4,0.9871443510055542
okkotojkqf.mp4,0.989840030670166
oklnlbtyxy.mp4,0.9889943599700928
oklqybrmhv.mp4,0.08429466933012009
oklsuetnrd.mp4,0.945574939250946
okmlcbefeu.mp4,0.8253418803215027
okmwufewfb.mp4,0.9855652451515198
okmyzqbuiq.mp4,0.6989349126815796
okntpqqfrw.mp4,0.9241418838500977
okouvrwunn.mp4,0.9732628464698792
okpvvzzibm.mp4,0.9892519116401672
okqaqesrul.mp4,0.9841790795326233
okqhqeuxxp.mp4,0.9838504791259766
okqmlpxson.mp4,0.9460404515266418
okquvuujlu.mp4,0.9892046451568604
okrqqppbjm.mp4,0.1686144471168518
okrtdomibp.mp4,0.22213464975357056
okrvtlxltu.mp4,0.658798336982727
oksphujxmc.mp4,0.9482091069221497
oktclksytw.mp4,0.9750213027000427
oktfjzznny.mp4,0.5590150356292725
oktglkuhkr.mp4,0.9861252903938293
oktgnpoelx.mp4,0.9454426765441895
okvcsurxoz.mp4,0.984904408454895
okwfizlgml.mp4,0.1079307422041893
okwzrxvnqq.mp4,0.945543646812439
okxhyxqwno.mp4,0.9830062389373779
okxrkhzqva.mp4,0.9811911582946777
okxrmnqsjp.mp4,0.8857475519180298
okygdtttah.mp4,0.9766736626625061
okyufzgvay.mp4,0.9654750227928162
okyxbhzklr.mp4,0.9900000095367432
okzopdyhot.mp4,0.980197548866272
okzsakbvfk.mp4,0.7723987102508545
okztydaxqm.mp4,0.959245502948761
okzxerhjxy.mp4,0.8763988614082336
olbwirykbf.mp4,0.8292077779769897
olchsmmyjj.mp4,0.9887130856513977
oldwsggyaw.mp4,0.8998353481292725
oldwuwtiui.mp4,0.982113242149353
olebnvxoyl.mp4,0.13749223947525024
oleepraewl.mp4,0.09828054159879684
olflffvlup.mp4,0.9675019979476929
olfotakxys.mp4,0.6602333188056946
olfzsjgedd.mp4,0.9895506501197815
olgbljtutz.mp4,0.622956395149231
olgnkctgdg.mp4,0.7221333384513855
olguyoivho.mp4,0.6324865818023682
olhvxkstwl.mp4,0.9370318055152893
oliayodelk.mp4,0.8609372973442078
oliigwfyvt.mp4,0.6600707769393921
olikbfeqyu.mp4,0.9167753458023071
oljvsbwrhn.mp4,0.9899598956108093
olkcmrmvbh.mp4,0.9882056713104248
olnlxkanpq.mp4,0.3543717563152313
olouirnmle.mp4,0.527378261089325
olovespbfy.mp4,0.9882635474205017
olpjobfdqc.mp4,0.7655416131019592
olppmgcwgc.mp4,0.9830014109611511
olqquuhbhc.mp4,0.9859938025474548
olruhyohvl.mp4,0.13643191754817963
olsgmqlgdk.mp4,0.20127862691879272
olsiddqsqa.mp4,0.8591906428337097
oltbfqntaq.mp4,0.9832699298858643
oltexwbmjq.mp4,0.9680904150009155
oltjahgizr.mp4,0.2164747267961502
olufivknxv.mp4,0.9896669983863831
olvhqcpnvq.mp4,0.977961540222168
olwhakyyau.mp4,0.11099685728549957
olwlnlmkfw.mp4,0.9175099730491638
olxqodazsv.mp4,0.88865065574646
olxxvrlrsk.mp4,0.8550624251365662
omabkwmwvh.mp4,0.9890381097793579
omcdamjshk.mp4,0.9889627695083618
omefspbgqm.mp4,0.9868457317352295
omevhssnvx.mp4,0.15229558944702148
omflghsojd.mp4,0.9298853874206543
omfvhpdvio.mp4,0.6585966348648071
omgupchlyb.mp4,0.98096764087677
omiicbvxpz.mp4,0.9646117687225342
omjjumnzpm.mp4,0.7209988832473755
omjsnpwomu.mp4,0.604853630065918
omlmfbrurg.mp4,0.08818324655294418
omlsbyypkr.mp4,0.9170945286750793
omlvlllncs.mp4,0.7889028191566467
omlwjsptgg.mp4,0.9490410089492798
ommdwvhwzg.mp4,0.8466029167175293
omnuhgdgwt.mp4,0.7282058596611023
omofkgvjyn.mp4,0.9871744513511658
omotodymgb.mp4,0.9368506073951721
omouxcqajy.mp4,0.5165793895721436
ompgnszdng.mp4,0.9808387160301208
omphglkwem.mp4,0.98333340883255
ompiehpmrl.mp4,0.9444745779037476
ompoqjuzmm.mp4,0.9853647351264954
omroozvfre.mp4,0.9573323726654053
omruvyshqv.mp4,0.9671918749809265
omsdjjsoge.mp4,0.9745798707008362
omttirmjex.mp4,0.8368099331855774
omvhoougii.mp4,0.9854752421379089
omvirtyjge.mp4,0.9047834277153015
omvsfqhqou.mp4,0.9897792339324951
omwrpgmsad.mp4,0.1571747362613678
omxgzfgigg.mp4,0.9697897434234619
omxovghlqa.mp4,0.9897933602333069
omxpnkkokq.mp4,0.9891263842582703
omxvstrmhv.mp4,0.24673393368721008
omynanvctc.mp4,0.9900000691413879
omywaxdvwu.mp4,0.9425767660140991
omywprxiga.mp4,0.9789961576461792
omzdgqhpnl.mp4,0.9872746467590332
omzwehodud.mp4,0.9855189323425293
omzxdzsssb.mp4,0.9415382146835327
onabrugqce.mp4,0.9256705641746521
onaewxqqkd.mp4,0.9101990461349487
onamfppxfu.mp4,0.9766179919242859
onbfpiklki.mp4,0.9881301522254944
onbgdxjkjx.mp4,0.8394213914871216
onbillmrth.mp4,0.9519078731536865
onbpawtkeu.mp4,0.9428224563598633
oncjwhsgas.mp4,0.9491077661514282
oncogvnkab.mp4,0.9436561465263367
ondhkjvvoj.mp4,0.39021560549736023
ondkkapdcb.mp4,0.9826053380966187
ondrruihyu.mp4,0.30443793535232544
oneqztownt.mp4,0.9896948933601379
onesoycvnp.mp4,0.9841135144233704
onfculxhtr.mp4,0.9853946566581726
ongakdqvrc.mp4,0.9525125622749329
ongutcrqme.mp4,0.8253064155578613
onhcgxgble.mp4,0.9775121212005615
onhhgzsrvo.mp4,0.9541344046592712
oniyuokicx.mp4,0.8603335618972778
onjinaahul.mp4,0.9723469614982605
onjpsstiuq.mp4,0.9410440325737
onkvupoapt.mp4,0.5124096274375916
onkxxnyyla.mp4,0.22221319377422333
onleprzynp.mp4,0.9360476136207581
onlitrixto.mp4,0.9397383332252502
onlpjkmwwr.mp4,0.9825681447982788
onmwnvjevh.mp4,0.8844001889228821
onnhzcjrez.mp4,0.9823597073554993
onnpghvisw.mp4,0.9525740742683411
onojshreyv.mp4,0.4024897515773773
onotjxcvoj.mp4,0.7961629033088684
onoxzuesym.mp4,0.23816445469856262
onozottyon.mp4,0.981349766254425
onplxaturx.mp4,0.9727526903152466
onppqzpbaw.mp4,0.9324371218681335
onptnfefnx.mp4,0.958703875541687
onqsufbvnm.mp4,0.9859403967857361
onriysxjws.mp4,0.3022345006465912
onrwqixejl.mp4,0.8849582076072693
onsamvcafc.mp4,0.9655885100364685
onsawuadcg.mp4,0.5740997195243835
onslebjxyp.mp4,0.9605439305305481
onsvqlwjgw.mp4,0.8870508074760437
onsxznhftc.mp4,0.6614438891410828
ontoieaefb.mp4,0.9479323029518127
ontufesvli.mp4,0.9355862736701965
onuhsbmfaj.mp4,0.9870343208312988
onuzugluyf.mp4,0.9893427491188049
onwmeqsslw.mp4,0.6912509799003601
onwpirpbdt.mp4,0.22239428758621216
onwvpxcabr.mp4,0.6312038898468018
onxckqkgjh.mp4,0.9893265962600708
onxdyexufh.mp4,0.95804762840271
onxpthoczj.mp4,0.4264070689678192
onxrwylxbh.mp4,0.9776343703269958
onxzsmyagg.mp4,0.9703353047370911
onyaiipubw.mp4,0.6802664995193481
onyemomoug.mp4,0.6659563779830933
onywiqrpou.mp4,0.6595731377601624
onyydbkdue.mp4,0.9866688847541809
onzrmrwili.mp4,0.9721125960350037
onzrvkhmzz.mp4,0.952693521976471
ooavdkhcnf.mp4,0.9497010707855225
ooaxwmilyd.mp4,0.9884422421455383
oobzybjtul.mp4,0.9880601763725281
oochdgckho.mp4,0.9866788387298584
oocqjchiih.mp4,0.4713110625743866
ooczenomzk.mp4,0.8310889601707458
oodphlttej.mp4,0.8751393556594849
ooeawbvoyo.mp4,0.2654293477535248
ooeejwslmx.mp4,0.9900001287460327
ooejhirbjl.mp4,0.27491211891174316
ooflqxghgs.mp4,0.16920503973960876
oofncpjpnk.mp4,0.9627664685249329
oohodsrjrj.mp4,0.8555403351783752
oohvisxicy.mp4,0.7862935662269592
ooikhdsuxj.mp4,0.6840174198150635
ooilmrihrc.mp4,0.940837562084198
ooirzgbgba.mp4,0.9792951941490173
ooiuejetdr.mp4,0.9808666110038757
ooiwjzgkwp.mp4,0.9899999499320984
oojtzovnfn.mp4,0.9847952127456665
ookggwwwpa.mp4,0.7978084087371826
ookjtngnft.mp4,0.5744577050209045
ookuelmxpi.mp4,0.8789103031158447
ookvttsbqn.mp4,0.9136427044868469
oolvvchczh.mp4,0.9702411890029907
oomjlvxkwp.mp4,0.9674816131591797
oomtdwuvll.mp4,0.9292219281196594
oonsyrdrms.mp4,0.6279018521308899
ooovkuctso.mp4,0.8910090923309326
ooqmebpyzs.mp4,0.8344749212265015
oorgkmeyop.mp4,0.9700525403022766
oorlxfdxmm.mp4,0.9897572994232178
oornjqiead.mp4,0.412238746881485
oospkdrvbj.mp4,0.9858009815216064
oosylvapll.mp4,0.978114128112793
ootqeemscd.mp4,0.981021523475647
ooucwrscqf.mp4,0.9831759333610535
ooufbciavt.mp4,0.987647294998169
oouhmwtkwi.mp4,0.9665591716766357
ooumyscohi.mp4,0.9791072010993958
oovbzdlsiv.mp4,0.9487702250480652
oovsalyhmv.mp4,0.9892557263374329
oowzhfqyyv.mp4,0.9607293605804443
ooxnksfypf.mp4,0.5076899528503418
ooxrbdpbas.mp4,0.9375461935997009
ooxrgvtsxr.mp4,0.9900000095367432
ooxwefpmcc.mp4,0.9775375723838806
ooxwwsfbib.mp4,0.8661897778511047
ooyrtijwfg.mp4,0.22830939292907715
oozqnykkgx.mp4,0.9323732852935791
oozqtipigw.mp4,0.2920238673686981
opapgkrsmf.mp4,0.9701682329177856
opbocuewxl.mp4,0.98953777551651
opbpochwzs.mp4,0.8363991975784302
opckvwaqhp.mp4,0.9876260757446289
opcnktezbw.mp4,0.9783344268798828
opdkexxibm.mp4,0.08767128735780716
opdqcwqxzy.mp4,0.30780163407325745
opesuanmso.mp4,0.9899999499320984
opfbltyqhy.mp4,0.9895254969596863
opfmnupxtt.mp4,0.9446575045585632
ophcnrhajv.mp4,0.9770894050598145
opkcrxskta.mp4,0.8772600889205933
opletbcjvs.mp4,0.9570257663726807
opmpobgbsi.mp4,0.8367103934288025
opqtgolofy.mp4,0.9828790426254272
opriltyahr.mp4,0.972589373588562
opsswckvib.mp4,0.1807606816291809
optattjoud.mp4,0.9899997711181641
optipzwgow.mp4,0.9817990660667419
optkkjrkif.mp4,0.9899999499320984
optmfqtcww.mp4,0.9895569086074829
optsghycbh.mp4,0.9510512948036194
optyshszya.mp4,0.7115799784660339
opudvdjvju.mp4,0.9405305981636047
opuhoerhxb.mp4,0.8650932908058167
opulghzzrs.mp4,0.9886018633842468
opvrhiximy.mp4,0.5985831022262573
opxfeymrwb.mp4,0.9634581804275513
opxqxvytbu.mp4,0.9899999499320984
opxtgyrmae.mp4,0.9738491773605347
opyqudaics.mp4,0.12384726852178574
opyzeznpiw.mp4,0.3495277166366577
opzdgkjnqo.mp4,0.9709800481796265
oqbigvtgya.mp4,0.8062484860420227
oqbltrmhvt.mp4,0.26295384764671326
oqbveryvbv.mp4,0.9897839426994324
oqbwxfnkxn.mp4,0.9795542359352112
oqcfouasvq.mp4,0.9716423749923706
oqcnzikgjf.mp4,0.9720103740692139
oqehnuhbwa.mp4,0.09454548358917236
oqeoibjbim.mp4,0.0736343264579773
oqfhupwjto.mp4,0.6055817604064941
oqhiqiduep.mp4,0.16115282475948334
oqhlytcimo.mp4,0.9885749816894531
oqhtpyhcso.mp4,0.9531651735305786
oqhzpmqnft.mp4,0.7794775366783142
oqielrltwr.mp4,0.9782785177230835
oqifuwoiec.mp4,0.9822160601615906
oqjmyrgnwh.mp4,0.7267451286315918
oqkhbtevbm.mp4,0.940484344959259
oqkthrsmfj.mp4,0.8724625110626221
oqliriyhis.mp4,0.9892793893814087
oqlnkziqdh.mp4,0.9888394474983215
oqlzcsssoe.mp4,0.9897444248199463
oqmgquqrzg.mp4,0.8843711614608765
oqmtjnxrbn.mp4,0.9292391538619995
oqmwbfcejq.mp4,0.9598134756088257
oqnhdclviu.mp4,0.9695900082588196
oqnyknzjlq.mp4,0.23654398322105408
oqoazapqyd.mp4,0.9523310661315918
oqojahmyjr.mp4,0.9605433940887451
oqrrqeszae.mp4,0.5299916863441467
oqszqpllcu.mp4,0.791475236415863
oqtgyuhyhn.mp4,0.9747308492660522
oqtzdvdjid.mp4,0.9640137553215027
oqusgwfain.mp4,0.3085997700691223
oquxsdudzn.mp4,0.9801334738731384
oqvsejsdus.mp4,0.9176774621009827
oqvymdodta.mp4,0.9726383090019226
oqwfcxelxa.mp4,0.13625261187553406
oqwmglahkz.mp4,0.2090441733598709
oqwvjyxlej.mp4,0.09293216466903687
oqwxsbecil.mp4,0.9824966788291931
oqxdpsbsee.mp4,0.5387441515922546
oqxtttmshs.mp4,0.8607678413391113
oqxwipljvo.mp4,0.9886226654052734
oqyybywrhn.mp4,0.9058389663696289
oqzuvlxuex.mp4,0.890713095664978
oqzwblaggz.mp4,0.9900000691413879
oraclpfeuc.mp4,0.10121530294418335
orapdmsxpx.mp4,0.9868152141571045
oraygdytwq.mp4,0.9587658047676086
orbbsdehap.mp4,0.6072978973388672
orbcxzortb.mp4,0.9650219082832336
orbjwouldq.mp4,0.9836097955703735
orbkwleidc.mp4,0.6433180570602417
ordjtgafzy.mp4,0.16875393688678741
orduzxhaso.mp4,0.9897778630256653
orestlrmcz.mp4,0.8490485548973083
oreuhpaeyg.mp4,0.9859462976455688
orfjoxqyzp.mp4,0.5958075523376465
orfjqhsxdz.mp4,0.9836171865463257
orfsriylyy.mp4,0.265184611082077
orftarkbne.mp4,0.9661959409713745
organgsicu.mp4,0.7822657823562622
orgbgvcqvl.mp4,0.3586009740829468
orgmpemwbq.mp4,0.9596315026283264
orgpcogfgj.mp4,0.12825334072113037
orgwifadtw.mp4,0.9778756499290466
orhpztubzy.mp4,0.4170701801776886
orimprghvd.mp4,0.4432046115398407
oriqfbjkei.mp4,0.9897705316543579
orjhjhvoix.mp4,0.9597631096839905
orjzhiztqm.mp4,0.9895732402801514
orkjtqlweh.mp4,0.9759588241577148
orlqxnzaxg.mp4,0.9624407887458801
ormqafvysd.mp4,0.9862694144248962
ornhlqsdyu.mp4,0.9161359667778015
orojkxscjl.mp4,0.08698815107345581
orpnrdksul.mp4,0.8332281708717346
orqafstesq.mp4,0.5018922686576843
orqcakrxur.mp4,0.969806432723999
orqebsplwq.mp4,0.9853653907775879
orqeqtbhaf.mp4,0.9709932208061218
orrltuoxgt.mp4,0.9867609739303589
orrmbukudq.mp4,0.9900000095367432
orrskoijnb.mp4,0.34492620825767517
orrxokuuoo.mp4,0.9888156652450562
ortaqzibtj.mp4,0.8993680477142334
ortfvecpgt.mp4,0.9665813446044922
ortxvzoneb.mp4,0.17036466300487518
orueinhrhh.mp4,0.20100511610507965
oruvebzymm.mp4,0.9626126289367676
orvdzsoiel.mp4,0.9773452877998352
orwpyprgvu.mp4,0.9820497632026672
orxbqxcqfr.mp4,0.09612857550382614
orxnbtvkxk.mp4,0.9589570760726929
oryncebpmf.mp4,0.9871556758880615
orynwmvmwz.mp4,0.861719012260437
oryxqexhku.mp4,0.6805916428565979
oryzldljno.mp4,0.4272495210170746
orzivjiegb.mp4,0.8057768940925598
orzltllnmg.mp4,0.9355922937393188
osashdrxxu.mp4,0.9324979782104492
osatxdopue.mp4,0.9899826645851135
osbkdjpjdt.mp4,0.5662265419960022
oscoxxwged.mp4,0.9814696311950684
osdfnikfpq.mp4,0.894378662109375
osdhxajzlp.mp4,0.8689998388290405
osdrrmdkgg.mp4,0.08228698372840881
osepwkfuph.mp4,0.11492418497800827
osfaackzob.mp4,0.13024359941482544
osffneskka.mp4,0.13263152539730072
osflukecxk.mp4,0.9251251816749573
osfqnjuzhx.mp4,0.9531951546669006
osgigzqmrp.mp4,0.9897065162658691
osgiimpzjq.mp4,0.16506238281726837
osgmuptyfv.mp4,0.9895724058151245
osgxmzpumw.mp4,0.21833977103233337
osgxvfnusa.mp4,0.14163608849048615
oshbmeanjj.mp4,0.9804654121398926
osieekzdgq.mp4,0.9552756547927856
osjaqtkkdt.mp4,0.14470405876636505
osjlbtfazy.mp4,0.95725017786026
oskvvjveyq.mp4,0.9897227883338928
oskwlbbrai.mp4,0.9388164281845093
oslpfwdplo.mp4,0.9701909422874451
osltltqytd.mp4,0.6352171897888184
osmxliyvbf.mp4,0.9878851771354675
osncortkcr.mp4,0.8611520528793335
osndijcoyz.mp4,0.7366031408309937
osnfpfbqhv.mp4,0.9846277236938477
osohgmymcy.mp4,0.9584521651268005
osowkcyjzt.mp4,0.9600839614868164
ospbyujbsp.mp4,0.9825137853622437
ospffszlet.mp4,0.9501761794090271
ospngvrono.mp4,0.5038477778434753
osqmxxkdeg.mp4,0.8408535718917847
osqyiobyum.mp4,0.9309353828430176
osqykwdgxc.mp4,0.7022132277488708
osqzqlxmin.mp4,0.9366892576217651
osramoobmu.mp4,0.9698850512504578
osrmpgqhbx.mp4,0.9896048903465271
ossjpbfyyp.mp4,0.9825700521469116
ossofalzqd.mp4,0.8377888202667236
ossqgahpqp.mp4,0.9679854512214661
osstbzotrc.mp4,0.1079501286149025
osstneikjx.mp4,0.9899936318397522
ostlebidwy.mp4,0.9885537028312683
osufrflpnf.mp4,0.7934814095497131
osuizfzpov.mp4,0.9851405620574951
osvphqmstr.mp4,0.11718904227018356
oswodkxhch.mp4,0.2036721110343933
osxaqqowdx.mp4,0.9175689816474915
osxfzzzlbs.mp4,0.9886194467544556
osyfcyjccv.mp4,0.2716137170791626
osyhvfdcme.mp4,0.9220381379127502
osytznjtok.mp4,0.98782879114151
oszgybwgbz.mp4,0.9861524701118469
otabzuvmjo.mp4,0.9808886051177979
otaevpekqf.mp4,0.9862539172172546
otakcxftoa.mp4,0.09345930814743042
otbhndvkpn.mp4,0.6068968176841736
otbvnxwrol.mp4,0.9399386644363403
otdmjuavgs.mp4,0.8681783080101013
otegznikgy.mp4,0.9835430383682251
otezxbkygi.mp4,0.9445645213127136
otfhmjjgxy.mp4,0.964012861251831
otfnnntkzi.mp4,0.12076974660158157
otgvcfldbc.mp4,0.8961285352706909
othinadguw.mp4,0.9589573740959167
otiatduyhk.mp4,0.12031954526901245
otjdhqgzhp.mp4,0.9839286208152771
otjfvisthd.mp4,0.9806117415428162
otjtpfvwzd.mp4,0.9235496520996094
otkbbozsqu.mp4,0.3599405586719513
otkrjrhfhm.mp4,0.41150224208831787
otksjspxnv.mp4,0.845740020275116
otktiyaidr.mp4,0.9660629630088806
otkxomdwpt.mp4,0.8046832084655762
otkxyvwefe.mp4,0.8839029669761658
otljczxgei.mp4,0.14364679157733917
otmarvtrrk.mp4,0.9075983166694641
otmcckypar.mp4,0.9551407098770142
otnlwzcwlo.mp4,0.9896418452262878
otnpwnipct.mp4,0.7457881569862366
otnvpvoulf.mp4,0.9848831295967102
otovwyidul.mp4,0.9735627770423889
otplqohdoj.mp4,0.9270699620246887
otqhwpbrcp.mp4,0.9657467603683472
otqzylawvi.mp4,0.9790573716163635
otrfvggftk.mp4,0.9744524359703064
otrthevyvz.mp4,0.09892372786998749
otsffwpoms.mp4,0.9674533009529114
otspbfzant.mp4,0.9830876588821411
otstolupuo.mp4,0.9889832735061646
otsviewqwp.mp4,0.7730867862701416
ottceqscky.mp4,0.866115152835846
ottiiobbrh.mp4,0.9200621843338013
otuklexlad.mp4,0.6900475025177002
otvgqhtxkq.mp4,0.12213004380464554
otvkkjnijp.mp4,0.9853121638298035
otvntlpfgn.mp4,0.9899997711181641
otwaywcdkb.mp4,0.9893817901611328
otwuydmkyu.mp4,0.9748226404190063
otxdugkaxh.mp4,0.16235248744487762
otxmdyzwic.mp4,0.9791406393051147
otyqxxbslh.mp4,0.9357657432556152
otzadudfpi.mp4,0.8730350136756897
otzpdcaumu.mp4,0.4511718451976776
ouafqcvuos.mp4,0.9765716791152954
ouaxfnbaxj.mp4,0.9839961528778076
ouazajlgtk.mp4,0.12738147377967834
oubjbqjtoh.mp4,0.9736970663070679
oublntsdsu.mp4,0.937512993812561
oubqoguxxc.mp4,0.9571113586425781
oubqtfwmgd.mp4,0.8810117840766907
ouccgcfaso.mp4,0.09560368955135345
ouclabgsad.mp4,0.2755777835845947
oudideevde.mp4,0.9801397323608398
oueediidhf.mp4,0.9892784357070923
ouexljqvdw.mp4,0.9899370670318604
oufidacgwf.mp4,0.9672460556030273
oughejkndd.mp4,0.9863060712814331
ouhlfeqolk.mp4,0.9237968325614929
ouhwtkhlcc.mp4,0.9398754239082336
ouimlwvgic.mp4,0.14337490499019623
oujtvuirva.mp4,0.6644468903541565
oujvssjrqr.mp4,0.9813563227653503
oujxladjth.mp4,0.9730095863342285
ouklamzdym.mp4,0.7017596364021301
ouklczpngo.mp4,0.9313217997550964
oukvxhpuat.mp4,0.9899345636367798
oulxsqzkwe.mp4,0.978511393070221
oumbqyjahu.mp4,0.9617948532104492
oumcymkaof.mp4,0.9381839632987976
oumhlirlzk.mp4,0.24193942546844482
oundixpyst.mp4,0.9822008013725281
ounfiuexwc.mp4,0.6015107035636902
ounltapexr.mp4,0.9624257683753967
ountpqlqhr.mp4,0.9896466135978699
ouosgpaywa.mp4,0.14283041656017303
oupjhtodai.mp4,0.5141644477844238
oupudlphvg.mp4,0.9436328411102295
oupztxzdln.mp4,0.09452163428068161
oupzvikibn.mp4,0.9579173922538757
ouqodnevxv.mp4,0.9612482190132141
ouqqbpbakd.mp4,0.9631071090698242
ouqqjbaitq.mp4,0.9879826903343201
ourcjujbvb.mp4,0.9287957549095154
ourklihdqs.mp4,0.9893689751625061
ousfjvhzdo.mp4,0.9895337224006653
ouslpwefgh.mp4,0.11290378123521805
outspmgrxp.mp4,0.949709951877594
ouumxqezhv.mp4,0.1453942358493805
ouvjvtsvti.mp4,0.938352108001709
ouwbmdjqgz.mp4,0.9830651879310608
ouwiqfiatg.mp4,0.8412227630615234
ouwmdrevsh.mp4,0.8808009028434753
ouwmjrkwnl.mp4,0.8034718632698059
ouydppqdmw.mp4,0.9498968124389648
ouynicgxld.mp4,0.9032456874847412
ouzonztess.mp4,0.9813078045845032
ovarzjfvwd.mp4,0.9166224002838135
ovavyalwhq.mp4,0.9837237596511841
ovawdhyzft.mp4,0.9879016280174255
ovblgaynru.mp4,0.7707670331001282
ovbydhbvfg.mp4,0.7283428907394409
ovcdgefpdj.mp4,0.29395344853401184
ovcjzkodgw.mp4,0.9881038665771484
ovdcmdrcfa.mp4,0.8576969504356384
ovddwoiwxw.mp4,0.6352317929267883
ovduudukfn.mp4,0.9098814725875854
ovdzeeppdj.mp4,0.9878281950950623
ovfbhgeqcz.mp4,0.9821299314498901
ovfsgyzbnb.mp4,0.9799192547798157
ovgmdjryiz.mp4,0.9641217589378357
ovgnepwkjq.mp4,0.9452582597732544
ovgsjciwha.mp4,0.9631549119949341
ovgxlmesrr.mp4,0.9892732501029968
ovhareepul.mp4,0.795234739780426
ovhchddqzj.mp4,0.18361246585845947
ovhcslzxcd.mp4,0.8554736375808716
ovhlmtegsc.mp4,0.2514888644218445
ovhsjaciyc.mp4,0.9867300987243652
ovigrkqksq.mp4,0.9646021127700806
ovkhhccwao.mp4,0.9801782965660095
ovkjlyfjcd.mp4,0.9814460873603821
ovkqlfuzsh.mp4,0.2309899628162384
ovkqrxftpo.mp4,0.10314688831567764
ovliomjvys.mp4,0.9885373115539551
ovlnhkyatq.mp4,0.9640178680419922
ovlyuhmntt.mp4,0.9369901418685913
ovmopsyelx.mp4,0.899466872215271
ovmxokkmtn.mp4,0.9819543957710266
ovnzubskbn.mp4,0.9801245927810669
ovockosfnh.mp4,0.9882310032844543
ovozllyabv.mp4,0.1638002097606659
ovpcdagqay.mp4,0.9897524118423462
ovpfbapfgb.mp4,0.98146653175354
ovpfeogoyo.mp4,0.8450656533241272
ovpykhowdo.mp4,0.6330361366271973
ovqdavuowh.mp4,0.7577278017997742
ovsjtbttiq.mp4,0.9088162779808044
ovtgpwwkrn.mp4,0.9769514203071594
ovtiiepztg.mp4,0.7507351040840149
ovtkuvresc.mp4,0.9759165644645691
ovtoblnpmj.mp4,0.950032651424408
ovuhszzetv.mp4,0.9617743492126465
ovvoywlhig.mp4,0.9899999499320984
ovvqmhpxml.mp4,0.9020410776138306
ovvspzuyjh.mp4,0.974805474281311
ovxhrtuuhu.mp4,0.9488789439201355
ovymlrdfef.mp4,0.9276663661003113
ovzczlmbcc.mp4,0.3226776123046875
ovzgfrzwwz.mp4,0.9809207320213318
ovzgovomaw.mp4,0.9871736764907837
ovznffekdv.mp4,0.9856392741203308
ovzrybxvgr.mp4,0.986358642578125
owbwunhani.mp4,0.9752088189125061
owddhzjsto.mp4,0.24727346003055573
owdfhkuhum.mp4,0.9733222723007202
owdnerdiwi.mp4,0.97161865234375
owdrxaruqd.mp4,0.9799049496650696
owfwbipthh.mp4,0.989185631275177
owfygbgeua.mp4,0.6378265023231506
owgmfjldup.mp4,0.9741993546485901
owgmgeqjyu.mp4,0.9875290989875793
owgrbqgdqu.mp4,0.6352781653404236
owgwowavcs.mp4,0.6394304037094116
owhlxfnpuk.mp4,0.13084448873996735
owiwfxqzuo.mp4,0.9614983201026917
owjerqchnz.mp4,0.6298362612724304
owlkhaplbc.mp4,0.16320721805095673
owlvlldrmv.mp4,0.6371427178382874
owlyaijjkr.mp4,0.058073095977306366
owmsjhkaix.mp4,0.9895687699317932
owofixzztz.mp4,0.9900000691413879
owokbsqlqi.mp4,0.9689706563949585
owolozokre.mp4,0.9888626933097839
owpfabjqyz.mp4,0.7745152115821838
owpmmjwttd.mp4,0.984746515750885
owpngukvfs.mp4,0.9899395108222961
owprqsfeij.mp4,0.989489734172821
owqgyjveoz.mp4,0.985754668712616
owqjordbfe.mp4,0.24381354451179504
owqqtqhvzx.mp4,0.930826723575592
owrkhoolbu.mp4,0.9283977150917053
owrowxytoj.mp4,0.7046746611595154
owsesuawmk.mp4,0.424056738615036
owshgvgpqr.mp4,0.25593316555023193
owsqvrrsfe.mp4,0.9850760698318481
owswrljxmw.mp4,0.9807800650596619
owtuobjmpf.mp4,0.9900000691413879
owtxrzeqym.mp4,0.9427309632301331
owtzydzwga.mp4,0.8455267548561096
owuawexxrz.mp4,0.10370074957609177
owuhxflwjd.mp4,0.910095751285553
owvsphocft.mp4,0.9887178540229797
owwimwpwba.mp4,0.9596326351165771
owwsgqubpp.mp4,0.9802241325378418
owwyxgoihe.mp4,0.9899999499320984
owwzpxinio.mp4,0.8762153387069702
owxxnqkjoa.mp4,0.24096670746803284
owxzmycbeh.mp4,0.9896416664123535
owysamavpo.mp4,0.989660918712616
owyxzafejo.mp4,0.988105058670044
oxbcpirwua.mp4,0.9667361378669739
oxbzxmjkts.mp4,0.08963661640882492
oxcdubjlrv.mp4,0.6549170613288879
oxcjtgzvhu.mp4,0.9382633566856384
oxcmjdroro.mp4,0.9578354954719543
oxcoardvze.mp4,0.9796007871627808
oxcodpecir.mp4,0.9310839176177979
oxdqnbjkas.mp4,0.9534018039703369
oxdstaafic.mp4,0.9768009185791016
oxeupoccru.mp4,0.9560406804084778
oxfbbeohio.mp4,0.9891855120658875
oxfbjycxvy.mp4,0.4742419421672821
oxfjzzlxqo.mp4,0.8028971552848816
oxfndxwalz.mp4,0.22695599496364594
oxfqynvvjy.mp4,0.19581256806850433
oxgwpghrkm.mp4,0.988763153553009
oxiytzzkia.mp4,0.9859404563903809
oxjbhtdilp.mp4,0.9749568700790405
oxjlvoodfh.mp4,0.865659236907959
oxkgjhjsly.mp4,0.1979132890701294
oxoavcxkls.mp4,0.859100878238678
oxrrtafxaw.mp4,0.9158635139465332
oxsmxlvbzo.mp4,0.24697214365005493
oxspyzjdrz.mp4,0.9806544184684753
oxtszqekyb.mp4,0.3633378744125366
oxucpxjajz.mp4,0.9693784117698669
oxwhokpriu.mp4,0.721189558506012
oxxiqskgbe.mp4,0.9895752668380737
oxxjesksvt.mp4,0.8343654870986938
oxxkuzvaql.mp4,0.8090465068817139
oxyclfakcn.mp4,0.6965466737747192
oxyfirwpvb.mp4,0.9900000095367432
oxytemldvt.mp4,0.18404372036457062
oyafyvlxwx.mp4,0.2330859750509262
oyaruxqzju.mp4,0.7844793200492859
oyasjkoyyn.mp4,0.9754189252853394
oybpmgrxwf.mp4,0.9900000691413879
oybwzyvrhn.mp4,0.7110976576805115
oybxaloitb.mp4,0.34246957302093506
oycymvhpme.mp4,0.19272294640541077
oydauenaco.mp4,0.09763424843549728
oydvaohqkv.mp4,0.9794672727584839
oyeknleqqh.mp4,0.9385564923286438
oyfbqpnumn.mp4,0.9280142784118652
oyfnmrxqkh.mp4,0.1679650843143463
oygkytgmtv.mp4,0.9658511281013489
oyglwortsb.mp4,0.9812498092651367
oygvvmtzjv.mp4,0.963140070438385
oyhdirhgnv.mp4,0.9700846076011658
oyhmctxaua.mp4,0.710736870765686
oyhwrkvunc.mp4,0.9676546454429626
oyiniibfdc.mp4,0.9358003735542297
oyivoexwpp.mp4,0.6684528589248657
oyiycltnaa.mp4,0.8519721031188965
oyjgsuyybk.mp4,0.9814767837524414
oyjmtruwsb.mp4,0.9852068424224854
oyjnnyiege.mp4,0.4600088596343994
oykknrcdzn.mp4,0.3901011645793915
oyllgjgwht.mp4,0.16093023121356964
oymaffzzjv.mp4,0.5515853762626648
oymwxrcrwd.mp4,0.6561283469200134
oynermlyas.mp4,0.9689580798149109
oynkwsagfx.mp4,0.16918744146823883
oyomfswhuw.mp4,0.9792291522026062
oyoofaunlk.mp4,0.969325065612793
oyotxldqqo.mp4,0.14434494078159332
oypywnkyrl.mp4,0.8809636235237122
oyqdcubpdt.mp4,0.9707920551300049
oyqqanbttr.mp4,0.9769855737686157
oyqutbraxs.mp4,0.9893855452537537
oyrdyxgujt.mp4,0.986621618270874
oysduiwswq.mp4,0.8991972208023071
oytafisswv.mp4,0.1412365883588791
oytdishbjw.mp4,0.8318476676940918
oyuboltpuv.mp4,0.09381385147571564
oyuduhuobo.mp4,0.773490846157074
oyustpaaex.mp4,0.9545061588287354
oyvybgekce.mp4,0.9170935153961182
oywddipqux.mp4,0.9884951114654541
oywoembpla.mp4,0.9649738073348999
oywyzxrdrh.mp4,0.9877387881278992
oyxrfcrbjm.mp4,0.9005791544914246
oyytepfmkv.mp4,0.9213575124740601
ozapryfofz.mp4,0.9888666272163391
ozaunurvng.mp4,0.9278278350830078
ozavilhncg.mp4,0.718582034111023
ozcqjxfjwo.mp4,0.13440781831741333
ozdmdlzfyb.mp4,0.6399618983268738
ozdxszexcj.mp4,0.9842274785041809
ozeczmmafh.mp4,0.7958558201789856
ozfjtggupk.mp4,0.9880118370056152
ozfpcmcffr.mp4,0.986476480960846
ozfsyclxiq.mp4,0.9144118428230286
ozgcmnllow.mp4,0.8035724759101868
ozggqtnllu.mp4,0.11278889328241348
ozggxcpwnm.mp4,0.9011161923408508
ozgirqhhya.mp4,0.8869256377220154
ozgwbykjew.mp4,0.9658552408218384
ozhprapubj.mp4,0.9887083768844604
ozjsukibfx.mp4,0.9004709124565125
ozjvlnehul.mp4,0.9089628458023071
ozlgofxpre.mp4,0.9745384454727173
ozlhgahzrv.mp4,0.9060496687889099
ozlweahhsy.mp4,0.9570145606994629
ozmhykaadk.mp4,0.9657260179519653
oznlazhbxn.mp4,0.8687688112258911
ozpjsjrvxi.mp4,0.9849432110786438
ozqhymfrqf.mp4,0.966815173625946
ozqjfteube.mp4,0.9863905906677246
ozqtybvchj.mp4,0.9863137602806091
ozrexytgif.mp4,0.9439845085144043
ozrhdjnfrn.mp4,0.12131671607494354
ozrvtdtxug.mp4,0.12042128294706345
ozssyofgym.mp4,0.9222772121429443
oztamywxjz.mp4,0.9899999499320984
ozuglqsumz.mp4,0.6720103025436401
ozutpoylnz.mp4,0.65812087059021
ozvmvzvyao.mp4,0.975202739238739
ozwmzqdftr.mp4,0.9900000095367432
ozxfzirmvt.mp4,0.9699156880378723
ozxwpsnsmz.mp4,0.9681776165962219
ozyuwiepjv.mp4,0.989746630191803
ozyzfsbehg.mp4,0.9095102548599243
ozzdytjuzq.mp4,0.9700536727905273
ozzluqibbw.mp4,0.08655994385480881
paahvepzue.mp4,0.82049161195755
paaiaerwrc.mp4,0.8950851559638977
pabbtlamdf.mp4,0.9900000095367432
pabodwqszw.mp4,0.44556793570518494
pabrjfbwfz.mp4,0.9081567525863647
pacbscfltm.mp4,0.11791040748357773
pactbbhnhl.mp4,0.09906564652919769
paczgushdz.mp4,0.9668567180633545
padavcxqep.mp4,0.8050035238265991
padmotdbpg.mp4,0.5265402793884277
padqeyutvq.mp4,0.6468545794487
padwzgpltm.mp4,0.8514873385429382
paeamodxqn.mp4,0.9899327158927917
paeklpoera.mp4,0.9720655679702759
paepvjfaax.mp4,0.9827409386634827
paeswplkco.mp4,0.9670494794845581
pagiklescm.mp4,0.9880005121231079
pagwosgroh.mp4,0.972521960735321
pahafqjgzn.mp4,0.12181653827428818
paholsfnda.mp4,0.7898291349411011
pahzldvzku.mp4,0.9890209436416626
paigtzbcuv.mp4,0.1512255072593689
pajmnfrixj.mp4,0.9856700301170349
pakhovjpht.mp4,0.22592176496982574
pakijlehhl.mp4,0.9141200184822083
pakzfoykef.mp4,0.9897931814193726
palrnfqupc.mp4,0.9899999499320984
paoknhqggv.mp4,0.9726558923721313
paorozwtbf.mp4,0.14501801133155823
papialikbm.mp4,0.9900000095367432
papogkywdx.mp4,0.24928763508796692
paqbaossvc.mp4,0.9871196150779724
paqcbtdulm.mp4,0.16072651743888855
paqgdupziv.mp4,0.972274124622345
paqjslrtim.mp4,0.9762372970581055
paqwyiulah.mp4,0.9890021681785583
paqzlxpnvw.mp4,0.8416810035705566
parhbnkojm.mp4,0.9603763222694397
parkdjbhjp.mp4,0.5076759457588196
parqhrknkf.mp4,0.4546898901462555
parqyvrvwr.mp4,0.16430817544460297
parroswabm.mp4,0.31447094678878784
partcfzlbj.mp4,0.18917591869831085
parwxygsid.mp4,0.9817022681236267
pasagecaqn.mp4,0.9856060147285461
pasbcpumba.mp4,0.9897853136062622
pasfalkyou.mp4,0.9767330288887024
pasgsxejek.mp4,0.9891675114631653
pasrrspfhv.mp4,0.8486999273300171
pauisfxlrl.mp4,0.629563570022583
paulsbdfla.mp4,0.8338037729263306
pauvmbrlze.mp4,0.9673682451248169
pavaxttcme.mp4,0.9179803729057312
pavjetbetb.mp4,0.6938997507095337
pavnwvxcma.mp4,0.9898102879524231
pawoqhjpgx.mp4,0.9079949855804443
pawztognqj.mp4,0.9305301904678345
paxojiwtrl.mp4,0.9162642955780029
paxsxhsmpb.mp4,0.96715247631073
payhdwaoar.mp4,0.922171950340271
payrrychvs.mp4,0.8244707584381104
pazjiswczb.mp4,0.9889390468597412
pazpnfrbbc.mp4,0.8510233163833618
pbanfxxban.mp4,0.9900001883506775
pbaxktspvn.mp4,0.9465509057044983
pbberjqqwe.mp4,0.8620309829711914
pbbmbfwjkl.mp4,0.9829781651496887
pbbvacvvut.mp4,0.9900000691413879
pbcqfwdvoj.mp4,0.9890028834342957
pbcyhaxhem.mp4,0.9898063540458679
pbdfjxodgf.mp4,0.7164376378059387
pbdqptjxnl.mp4,0.9900000691413879
pbdrtbigux.mp4,0.739102303981781
pbduywizte.mp4,0.42032527923583984
pbecluopht.mp4,0.8585077524185181
pbeipnpbic.mp4,0.9877333641052246
pbemxkshzl.mp4,0.9895644187927246
pbevlulgcu.mp4,0.8195567727088928
pbffbvwvim.mp4,0.9899249076843262
pbfuoxvsfs.mp4,0.9804893136024475
pbgwegzcfa.mp4,0.5066935420036316
pbhmhadoyy.mp4,0.9899927973747253
pbifzwsjsl.mp4,0.9843756556510925
pbinuattig.mp4,0.9900000691413879
pbiruqsdug.mp4,0.8741405606269836
pbiwxfosmq.mp4,0.9038487672805786
pbjgkewobu.mp4,0.8271690607070923
pbjwfwbgne.mp4,0.9477086067199707
pbkzogduqw.mp4,0.9390352964401245
pblecccxyh.mp4,0.761540412902832
pblkmexcne.mp4,0.9679020047187805
pbmokscggz.mp4,0.656969428062439
pbnhejrnng.mp4,0.9900001287460327
pbnmyuerwl.mp4,0.9875348210334778
pbnvrikjca.mp4,0.9858594536781311
pbohdlntwi.mp4,0.8552775979042053
pbomitcxqq.mp4,0.9167090654373169
pboqrebanl.mp4,0.9267500042915344
pbqdffedrq.mp4,0.1252342164516449
pbqkcyelgj.mp4,0.9898772835731506
pbrxdmqcxk.mp4,0.9899999499320984
pbsuigiaru.mp4,0.2239978313446045
pbtbftzpia.mp4,0.24457363784313202
pbulqhifgj.mp4,0.9136285185813904
pbusjrdidl.mp4,0.9823272228240967
pbvohvjksz.mp4,0.9885494709014893
pbwkjxypwb.mp4,0.9142149090766907
pbxbjnsren.mp4,0.9857970476150513
pbxihvgadx.mp4,0.9887307286262512
pbzccpcqbz.mp4,0.8842964172363281
pbznarokkc.mp4,0.2548176646232605
pceltvtnxu.mp4,0.976535975933075
pcgccqmgdr.mp4,0.9624429941177368
pcgcdubyfw.mp4,0.9439113736152649
pcglwzvjin.mp4,0.19688551127910614
pcgyivytcz.mp4,0.9255730509757996
pcgzjlvefp.mp4,0.9900000095367432
pchdcgnyri.mp4,0.9781304001808167
pchrmtxlvu.mp4,0.1324695497751236
pciinfwwee.mp4,0.9134225845336914
pcizbxenqk.mp4,0.8733559846878052
pcjbktvrfl.mp4,0.9678528308868408
pcjlvsgftq.mp4,0.9288042783737183
pcjobgihdr.mp4,0.19978807866573334
pcjsnvqjoh.mp4,0.9895157814025879
pcjwcvnxqg.mp4,0.9126474261283875
pckjcqwfen.mp4,0.9835948348045349
pckrcmdoba.mp4,0.9899999499320984
pcktimfquw.mp4,0.9885467290878296
pclbskdaxh.mp4,0.9713403582572937
pcllaioxdh.mp4,0.9894449710845947
pcneengvnh.mp4,0.8818974494934082
pcnkmybith.mp4,0.9621872305870056
pcobbwvofa.mp4,0.9900001287460327
pcofbsscpk.mp4,0.9165472388267517
pcowuhggmf.mp4,0.9658868908882141
pcpjhubqkv.mp4,0.15018361806869507
pcpkiaeylj.mp4,0.7158802151679993
pcppquzaji.mp4,0.979196310043335
pcqrvwevar.mp4,0.9828161597251892
pcraykcrki.mp4,0.9466971755027771
pcrcdpjqla.mp4,0.754548192024231
pcrlgyixwh.mp4,0.9233070015907288
pcrmrwdhrf.mp4,0.9518990516662598
pctbluapeb.mp4,0.9866646528244019
pctfrguzoi.mp4,0.9864059090614319
pctljbtwvx.mp4,0.6700280904769897
pctuczgrlp.mp4,0.9883320927619934
pcufniysrm.mp4,0.988092303276062
pcwkualcwy.mp4,0.8850902318954468
pcxhggpzuv.mp4,0.16381511092185974
pcyviknuex.mp4,0.8642419576644897
pcywlveepr.mp4,0.9307070970535278
pcywtlkjuu.mp4,0.9273761510848999
pczknawtyv.mp4,0.7572132349014282
pczmmzcyct.mp4,0.2315959334373474
pcztahkayg.mp4,0.9887789487838745
pdaayrmapp.mp4,0.9872118830680847
pdancoiron.mp4,0.9777100682258606
pdanjicwxg.mp4,0.8775392174720764
pdaxozyqhl.mp4,0.9684449434280396
pdbvtgibqb.mp4,0.9747543931007385
pdcdqobnwt.mp4,0.9899721741676331
pdcppxebla.mp4,0.6672130823135376
pddkcbhapd.mp4,0.5
pdelmalwsz.mp4,0.11945498734712601
pdfesltdmo.mp4,0.9660139083862305
pdfeuspqnu.mp4,0.9640897512435913
pdhcxpreut.mp4,0.9899998903274536
pdhozabkzd.mp4,0.10205686837434769
pdhrguedab.mp4,0.9669691920280457
pdiihkmiih.mp4,0.740639328956604
pdinwwqhep.mp4,0.9688142538070679
pdiozvcjlh.mp4,0.18503974378108978
pdjfgrdkmm.mp4,0.9718012809753418
pdjrykqwhi.mp4,0.918773889541626
pdkmxhnfmx.mp4,0.053851496428251266
pdlhczckcp.mp4,0.9796810746192932
pdlkgfrkpj.mp4,0.9885851740837097
pdlltmgala.mp4,0.9889569282531738
pdlvqmrvvr.mp4,0.9850776195526123
pdmnppvldn.mp4,0.9897430539131165
pdmqbywdfc.mp4,0.9890537858009338
pdnjugtmmp.mp4,0.9883418679237366
pdnwaekrtn.mp4,0.9405936598777771
pdohqavwbu.mp4,0.9351637959480286
pdoisliruc.mp4,0.9759472012519836
pdooqxqfrm.mp4,0.8725972771644592
pdotikoxhv.mp4,0.9889506101608276
pdpdcqefib.mp4,0.9287349581718445
pdphhsdbls.mp4,0.3673108220100403
pdpmufxbuf.mp4,0.8679200410842896
pdpngvznpd.mp4,0.9829956293106079
pdpnuwozmd.mp4,0.987001895904541
pdpqzrrept.mp4,0.9479831457138062
pdpwmrlmcd.mp4,0.3388737738132477
pdqeumircg.mp4,0.21198108792304993
pdqiwdmydh.mp4,0.11115951836109161
pdqqkuclvd.mp4,0.8150157928466797
pdrazlhnxg.mp4,0.9862091541290283
pdryawowdi.mp4,0.08682961016893387
pdsbvaladp.mp4,0.9583122134208679
pdscdzzipt.mp4,0.9168094992637634
pdupvpsldz.mp4,0.9654716849327087
pdvqechvay.mp4,0.6149414777755737
pdwifqspsy.mp4,0.989782452583313
pdwmypzojj.mp4,0.9896402955055237
pdwotqldbz.mp4,0.9692898392677307
pdwwczhhla.mp4,0.9269062280654907
pdxvxptjdr.mp4,0.66507887840271
pdxwcjbeks.mp4,0.9900002479553223
pdyijrcwoj.mp4,0.27663013339042664
pdyrvsvwyi.mp4,0.3351648449897766
pdywmdvvjy.mp4,0.9226915240287781
pdyzfebndx.mp4,0.987241268157959
pebhzwnycq.mp4,0.9899796843528748
pecbwoiwnf.mp4,0.383270263671875
peenogqkhs.mp4,0.9255566000938416
pefenralgo.mp4,0.9899939894676208
pefjixgwzc.mp4,0.9885358810424805
pegwjwhwey.mp4,0.8314986228942871
pegyahnwzv.mp4,0.9855111241340637
pehkqyoddu.mp4,0.989777147769928
pehrqgnrix.mp4,0.9871789813041687
peifyrheof.mp4,0.5674724578857422
peiyocyctt.mp4,0.9485567212104797
pejzzeqqso.mp4,0.8536022901535034
pekeufbstw.mp4,0.9852523803710938
pekodqqbax.mp4,0.9645564556121826
pekoptuztj.mp4,0.712223470211029
pekovmmyxu.mp4,0.923804521560669
pelbstehdi.mp4,0.9899999499320984
pempjmlwye.mp4,0.96913743019104
pemtgysumu.mp4,0.98040771484375
penimmldnu.mp4,0.9738612174987793
penlswonan.mp4,0.9893456697463989
peocvrpoig.mp4,0.9846528768539429
peponvetib.mp4,0.3430595397949219
pepxofvpjc.mp4,0.18713587522506714
peqlttygov.mp4,0.9896724820137024
peqrlhqeuk.mp4,0.8733779788017273
perdujoudu.mp4,0.830016553401947
pertjakiyi.mp4,0.1379414051771164
pescizvikx.mp4,0.9890962243080139
peudsjqzjk.mp4,0.9787103533744812
pevmkpamhv.mp4,0.5878915190696716
pevstfrnqp.mp4,0.942814826965332
pevthmobaq.mp4,0.9839898347854614
pevufxnibs.mp4,0.2297704666852951
pewbrjbels.mp4,0.967793345451355
pewsydjklq.mp4,0.4975545108318329
pexvxscexv.mp4,0.9261592030525208
peywryldov.mp4,0.7280303835868835
pezloxvvwu.mp4,0.9894323945045471
pfaifvzmaa.mp4,0.6569381356239319
pfazzaldpy.mp4,0.9892193675041199
pfbfasuujc.mp4,0.8192058205604553
pfbkiautzr.mp4,0.9751802682876587
pfdsyxmmjv.mp4,0.9900001287460327
pfdzvxaics.mp4,0.9346233010292053
pfeesldjdn.mp4,0.8371707797050476
pffnbezptp.mp4,0.9441400766372681
pffsmfqkmi.mp4,0.9898462891578674
pfggbyhryz.mp4,0.964287519454956
pfghlqtwvm.mp4,0.8343795537948608
pfgurhcfop.mp4,0.6654489040374756
pfhgchbjqg.mp4,0.972620964050293
pfhhczoboq.mp4,0.9084928631782532
pfhqhxqhoh.mp4,0.9894739985466003
pfhweukfvq.mp4,0.9818951487541199
pfiigjlcct.mp4,0.12550649046897888
pfikdljbay.mp4,0.6437228918075562
pfixcuhlbc.mp4,0.9319131970405579
pfjirvgiue.mp4,0.8214452862739563
pfkfvfsxfd.mp4,0.9478617906570435
pfklensnqd.mp4,0.9771699905395508
pflnmyfdea.mp4,0.9554485082626343
pflwvifizc.mp4,0.9851714372634888
pfmqommgzg.mp4,0.7290753722190857
pfncoqnjpp.mp4,0.9822909235954285
pfnhpletgn.mp4,0.9837415218353271
pfnjqdebhk.mp4,0.9759144186973572
pfnlffezum.mp4,0.9887461066246033
pfnzijbsvl.mp4,0.927616536617279
pfpahwmhos.mp4,0.7415039539337158
pfpeofasyl.mp4,0.14799648523330688
pfpoucdemr.mp4,0.9867900013923645
pfpxrcbrmj.mp4,0.755447506904602
pfpywtuptj.mp4,0.7915439009666443
pfqdhamqgq.mp4,0.9794108271598816
pfqkvwlvtk.mp4,0.9878559112548828
pfqrgzszqf.mp4,0.9894480109214783
pfqteuxfip.mp4,0.9663639664649963
pfrghhmuwf.mp4,0.9900000095367432
pfrhiwfnia.mp4,0.9882062077522278
pfrijalpxc.mp4,0.9232379794120789
pfrribcoce.mp4,0.8856672048568726
pfrwwfnkhp.mp4,0.9865760803222656
pftbukprmr.mp4,0.9814915657043457
pftfakmxpw.mp4,0.9894140362739563
pftftfvqoa.mp4,0.2772989571094513
pfuzwoecsb.mp4,0.9518765807151794
pfvlgficdf.mp4,0.9343686699867249
pfvpevylmp.mp4,0.9678168296813965
pfvtjnsxni.mp4,0.8294516801834106
pfvudxruqw.mp4,0.9598007202148438
pfvygvdlyi.mp4,0.9856780767440796
pfvynemzlz.mp4,0.9413992166519165
pfwipsalvc.mp4,0.6045342087745667
pfwrsyhcfm.mp4,0.9863443970680237
pfwzlcyfmj.mp4,0.98992520570755
pfxtruaxsa.mp4,0.9694021344184875
pfymnavyvy.mp4,0.8859001994132996
pfymqrhdqc.mp4,0.9835525751113892
pfymuncwij.mp4,0.9886549115180969
pfyrmrezpf.mp4,0.9717357158660889
pfywkxivvl.mp4,0.9706574082374573
pfzbxqaits.mp4,0.9420486688613892
pfzencsnra.mp4,0.7711238861083984
pfziqkaxsy.mp4,0.6136300563812256
pfzxcvpscj.mp4,0.9578123092651367
pfzyojyifc.mp4,0.9896742701530457
pgamqeolau.mp4,0.17491236329078674
pgauaefvqv.mp4,0.9899852275848389
pgbafqqjfx.mp4,0.9834782481193542
pgbbhqrosl.mp4,0.9900001287460327
pgbebqbazd.mp4,0.9887871146202087
pgcqefcqxn.mp4,0.9808456301689148
pgdjbepvga.mp4,0.17965570092201233
pgdjphqudl.mp4,0.3237055242061615
pgdnvaylvb.mp4,0.9218961000442505
pgdoulrxmv.mp4,0.6200794577598572
pgfgfaleuk.mp4,0.8144156336784363
pgfoawjjzc.mp4,0.8745582699775696
pgfpqworwx.mp4,0.9680317640304565
pgfxdqdsdj.mp4,0.1252080202102661
pghdhuhktt.mp4,0.11707597225904465
pghhhcxhgr.mp4,0.11681924760341644
pghjlvczdr.mp4,0.9899999499320984
pghraehpov.mp4,0.9889348149299622
pgiicogiwa.mp4,0.12301069498062134
pgjedehsrc.mp4,0.9516599774360657
pgkhzdbvpp.mp4,0.9202713966369629
pgkipgmpgm.mp4,0.7924317121505737
pgksrfzfjq.mp4,0.957528293132782
pgkwulqxfb.mp4,0.8866258859634399
pgkzwuslmz.mp4,0.84627366065979
pglbgnclte.mp4,0.15362289547920227
pgmtzjlzca.mp4,0.21060296893119812
pgnlxdoaeb.mp4,0.9834123849868774
pgnnygfrea.mp4,0.9474926590919495
pgnoiqaeka.mp4,0.9714767336845398
pgnvdnglop.mp4,0.9791925549507141
pgoavrrrsw.mp4,0.9790955781936646
pgpbzlgpmr.mp4,0.13864022493362427
pgqxguqyyw.mp4,0.9899993538856506
pgqxsteufx.mp4,0.155887171626091
pgrqayrsxm.mp4,0.9622921347618103
pgsbxkcwrl.mp4,0.9762094616889954
pgtcqolgtk.mp4,0.9678499698638916
pgtfaxfujh.mp4,0.9326935410499573
pgumwaujqo.mp4,0.9652301073074341
pguofzxhww.mp4,0.7552895545959473
pgupgtjrkh.mp4,0.8528543710708618
pgutuxhmdu.mp4,0.3040796220302582
pgvdvpudwz.mp4,0.9796246886253357
pgvvblzlzt.mp4,0.9836378693580627
pgwlrcxmrj.mp4,0.9604084491729736
pgwnbbmjlz.mp4,0.9887704849243164
pgwpxfigbd.mp4,0.9375260472297668
pgwvpgnoeq.mp4,0.8517243266105652
pgwxfdnats.mp4,0.46179625391960144
pgxorcqskw.mp4,0.989945650100708
pgxubagpzg.mp4,0.9764639139175415
pgxuwsjdil.mp4,0.9466176629066467
pgxxjaglrb.mp4,0.9899035096168518
pgyavbqnmd.mp4,0.9773924350738525
pgzdmvrgkb.mp4,0.9842966198921204
pgzjhkinwl.mp4,0.986575722694397
pgzuxaolfg.mp4,0.9208828210830688
pgzyjqokxi.mp4,0.12510907649993896
phabcdabjw.mp4,0.9186992049217224
pharlnoque.mp4,0.17259414494037628
phattrhhqe.mp4,0.9640634655952454
phayzlcgft.mp4,0.9878333210945129
phbalkodbj.mp4,0.5228648781776428
phbxrphchc.mp4,0.9865446090698242
phcbhjtqwa.mp4,0.7926067113876343
phckycghnc.mp4,0.9711583256721497
phczzdttii.mp4,0.9829338788986206
phdfcdvyeh.mp4,0.9843166470527649
phdfvwrsak.mp4,0.9084051847457886
pheefnbikw.mp4,0.9857863783836365
pheffsftdw.mp4,0.9616802334785461
phfljuoghg.mp4,0.0972004383802414
phfxhnfctk.mp4,0.8397108912467957
phgpddrcpe.mp4,0.166806161403656
phgztyaash.mp4,0.3652670681476593
phhhcbwbzm.mp4,0.9893473386764526
phhqbvmftl.mp4,0.9806240200996399
phhqimjgfz.mp4,0.899996280670166
phhwfqdnjw.mp4,0.9687555432319641
phiirijpsr.mp4,0.2057628035545349
phjevxqkxu.mp4,0.33154359459877014
phjijpwnhi.mp4,0.8311611413955688
phjpxiynnq.mp4,0.9880000948905945
phljvfnjgq.mp4,0.1937716156244278
phmfgsbfgg.mp4,0.9789168238639832
phmfmuuahj.mp4,0.985011637210846
phmnxnimmv.mp4,0.9622004628181458
phmrzkqlbb.mp4,0.9849070906639099
phmuivlsju.mp4,0.11879108846187592
phngwcpbqw.mp4,0.8836565017700195
phohkjxoaz.mp4,0.9817084670066833
phpnlnvffy.mp4,0.7353217601776123
phpqcnwmie.mp4,0.9804681539535522
phprwvesya.mp4,0.9873397946357727
phqtmwabmh.mp4,0.960722029209137
phrfelrfcp.mp4,0.9897034168243408
phrjkqvyhw.mp4,0.9809916615486145
phrzaeybdb.mp4,0.7666776776313782
phrzyfxbfg.mp4,0.9898248910903931
phsausetmv.mp4,0.7708383798599243
phsfuuykbt.mp4,0.9044975638389587
phsmtxibak.mp4,0.6821646094322205
phunfxbkan.mp4,0.9865376949310303
phunxwjbbf.mp4,0.7987711429595947
phuyuhvtjy.mp4,0.8693591356277466
phvciecduz.mp4,0.08408285677433014
phvngavaai.mp4,0.9899999499320984
phvoabhqqv.mp4,0.19704921543598175
phwhurlseg.mp4,0.9900000095367432
phwtljajfk.mp4,0.7863947153091431
phyiqavpra.mp4,0.6581694483757019
phzhryispv.mp4,0.9768267273902893
phzhxynpjx.mp4,0.8592873811721802
phzijipsqo.mp4,0.9439644813537598
phzsaimkga.mp4,0.7561337947845459
piadjgtnha.mp4,0.9897022843360901
piamkqfaed.mp4,0.8636369109153748
piapktaonp.mp4,0.9632099270820618
piaygiiqal.mp4,0.9818372130393982
pibqqlkngn.mp4,0.9735870361328125
pibrwzsawr.mp4,0.9857147932052612
pibtavvzhs.mp4,0.9875979423522949
picgjhojlj.mp4,0.09402162581682205
picxyrchki.mp4,0.9861276149749756
pidamdufdk.mp4,0.9888726472854614
pidozsejoq.mp4,0.9512078762054443
piedplkayh.mp4,0.9678657650947571
pieljwtnpg.mp4,0.8904258608818054
pifxpqfctr.mp4,0.9627836346626282
pighueohyq.mp4,0.988010823726654
pigsuchqbh.mp4,0.26361751556396484
pihdxqxmla.mp4,0.13606703281402588
pihucwrqbo.mp4,0.9899993538856506
piihqntouq.mp4,0.8221100568771362
piiicjgdvu.mp4,0.9768093824386597
piijcmcsap.mp4,0.987980842590332
piiytlwgqj.mp4,0.8843839764595032
pijdcfzyqg.mp4,0.9881371855735779
pijtgijpbo.mp4,0.9107290506362915
pijzjjchqn.mp4,0.8731299042701721
pikidwbjsa.mp4,0.8142958879470825
pilnfoupip.mp4,0.926507830619812
pilxjufslv.mp4,0.510269284248352
pimrsfwcwm.mp4,0.054899539798498154
pimwkeghsp.mp4,0.9494414925575256
pinreruizk.mp4,0.8568660616874695
pioasylqng.mp4,0.9771608710289001
pioikeufiu.mp4,0.951354444026947
piokxdwqns.mp4,0.9688475728034973
piovymzozl.mp4,0.8955621123313904
pipiskgjmf.mp4,0.20761515200138092
pipnznintr.mp4,0.9899308085441589
piqdnslkof.mp4,0.9895957112312317
piqmkdyiyf.mp4,0.9900000095367432
piskiyyoxw.mp4,0.595658540725708
piskvhpjqa.mp4,0.9899999499320984
piskwennwc.mp4,0.9893277883529663
pissdabnmv.mp4,0.8771919012069702
pisxzqepkr.mp4,0.9896124601364136
pitepwjoyg.mp4,0.9793842434883118
pitiythfbh.mp4,0.9107334613800049
pitpjawwwp.mp4,0.16107913851737976
pitpmrwsov.mp4,0.8987991213798523
piwcgqxvml.mp4,0.7172008752822876
piwguhxzks.mp4,0.9897382855415344
piwqanqktm.mp4,0.9898961186408997
piwtkahted.mp4,0.13064303994178772
pizwfjjwcl.mp4,0.989700198173523
pjachukvqz.mp4,0.9615592360496521
pjafotgxtk.mp4,0.9047485589981079
pjapslcyuy.mp4,0.9689606428146362
pjbdhdvkts.mp4,0.9609891772270203
pjbewiubum.mp4,0.09437836706638336
pjblduprdp.mp4,0.7043972611427307
pjbuzenimc.mp4,0.9634342193603516
pjbvvmlogk.mp4,0.9899840354919434
pjbxzwxgxi.mp4,0.854145348072052
pjcpyuwgui.mp4,0.9531757831573486
pjczoaraco.mp4,0.7519012689590454
pjdpbvgikm.mp4,0.9899604916572571
pjeejqpmym.mp4,0.9740503430366516
pjenbuiakt.mp4,0.7309722900390625
pjeqqdqzys.mp4,0.9833320379257202
pjfcbdevcn.mp4,0.9635031223297119
pjfkpiiali.mp4,0.7889711856842041
pjfokagfuf.mp4,0.9837396144866943
pjfyovbzvf.mp4,0.12333745509386063
pjgezhtmnw.mp4,0.6544090509414673
pjgpjncexr.mp4,0.09349247813224792
pjhcqkwple.mp4,0.23712317645549774
pjidunorcs.mp4,0.9377925992012024
pjipeclnub.mp4,0.9868301153182983
pjjaarcbgd.mp4,0.9857513308525085
pjjmeuhjzi.mp4,0.9598874449729919
pjjroahzsq.mp4,0.9794604182243347
pjkkgptduh.mp4,0.989960789680481
pjlkqigfgz.mp4,0.1325327306985855
pjnsejazpl.mp4,0.1302112340927124
pjnsijcadl.mp4,0.9465211629867554
pjofjddsnu.mp4,0.9886950254440308
pjoinmammg.mp4,0.18528737127780914
pjojqplosw.mp4,0.13351881504058838
pjolasryaq.mp4,0.9900001287460327
pjoqljbaea.mp4,0.5744197964668274
pjorrahqhd.mp4,0.98183274269104
pjpauqpika.mp4,0.9809020161628723
pjqqnbiiwv.mp4,0.15324434638023376
pjqydnrqeu.mp4,0.4923139214515686
pjrhsvdlaj.mp4,0.9649694561958313
pjrlegmgry.mp4,0.7255423665046692
pjrnyngtrv.mp4,0.6321933269500732
pjrsquwlci.mp4,0.6345351338386536
pjsbuduywx.mp4,0.9734678268432617
pjsczfjhla.mp4,0.9428132176399231
pjsndmaqef.mp4,0.850063681602478
pjsziyqflx.mp4,0.978024959564209
pjtpsxxcdm.mp4,0.9889610409736633
pjtwokcuhv.mp4,0.2983216345310211
pjvvfgfbew.mp4,0.8489041328430176
pjwbqthctn.mp4,0.9119221568107605
pjwjqoymiz.mp4,0.9881137609481812
pjwlrdjgbp.mp4,0.8555980324745178
pjxxnotfdr.mp4,0.9773858785629272
pjydajuyry.mp4,0.9899279475212097
pjyqoserus.mp4,0.7395806312561035
pjytlwuocz.mp4,0.8502441048622131
pjzsuxozit.mp4,0.9246982932090759
pkadxrjeaz.mp4,0.9119137525558472
pkbocacgxl.mp4,0.9845938682556152
pkcptxquew.mp4,0.6253994703292847
pkcwmxcizh.mp4,0.9046874642372131
pkeagdsnjo.mp4,0.9257686138153076
pkejmfhdki.mp4,0.9602857828140259
pkfhzhlndv.mp4,0.9685738682746887
pkfucuczdu.mp4,0.9677772521972656
pkhfledcxk.mp4,0.9721208214759827
pkhkfxdicm.mp4,0.7423481941223145
pkhrllrjhw.mp4,0.9631531238555908
pkhtxtxtsp.mp4,0.8052886128425598
pkinzjqukb.mp4,0.8658226132392883
pkisaekjge.mp4,0.968909502029419
pkititkein.mp4,0.4085069000720978
pkjiipbwkb.mp4,0.9551945924758911
pkjrfaanye.mp4,0.9153621792793274
pkkaewbtdk.mp4,0.6112747192382812
pkkoaumvhh.mp4,0.9866045713424683
pkkueemque.mp4,0.4646870493888855
pkkulhtbxs.mp4,0.6419525146484375
pklpoweghi.mp4,0.5051052570343018
pkmqgnveoy.mp4,0.8687218427658081
pkoadvlpga.mp4,0.14777986705303192
pkovaypwgw.mp4,0.1401938498020172
pkozwhgwib.mp4,0.9179738163948059
pkplwbcjbz.mp4,0.9743778705596924
pkpxhevjjz.mp4,0.08714373409748077
pkpyudokau.mp4,0.6955938935279846
pkretcflwd.mp4,0.9745908975601196
pkrpyvfnye.mp4,0.4388938844203949
pkrvynnwyg.mp4,0.7538906335830688
pkuuvpmgmj.mp4,0.9684118032455444
pkwiouetyr.mp4,0.1951904147863388
pkwnblkdbq.mp4,0.701082170009613
pkwzqtbnwi.mp4,0.8882846832275391
pkxivzdglf.mp4,0.9865859150886536
pkyavigtyl.mp4,0.9365482926368713
pkyxxemoat.mp4,0.4219726622104645
pkzaqynwoe.mp4,0.9058231711387634
pkzdpystaw.mp4,0.13884598016738892
pkzgfmxztj.mp4,0.9713016152381897
pladypzcgb.mp4,0.6597406268119812
plalfkegrv.mp4,0.8082431554794312
plaxrifjkk.mp4,0.7216574549674988
plbiekrgig.mp4,0.9723269939422607
plboaosmir.mp4,0.9516782760620117
plbrhjitqu.mp4,0.9880092144012451
plchjedipm.mp4,0.9899460673332214
plcmuilvyf.mp4,0.4529629051685333
plcubpryia.mp4,0.9860751032829285
plcylurjmq.mp4,0.9776554703712463
pldagpoppb.mp4,0.9794608950614929
pldgpdtzwo.mp4,0.2553517520427704
pldoaeueim.mp4,0.9689356088638306
pldulzcfad.mp4,0.9363487362861633
pldxshnrxi.mp4,0.9716717600822449
pldzgzznwl.mp4,0.9780709743499756
plelqmhdxi.mp4,0.8697084188461304
plfphqkpdv.mp4,0.9247848987579346
plfzfbnmpm.mp4,0.9299803972244263
plhcceboag.mp4,0.16283757984638214
plhimyrwko.mp4,0.9232746958732605
plhpxrnebu.mp4,0.9830499291419983
pliebacntu.mp4,0.9045348763465881
plippwihgk.mp4,0.1583387553691864
pliqrpjnfd.mp4,0.5168957114219666
pljdzxdgdt.mp4,0.9900000095367432
pljhcyvmer.mp4,0.7469373941421509
pljnvpebkl.mp4,0.10841713845729828
pljqtedavt.mp4,0.6061130166053772
plkcksnqxc.mp4,0.8813162446022034
plkliodisu.mp4,0.9756677150726318
plljpjscih.mp4,0.10224859416484833
pllwlgzbkd.mp4,0.1467704474925995
plnkvnwbla.mp4,0.3136204183101654
plogjhefol.mp4,0.989769697189331
plojogdbua.mp4,0.9867567420005798
plooixloch.mp4,0.9647912979125977
ploqepnxcv.mp4,0.777816891670227
ploxfheign.mp4,0.9887387156486511
plpcftpcyg.mp4,0.9753811955451965
plpkbnqpcv.mp4,0.1988849937915802
plpsrmulpk.mp4,0.9670484662055969
plrcmlnnqp.mp4,0.9367707371711731
plrkbldxyp.mp4,0.9791606068611145
plsfwhallo.mp4,0.9900000691413879
plsptwuohu.mp4,0.8605321645736694
plsqdnqkns.mp4,0.9553139209747314
plsymjphbl.mp4,0.9900000691413879
pltevshhxu.mp4,0.9569997191429138
plthqrvwfi.mp4,0.9878849387168884
pltlfhlduc.mp4,0.9824923872947693
pltwjwcncn.mp4,0.7477682828903198
pltxnccjnv.mp4,0.9897885322570801
pluadmqqta.mp4,0.4408237040042877
pluqjkqszt.mp4,0.9129139184951782
pluszdsjrz.mp4,0.9486154913902283
plvauswlpq.mp4,0.9894281625747681
plvrykakdu.mp4,0.9873165488243103
plxoyojaaz.mp4,0.9543854594230652
plxqkcocqk.mp4,0.985641360282898
plyfuebkxu.mp4,0.9879651665687561
plyptzlztw.mp4,0.9454232454299927
pmamadybpb.mp4,0.8979232311248779
pmcecvmwlg.mp4,0.2270825207233429
pmcscrkcpq.mp4,0.9884563088417053
pmddllpeau.mp4,0.7912150621414185
pmdhfwrpvc.mp4,0.8298245072364807
pmdrdiqsdt.mp4,0.3194117248058319
pmfieukvwd.mp4,0.5850750803947449
pmfurjxdvg.mp4,0.7831791639328003
pmfvnctrpz.mp4,0.985489010810852
pmgvhydmtr.mp4,0.3368909955024719
pmhilgxldy.mp4,0.1859225481748581
pmjfwsvren.mp4,0.7376082539558411
pmkxnqlmbj.mp4,0.9504126310348511
pmmnajdckf.mp4,0.8979890942573547
pmndyilsbk.mp4,0.9896291494369507
pmngqrxmfy.mp4,0.9858996272087097
pmnioznoyq.mp4,0.9751687049865723
pmnmpobtnk.mp4,0.9885481595993042
pmnsqtpgry.mp4,0.9852003455162048
pmpiwcrjzb.mp4,0.9887174367904663
pmqipedwwi.mp4,0.9769279956817627
pmqritfdoc.mp4,0.9899999499320984
pmrxgiizwz.mp4,0.5758986473083496
pmrygmlumz.mp4,0.9825701713562012
pmrzdxjmxw.mp4,0.9036558270454407
pmsajeqzpl.mp4,0.69826340675354
pmsccgvvut.mp4,0.11178269982337952
pmsoxgfmhy.mp4,0.9833484292030334
pmtcmzolir.mp4,0.9070819616317749
pmtcverdaf.mp4,0.6870995163917542
pmtgzafbsg.mp4,0.8758238554000854
pmufuqkcvd.mp4,0.7047263979911804
pmulgdcejl.mp4,0.9899999499320984
pmuqfywvhy.mp4,0.9892420172691345
pmvdfssqbq.mp4,0.9877465963363647
pmvvidunuk.mp4,0.06896758079528809
pmwhyvxcvr.mp4,0.9278231263160706
pmwmuvzomj.mp4,0.9694875478744507
pmwpzpjtjs.mp4,0.46529966592788696
pmwslwdetx.mp4,0.9900001287460327
pmwuehqlmk.mp4,0.929032564163208
pmwuinaikg.mp4,0.989441990852356
pmwvdylmeg.mp4,0.9711558222770691
pmwvepegll.mp4,0.9841144680976868
pmxoptrowy.mp4,0.3914610743522644
pmymyqewcy.mp4,0.9659616947174072
pmywbdljmw.mp4,0.7740188837051392
pmyzwyncor.mp4,0.61021488904953
pmzqmzivpy.mp4,0.9835531115531921
pnalawyffq.mp4,0.929743766784668
pnanauydrw.mp4,0.6440510749816895
pnasrgcdli.mp4,0.9541357159614563
pnauelqbxq.mp4,0.07620608061552048
pnbznglcbk.mp4,0.9895617961883545
pndcdfogji.mp4,0.9548459649085999
pndozpftoa.mp4,0.24822555482387543
pnefwmfkuo.mp4,0.5
pnfcjcwvqt.mp4,0.9771597385406494
pnfizwuebk.mp4,0.945187509059906
pnfntyddbk.mp4,0.9210182428359985
pnghtmxjhy.mp4,0.9823623895645142
pngxwrscfv.mp4,0.35291072726249695
pnhxtiqyef.mp4,0.909741997718811
pniyoniycd.mp4,0.6275034546852112
pnkngxzuxc.mp4,0.8606662750244141
pnksxmyogv.mp4,0.9898912310600281
pnlbnshuvt.mp4,0.8527234792709351
pnljeroaga.mp4,0.943393349647522
pnlqazskcv.mp4,0.7925840020179749
pnnjdevrun.mp4,0.9820391535758972
pnnqrbnihf.mp4,0.16912193596363068
pnolpthtsj.mp4,0.6103487610816956
pnooyxdnwq.mp4,0.8849861025810242
pnotaniiuh.mp4,0.26116862893104553
pnotngvwsc.mp4,0.9691087007522583
pnpnfwimcz.mp4,0.25833314657211304
pnpqdndtpm.mp4,0.9359154105186462
pnpssuckje.mp4,0.9712391495704651
pnpyiohvrh.mp4,0.7908687591552734
pnpylbwrxe.mp4,0.9472888112068176
pnpzfrvuse.mp4,0.9885072112083435
pnqfaupcyt.mp4,0.973448634147644
pnqrgzrhmo.mp4,0.8180306553840637
pnqrmirozd.mp4,0.08301961421966553
pnqtvpcgqb.mp4,0.7162453532218933
pnrtppildr.mp4,0.989966094493866
pnruniguok.mp4,0.8926600217819214
pnthjxopty.mp4,0.11919140070676804
pntmfxrtbf.mp4,0.23328018188476562
pnuieeypbl.mp4,0.7240978479385376
pnumreufox.mp4,0.9386975169181824
pnunughkny.mp4,0.8705163598060608
pnvllbncra.mp4,0.8190212845802307
pnvrrhnsfb.mp4,0.7608948349952698
pnvsuyusxr.mp4,0.9680885672569275
pnvwghaiir.mp4,0.1784527450799942
pnwbmckzuh.mp4,0.06793573498725891
pnxevbwavg.mp4,0.9833046197891235
pnxooovlrp.mp4,0.9899957776069641
pnxtyycxbm.mp4,0.9072245955467224
pnyifxtzny.mp4,0.21768508851528168
pnypoxjkpv.mp4,0.9639521837234497
poagygqekh.mp4,0.9665572643280029
poahxxbghk.mp4,0.7919151782989502
poangahcby.mp4,0.8263564109802246
poawijamqy.mp4,0.9177582263946533
pobpsxjbzg.mp4,0.47590383887290955
pobrnbspcf.mp4,0.9899863600730896
pobymmwcwy.mp4,0.9866037368774414
pocjaqpnzv.mp4,0.37113064527511597
pocsjydjyz.mp4,0.09886939823627472
poctmcxnhq.mp4,0.9753372073173523
poebmykhvt.mp4,0.11345215141773224
poembpwcku.mp4,0.38591548800468445
poeuxfppbs.mp4,0.8889967203140259
poexqllusv.mp4,0.9899845719337463
pofpcjvpse.mp4,0.9819365739822388
pofuklunkl.mp4,0.10141228884458542
poggnpxcjk.mp4,0.1038145050406456
pogoqxuxxo.mp4,0.9890527129173279
pogqgrvodn.mp4,0.7769738435745239
pogxidwkoc.mp4,0.9364909529685974
pohnfudvyb.mp4,0.08110280334949493
poiywgblss.mp4,0.9645735025405884
pojncdgzes.mp4,0.11173360794782639
pojvwuawan.mp4,0.9319063425064087
pokaexnnen.mp4,0.9900000095367432
pokctfragw.mp4,0.1080101728439331
polfqtcksh.mp4,0.9883854389190674
polmciaate.mp4,0.9623762369155884
polpmdcrab.mp4,0.9890110492706299
pomoerfbhi.mp4,0.9432287812232971
ponquljatl.mp4,0.9898453950881958
ponvsykciz.mp4,0.6322669386863708
poomzdaplh.mp4,0.6868727207183838
pooqotncon.mp4,0.9900000691413879
pootxlrbkt.mp4,0.9592818021774292
poqdlbpgdk.mp4,0.7095810174942017
poqfmwsmeb.mp4,0.9900000095367432
poqnjwqfbz.mp4,0.9898236989974976
porpclfhsm.mp4,0.6503718495368958
porqucsjpf.mp4,0.947180449962616
posmjvxmqj.mp4,0.8819292783737183
potiaqgtly.mp4,0.47564563155174255
pottltryso.mp4,0.98039710521698
potzjvaikd.mp4,0.9720697402954102
poucximcgb.mp4,0.927183985710144
pouiedctwg.mp4,0.23755066096782684
povofxfmyg.mp4,0.9895910620689392
povyhigfoq.mp4,0.7415804862976074
powefqurtr.mp4,0.9799429774284363
powehvvxpm.mp4,0.9851952791213989
poweiwpymm.mp4,0.8363133668899536
powjcbrxhy.mp4,0.9260878562927246
powrtawkpq.mp4,0.9791987538337708
poxcwungti.mp4,0.9896665811538696
poxeniomzj.mp4,0.7739629149436951
poxvearhtv.mp4,0.9040756821632385
poyajjsybi.mp4,0.7395778298377991
poyfrdwelj.mp4,0.9764506220817566
poyiixlbpd.mp4,0.8485424518585205
poymvdmdpq.mp4,0.95278000831604
poyotaksrd.mp4,0.9788512587547302
ppaapfxzrh.mp4,0.8617342710494995
ppacguqcus.mp4,0.9224569797515869
ppafdisvfs.mp4,0.13764061033725739
ppauzwuecv.mp4,0.10631880164146423
ppazvbxfkq.mp4,0.8329054117202759
ppbfducoef.mp4,0.9733248353004456
ppbnnrjjbj.mp4,0.9657043814659119
ppbuvsygxv.mp4,0.9805853962898254
ppcbfnvbhq.mp4,0.9695155620574951
ppcirpmocc.mp4,0.9097753167152405
ppcnutulcq.mp4,0.9564636945724487
ppdkrhmmyw.mp4,0.8880147933959961
ppdmldrwmq.mp4,0.126421257853508
ppdtcsoptx.mp4,0.8946444988250732
ppfkrkdfsq.mp4,0.9678223729133606
ppfwisfqiz.mp4,0.9698898792266846
ppghcvwxhb.mp4,0.2564542591571808
pphswoggxd.mp4,0.958925187587738
pphtxhdwjf.mp4,0.9640390872955322
ppiumatmbs.mp4,0.976720929145813
ppivhoaxjn.mp4,0.9630259871482849
ppjaaacxea.mp4,0.10924166440963745
ppjbamhhnx.mp4,0.9892009496688843
pplpvzasyz.mp4,0.9780895113945007
ppmkczdlxf.mp4,0.9541005492210388
ppmwhgzcwl.mp4,0.8425998687744141
ppnfwtwqdn.mp4,0.8848069906234741
ppnlasqbib.mp4,0.8482775092124939
ppnsretpkp.mp4,0.9706470370292664
ppoteqgiso.mp4,0.9469720721244812
pppakyhsqd.mp4,0.11033207178115845
pppdeikeib.mp4,0.9831914305686951
pppxsojqis.mp4,0.9552812576293945
pppzygkcrq.mp4,0.9589142799377441
pprgcdyzbr.mp4,0.9392565488815308
pprjttaplj.mp4,0.9481372833251953
ppruxbqpmc.mp4,0.1897093504667282
ppsbepncbu.mp4,0.9899999499320984
ppsuoqqjmh.mp4,0.9896988868713379
ppsuqxxdez.mp4,0.9868508577346802
ppswzoloye.mp4,0.06630329042673111
ppulbuhtsc.mp4,0.06806579977273941
ppuwieuquq.mp4,0.8616473078727722
ppvpwxicte.mp4,0.4499935507774353
ppwojeoqgo.mp4,0.922905683517456
ppwpmbboyj.mp4,0.9883951544761658
ppxeiiuyzd.mp4,0.9883894324302673
ppxxxsnrle.mp4,0.2751831114292145
ppxzlzozlo.mp4,0.9532657861709595
ppytockqbg.mp4,0.9281435608863831
ppzejehyib.mp4,0.9568369388580322
pqbcjrahfr.mp4,0.9895238280296326
pqbjwjdyju.mp4,0.9505063891410828
pqcbwsbunr.mp4,0.9861147403717041
pqcjagansh.mp4,0.0819307193160057
pqcmvupjkq.mp4,0.09683789312839508
pqcuzuvuac.mp4,0.26360955834388733
pqcxyoffjh.mp4,0.2735176980495453
pqdblfdjdx.mp4,0.9770721793174744
pqdixqyrnn.mp4,0.9893838763237
pqdpkvyzkd.mp4,0.713968813419342
pqetdjqyji.mp4,0.8375428915023804
pqfpzhxtld.mp4,0.4232310652732849
pqfqgmjnpt.mp4,0.7980149388313293
pqfqigfoku.mp4,0.9899268746376038
pqfudknvne.mp4,0.8869251608848572
pqgwhfmkwf.mp4,0.9882853031158447
pqhmroolul.mp4,0.21934626996517181
pqhsksvphq.mp4,0.9396763443946838
pqijsrwump.mp4,0.5786740779876709
pqikxlmztl.mp4,0.7863721251487732
pqisdncyld.mp4,0.7663257122039795
pqjbxncmbx.mp4,0.9899889230728149
pqjgyjlesf.mp4,0.08076484501361847
pqjjvrkkrv.mp4,0.22115296125411987
pqjohdhtga.mp4,0.9842877388000488
pqjuzmfsbf.mp4,0.9751588106155396
pqkacknadd.mp4,0.9817401170730591
pqlauglmgs.mp4,0.9894841909408569
pqlrefmwjy.mp4,0.9793907999992371
pqmbpqdayi.mp4,0.979755699634552
pqmrrobvmc.mp4,0.43158021569252014
pqmxoshepp.mp4,0.7030668258666992
pqmzswopvf.mp4,0.9477126598358154
pqonpngniv.mp4,0.9812189340591431
pqosythwla.mp4,0.9866146445274353
pqqcsvxqxx.mp4,0.9225197434425354
pqqsmsnriq.mp4,0.9693949818611145
pqqxpmmzxg.mp4,0.10790472477674484
pqrbxifkas.mp4,0.9628986716270447
pqrggejzlk.mp4,0.9882104992866516
pqrjmnwnws.mp4,0.8975711464881897
pqsagmqjeh.mp4,0.44505301117897034
pqsmwjofnv.mp4,0.9894558191299438
pqtcazpwkz.mp4,0.5448652505874634
pqtdnrrwxw.mp4,0.9879006743431091
pqvpyhwqeb.mp4,0.9152915477752686
pqvygeowrw.mp4,0.2595290243625641
pqwcldcjrg.mp4,0.9900001287460327
pqzygnzjal.mp4,0.9690257906913757
praejvzobk.mp4,0.9047455787658691
praxxqfbca.mp4,0.9774442315101624
prbopxwpbg.mp4,0.8117462992668152
prfazywuin.mp4,0.8888407945632935
prfgrrfhvn.mp4,0.9371905326843262
prfhnhcjit.mp4,0.9756460189819336
prfkopjxlo.mp4,0.14059604704380035
prfocjkspe.mp4,0.11574369668960571
prfqrpkmiz.mp4,0.988679051399231
prfrehxxwo.mp4,0.9883703589439392
prfunrywhi.mp4,0.9776448011398315
prgabxklps.mp4,0.8896129727363586
prglmoibam.mp4,0.37555015087127686
prgsjxouys.mp4,0.9854342937469482
prgutjbuuh.mp4,0.9820947051048279
prhdmizihl.mp4,0.7902631163597107
prhtsikveb.mp4,0.9870500564575195
prhzrybbyv.mp4,0.8802396655082703
prjefzbysc.mp4,0.18963481485843658
prjgmbrrul.mp4,0.9101263284683228
prjlrcdzgn.mp4,0.9874691367149353
prjrcfilhx.mp4,0.9310600757598877
prkdqkqaey.mp4,0.9575405120849609
prlcitdohn.mp4,0.8061268329620361
prlyhzyvin.mp4,0.9617000222206116
prmlfaijin.mp4,0.7398481965065002
prmnjagfou.mp4,0.978104829788208
prmsipiaar.mp4,0.9171959161758423
prnkefehur.mp4,0.898404598236084
prnzloklyt.mp4,0.9862082004547119
prqennmmxg.mp4,0.9899998903274536
prqmuxhuxz.mp4,0.9890784621238708
prrcrjeoon.mp4,0.7131674885749817
prrmqbiqrq.mp4,0.9619700908660889
prruktoyam.mp4,0.985517680644989
prrunyloar.mp4,0.916563093662262
prsbugjqmo.mp4,0.34149572253227234
prsrxsaovf.mp4,0.9898777008056641
prsuzakumu.mp4,0.9862678647041321
prsuzvpamj.mp4,0.9888218641281128
prulxmmjmt.mp4,0.9741305112838745
prunoewxoq.mp4,0.9583426713943481
pruskulhhm.mp4,0.8808826208114624
prvywumnxp.mp4,0.9812962412834167
prwcfvlbxt.mp4,0.9849576354026794
prwqccopko.mp4,0.9800794720649719
prwxnkdjvn.mp4,0.5950966477394104
prxhknqiyr.mp4,0.8892019391059875
prymcazhvz.mp4,0.9814746975898743
pryqgrbtnu.mp4,0.6344085931777954
prywkmtclk.mp4,0.9815375208854675
przaseupwe.mp4,0.7161473631858826
przeoxdbzt.mp4,0.2138253152370453
prznheagqp.mp4,0.9536724090576172
psbaqedyql.mp4,0.13021227717399597
psbgxhroec.mp4,0.36986488103866577
psbgyrmswy.mp4,0.23473750054836273
psbmmlmhtt.mp4,0.9239179491996765
psbtwxcors.mp4,0.44184309244155884
psbxinwmzi.mp4,0.09764399379491806
psccxyywfp.mp4,0.9886423349380493
pscilvlcfe.mp4,0.963626503944397
pscjganiiz.mp4,0.9650989174842834
psdcglgadb.mp4,0.8478787541389465
pseztyrlso.mp4,0.9442564845085144
psffpiwnao.mp4,0.9882649779319763
psfnavhkox.mp4,0.9370782971382141
psgcmeevqw.mp4,0.10694552958011627
psgxemizbf.mp4,0.5904859304428101
pshppncsis.mp4,0.9844269752502441
psikfpkmvy.mp4,0.14346422255039215
psisqzlzqv.mp4,0.9812809228897095
psjamnzvbl.mp4,0.9176296591758728
psjvcvakau.mp4,0.9851767420768738
pskrepsber.mp4,0.8714602589607239
pskybfspex.mp4,0.9884499311447144
pslcdcjmle.mp4,0.7134299874305725
psllfggoyy.mp4,0.9113821983337402
pslnqfybnb.mp4,0.7609664797782898
psltqmakjh.mp4,0.20625656843185425
pslumxunya.mp4,0.9834007024765015
pslxmuatrm.mp4,0.9691932201385498
psofrcnrgj.mp4,0.5073904991149902
psognfwlxk.mp4,0.9325674772262573
psptkqaviq.mp4,0.9445748329162598
psqesimzbe.mp4,0.9886916875839233
psqvrrxuiv.mp4,0.9091238975524902
psqwmochwx.mp4,0.9771209359169006
psrtgeevbs.mp4,0.8641950488090515
psrwibjyuz.mp4,0.9483810067176819
pssipdjqmk.mp4,0.9604357481002808
pssrxuhhzx.mp4,0.11948372423648834
pssuagmhqe.mp4,0.6783959269523621
psswspmmjg.mp4,0.18261364102363586
psunkvudmg.mp4,0.9623569250106812
psvwnycwwd.mp4,0.9862751364707947
pswonpmzlk.mp4,0.6518325209617615
pswpwsihyh.mp4,0.9892011880874634
psxhjgbmjc.mp4,0.4026608169078827
psxmyfhtwl.mp4,0.6580063700675964
psxrqbfwyw.mp4,0.8476652503013611
psxugpwbol.mp4,0.9621954560279846
psxvmehkfb.mp4,0.12626534700393677
psyxxwppgx.mp4,0.939128041267395
psyyushnlf.mp4,0.9588961005210876
ptatgjbsfs.mp4,0.934712290763855
ptbtnbbctl.mp4,0.9891311526298523
ptcdqoiuel.mp4,0.7154384851455688
ptcrjmzmdl.mp4,0.9836336970329285
ptdawaxkyp.mp4,0.9791244268417358
ptdcjzmqea.mp4,0.9370988011360168
ptdmgkolnb.mp4,0.1625458002090454
ptegweijrr.mp4,0.1325554996728897
ptepivjkjl.mp4,0.910966157913208
ptexkavgvu.mp4,0.986930787563324
ptfcnxqvob.mp4,0.47464942932128906
ptffofifnz.mp4,0.9884340167045593
ptfpegxozl.mp4,0.08674070984125137
ptfqhiqkgd.mp4,0.7873308062553406
ptghltsnbo.mp4,0.985299289226532
ptgknknrfm.mp4,0.8726162910461426
ptgvxdueef.mp4,0.21727830171585083
pticjimqju.mp4,0.9858431816101074
ptickeoewq.mp4,0.9602136015892029
ptiiiqkqgs.mp4,0.9632385969161987
ptjihahpmt.mp4,0.937447190284729
ptjzgjopac.mp4,0.9900000095367432
ptkykdajdz.mp4,0.10045742243528366
ptlrtncaqy.mp4,0.9825624227523804
ptlzpuawoo.mp4,0.8664554953575134
ptnldszkif.mp4,0.9822893142700195
ptnzsvzlej.mp4,0.9886506795883179
ptobzydrwa.mp4,0.9884061813354492
ptopxblgje.mp4,0.987177312374115
ptpwirgwfz.mp4,0.9821699857711792
ptpzrqekgf.mp4,0.9218816757202148
ptqgpxscnp.mp4,0.9668919444084167
ptqgzekfid.mp4,0.8550599813461304
ptqkwtkwpq.mp4,0.9880202412605286
ptqsphywja.mp4,0.9883439540863037
ptqtbnjqeg.mp4,0.18914374709129333
ptqwsbbuxi.mp4,0.9413002133369446
ptrdkljjfh.mp4,0.9829612374305725
ptrkaagphv.mp4,0.9135239124298096
ptrminytzx.mp4,0.9350585341453552
ptsrrwkmqp.mp4,0.9852454662322998
pttmamyudu.mp4,0.9896758198738098
pttmkamnkw.mp4,0.9898454546928406
pttsfakrqz.mp4,0.6671906113624573
pttxfjzsti.mp4,0.21427735686302185
ptvfbmvvnf.mp4,0.9557871222496033
ptvwfthsjg.mp4,0.13138562440872192
ptvwojjuez.mp4,0.9389591217041016
ptwvktbrkb.mp4,0.1542576104402542
ptwxxjqnnf.mp4,0.13883467018604279
ptxmbsgifn.mp4,0.8601104617118835
ptyyglfweg.mp4,0.11774458736181259
ptzsbpefvr.mp4,0.9885945320129395
ptzxvjgjwz.mp4,0.28217247128486633
puankmtkpx.mp4,0.09974095225334167
puayaegfzc.mp4,0.8873602747917175
pudbzateow.mp4,0.8865759372711182
pudronlbzz.mp4,0.7241801023483276
pueavxabai.mp4,0.962544858455658
puecbpxyqo.mp4,0.9786767363548279
puehpcuogn.mp4,0.9739549160003662
puemvkoblm.mp4,0.9814393520355225
pueqlvhrwe.mp4,0.6955259442329407
puexbfedbu.mp4,0.9866134524345398
pufnpandex.mp4,0.7865607738494873
pugpbktags.mp4,0.9572171568870544
pugtgocjzr.mp4,0.967573344707489
puguqhbdvh.mp4,0.7023972272872925
puhjrwiugy.mp4,0.9836274981498718
puigcvenlb.mp4,0.9087411761283875
pujesybccy.mp4,0.6650071740150452
pukadnvszm.mp4,0.40789705514907837
pukazvyxsq.mp4,0.9894013404846191
pukgfyejhx.mp4,0.9825820326805115
pumcwenhvq.mp4,0.9728935360908508
pumddnsxwx.mp4,0.5832139253616333
pumffnnouu.mp4,0.9512445330619812
pummhwdbej.mp4,0.8730207085609436
pumnrqagpu.mp4,0.986384928226471
pumwbrpyuj.mp4,0.9110924601554871
punagkmsre.mp4,0.8884593844413757
punqbfjyrc.mp4,0.9658005237579346
puorotbdiv.mp4,0.9533911347389221
puotmtodbn.mp4,0.9874829649925232
puowduonmd.mp4,0.9875683784484863
puowyznsdq.mp4,0.9653425812721252
pupjadwkax.mp4,0.9855955243110657
puqnpcuwsy.mp4,0.9863396883010864
purmwibzcn.mp4,0.9535229206085205
puroflwjfs.mp4,0.903975784778595
purusnswkx.mp4,0.9748154282569885
purxqukfuh.mp4,0.6382094621658325
pusajukxil.mp4,0.9894632697105408
pusesezkcd.mp4,0.962295413017273
pusfbqewwf.mp4,0.8824328780174255
pusklupezx.mp4,0.9801737666130066
pusldsubqy.mp4,0.09364118427038193
pusmcmsihq.mp4,0.9300832152366638
putyzkxcjz.mp4,0.9548967480659485
puulczljgm.mp4,0.3044210970401764
puutrzxais.mp4,0.5940395593643188
puvuqrlolz.mp4,0.8740028142929077
puvvywduwt.mp4,0.9827181100845337
puwjvgezys.mp4,0.9811729788780212
puwwiljdre.mp4,0.9900000691413879
puxyqrfjta.mp4,0.2779158055782318
puydativvj.mp4,0.8267112374305725
puyeatljay.mp4,0.9704819321632385
puyxvhkodv.mp4,0.9863278269767761
puyyqevntm.mp4,0.9888423085212708
puzwojcrbe.mp4,0.5151360034942627
pvaqstcfjk.mp4,0.9888048768043518
pvavxqylhc.mp4,0.9889190196990967
pvbdhnfemx.mp4,0.7604285478591919
pvbdifolam.mp4,0.21942436695098877
pvbewjhnjp.mp4,0.34093329310417175
pvbgaiuqns.mp4,0.960491418838501
pvbvaosojl.mp4,0.9890753626823425
pvbzxpsick.mp4,0.9829921722412109
pvcfpdevfm.mp4,0.9890618920326233
pvebjakgkr.mp4,0.9835096597671509
pvegwounyt.mp4,0.9875445365905762
pvenevvffc.mp4,0.9645684957504272
pvewomynek.mp4,0.939670741558075
pvfewkcgrp.mp4,0.49828246235847473
pvfiljtfns.mp4,0.7152097821235657
pvftdbjqcw.mp4,0.6616926193237305
pvhjgvgvie.mp4,0.9834726452827454
pviwtrccdg.mp4,0.9401445984840393
pvixruqpez.mp4,0.9900000095367432
pvjqwjoeuf.mp4,0.9070064425468445
pvjwuaajjd.mp4,0.879391610622406
pvjybkpdsy.mp4,0.6163316369056702
pvjzffabqd.mp4,0.9896310567855835
pvktyesgur.mp4,0.7357624173164368
pvminukwso.mp4,0.9860221147537231
pvmokvewhb.mp4,0.6693059802055359
pvnhodzpvf.mp4,0.8097630143165588
pvnooavkvn.mp4,0.9844880700111389
pvnpmbpwxn.mp4,0.9653311967849731
pvnsvczxkh.mp4,0.8362290859222412
pvowbefokt.mp4,0.9872854351997375
pvpbwxosrx.mp4,0.9844847321510315
pvpwrlobcx.mp4,0.9899999499320984
pvqppdmqqg.mp4,0.9900000691413879
pvrdcolevr.mp4,0.21279259026050568
pvrfbgpgje.mp4,0.9900000095367432
pvrggltqrl.mp4,0.09182225912809372
pvrijmergz.mp4,0.9793415069580078
pvrjjvoihs.mp4,0.9779086709022522
pvrqrjywet.mp4,0.9900001883506775
pvsslamopo.mp4,0.37212544679641724
pvstgeijgo.mp4,0.925943911075592
pvtcxqusay.mp4,0.30423688888549805
pvtrkaxahz.mp4,0.986926257610321
pvtsjgugdp.mp4,0.9602159857749939
pvujmqubwu.mp4,0.9472051858901978
pvwmgrtott.mp4,0.37478718161582947
pvwsgjbvmi.mp4,0.8613499402999878
pvxiloudsj.mp4,0.8128524422645569
pvxnqhtwda.mp4,0.6574822664260864
pvycdsluwg.mp4,0.982926070690155
pvydbwrdgi.mp4,0.8966750502586365
pvzgufiliz.mp4,0.6214271783828735
pwablachdg.mp4,0.9553418159484863
pwaluxvqcn.mp4,0.9622964262962341
pwbegjvvgm.mp4,0.9851316809654236
pwbifbezht.mp4,0.9820569753646851
pwbpbksysm.mp4,0.9817685484886169
pwdakyifzk.mp4,0.5839419960975647
pwdvfmaywo.mp4,0.6535584330558777
pwdyxmhngn.mp4,0.9745316505432129
pwgbzxpmgt.mp4,0.9804437160491943
pwglpxzofe.mp4,0.12284509092569351
pwgpewfjvf.mp4,0.8688340187072754
pwgtdgnidb.mp4,0.9892117381095886
pwhfyhiylv.mp4,0.9739980697631836
pwhiztzjqx.mp4,0.9886135458946228
pwhtfnrmhu.mp4,0.3163096606731415
pwihptsjpa.mp4,0.1329224407672882
pwixhhbnpy.mp4,0.9884700775146484
pwnfyidcej.mp4,0.9873633980751038
pwnydczknu.mp4,0.9840453267097473
pwomjjcxft.mp4,0.9876793622970581
pwplooonzr.mp4,0.976634681224823
pwqcfklfqn.mp4,0.21991711854934692
pwqrhnzwak.mp4,0.9889512062072754
pwrudpreyl.mp4,0.965290367603302
pwswsvzyaf.mp4,0.9729371070861816
pwvidqwogv.mp4,0.9886422753334045
pwvpfttgsf.mp4,0.9243319630622864
pwwdehqvoc.mp4,0.9757748246192932
pwwgiqiybt.mp4,0.3398931920528412
pwwjdomzxi.mp4,0.9792006015777588
pwyhucpuec.mp4,0.9745174050331116
pwykrfsnwi.mp4,0.9546989798545837
pwyouvrckw.mp4,0.9697540402412415
pwzbbarjex.mp4,0.9060547947883606
pwzeckclkl.mp4,0.9649276733398438
pwztmwvivr.mp4,0.7104933857917786
pwzzorrlkk.mp4,0.9826279282569885
pxbztcqpio.mp4,0.9900000095367432
pxcjdwfpga.mp4,0.9123414158821106
pxdkjopwcv.mp4,0.18706637620925903
pxdmdyvkul.mp4,0.8933896422386169
pxdwcuxvjv.mp4,0.4783114492893219
pxegpancna.mp4,0.7605910301208496
pxgcsltbuo.mp4,0.6150199174880981
pxgeaiygef.mp4,0.9891420602798462
pxgnazvpjg.mp4,0.90090411901474
pxhcfbebvr.mp4,0.9785046577453613
pxhwgskonh.mp4,0.3980241119861603
pxikipycvd.mp4,0.9370110034942627
pxjepyolrx.mp4,0.8131170868873596
pxjsnrepmv.mp4,0.9862107634544373
pxjtropsqz.mp4,0.9874265789985657
pxklenwixy.mp4,0.9900000691413879
pxkzujgyio.mp4,0.14699238538742065
pxlbxfvijw.mp4,0.9783181548118591
pxmqbfgrrg.mp4,0.9876285195350647
pxmyzylodg.mp4,0.9146983623504639
pxnaxnviej.mp4,0.8750513195991516
pxoflohafi.mp4,0.8384457230567932
pxpbqjnvfb.mp4,0.8543165326118469
pxpgpipzko.mp4,0.9288086295127869
pxphjgbuan.mp4,0.9899998903274536
pxpzbkubiw.mp4,0.8838791847229004
pxqbgycgke.mp4,0.9449396133422852
pxqfxrmrvq.mp4,0.9473304748535156
pxqvoaocjc.mp4,0.9842243194580078
pxrxonthng.mp4,0.8742402195930481
pxstpntfik.mp4,0.8193802237510681
pxtcqbkjxh.mp4,0.9896373152732849
pxtfzcgygo.mp4,0.9725850224494934
pxtmceyexo.mp4,0.9330794811248779
pxttorxdsz.mp4,0.9897536635398865
pxtwhbaxjq.mp4,0.1166001558303833
pxtzoehded.mp4,0.9801527857780457
pxugccqdyw.mp4,0.8055394887924194
pxvfrpedgb.mp4,0.7826886177062988
pxvhejkhal.mp4,0.9895402789115906
pxwbdfwpis.mp4,0.946983277797699
pxwhwijmwu.mp4,0.9874876737594604
pxwsxsqrxo.mp4,0.20920737087726593
pxwsyikzhk.mp4,0.9864553213119507
pxxgfubfbq.mp4,0.9369639754295349
pxxguhagfn.mp4,0.9075352549552917
pxxopnfcws.mp4,0.9563713669776917
pxxuiipgyj.mp4,0.9882153868675232
pxyagrehlm.mp4,0.08522696793079376
pxybdhuebe.mp4,0.16325992345809937
pxyhugggrw.mp4,0.9884133338928223
pxyobrqczs.mp4,0.5
pxzvashwaj.mp4,0.9082567691802979
pyadjhgwwg.mp4,0.9899998903274536
pyakbfrsrg.mp4,0.9625998735427856
pyatfykggq.mp4,0.7515735626220703
pyblvfivrb.mp4,0.8007508516311646
pybzhyijuj.mp4,0.9869240522384644
pyddtnougq.mp4,0.9865084290504456
pydicxfaui.mp4,0.9513963460922241
pydxemoazo.mp4,0.9760307669639587
pyfdoezmny.mp4,0.9900000095367432
pyfefgwgbv.mp4,0.9849877953529358
pyfsongfdl.mp4,0.8929072022438049
pyhdqhvfmi.mp4,0.9899821281433105
pyhwajmxej.mp4,0.9899999499320984
pyiknfgqnm.mp4,0.8704213500022888
pyiokgdmtn.mp4,0.955202579498291
pyirqybluh.mp4,0.8906502723693848
pyiuwbshfp.mp4,0.11213997006416321
pyivwtgcrm.mp4,0.884405255317688
pyizpldjtt.mp4,0.9898954629898071
pykaqukcdj.mp4,0.9610539674758911
pykqvcgxnw.mp4,0.9899274110794067
pylwstofpv.mp4,0.8156819343566895
pymgphyzhr.mp4,0.3437694311141968
pymszauioy.mp4,0.12941262125968933
pyomnllkvj.mp4,0.18284668028354645
pyoxnqhzqq.mp4,0.9871069192886353
pyphimtais.mp4,0.9806317687034607
pypxedrzav.mp4,0.9062559008598328
pypxrwqgaq.mp4,0.7951889038085938
pyqjzlzvko.mp4,0.8833709955215454
pyqsgndnrw.mp4,0.9281279444694519
pyqtbypnqg.mp4,0.8868617415428162
pyrdmilads.mp4,0.9355385899543762
pyrhvfzopv.mp4,0.16873124241828918
pyrllhzvyu.mp4,0.9898720383644104
pysigszjgo.mp4,0.9860822558403015
pysjedccrf.mp4,0.8943472504615784
pyskxmbfpg.mp4,0.88143390417099
pysrzmolcv.mp4,0.8737620115280151
pywrgddeca.mp4,0.9880839586257935
pywweersld.mp4,0.8556350469589233
pywxdairkd.mp4,0.9893120527267456
pyxhwbzyrg.mp4,0.9343476891517639
pyyaxsbbbp.mp4,0.9291220307350159
pyyxxpegwi.mp4,0.2280944436788559
pyzepotmxt.mp4,0.8625231385231018
pyzgaiiyxu.mp4,0.9893814325332642
pzahcjixkg.mp4,0.8669481873512268
pzakekzhfi.mp4,0.9863085150718689
pzamxhibmn.mp4,0.7666230201721191
pzavvsvgcx.mp4,0.985713005065918
pzbpgfmroj.mp4,0.9774342179298401
pzcdutquno.mp4,0.9401986002922058
pzcglyxlwk.mp4,0.9497132897377014
pzckrglsvu.mp4,0.9878954887390137
pzcmgsmatm.mp4,0.9736530780792236
pzcxyzdmiv.mp4,0.6631308794021606
pzdmbizzii.mp4,0.1587832272052765
pzdoevuzwv.mp4,0.8587332367897034
pzdpebciok.mp4,0.9892393946647644
pzdzczpiox.mp4,0.9899506568908691
pzebzpasgj.mp4,0.970642626285553
pzecurkcxx.mp4,0.9738109111785889
pzercnfmug.mp4,0.9395822882652283
pzfhcgandq.mp4,0.5370408296585083
pzfhfsydwy.mp4,0.27168217301368713
pzgagecgnf.mp4,0.9900000095367432
pzgcgbulgl.mp4,0.9900000095367432
pzgeyymivj.mp4,0.9767139554023743
pzgsrmdlvz.mp4,0.950566828250885
pziarhvygf.mp4,0.8306660652160645
pzimoyoury.mp4,0.9730364680290222
pzirdftiaz.mp4,0.8320056200027466
pziufroodg.mp4,0.9851120114326477
pzivjwhqov.mp4,0.9242311120033264
pzjryvkrpk.mp4,0.1367904543876648
pzlpudvjix.mp4,0.4429929554462433
pzlwkpdahw.mp4,0.9766334295272827
pzmmdpmshf.mp4,0.9750687479972839
pzmoqduqjq.mp4,0.9287616610527039
pzmutdcadh.mp4,0.9159716367721558
pzomelmnrp.mp4,0.9879984855651855
pzowceokcd.mp4,0.2706754505634308
pzpwphlnxu.mp4,0.18902194499969482
pzqaygzvjf.mp4,0.9887988567352295
pzqxzikhwm.mp4,0.916718065738678
pzsocepgmv.mp4,0.09609494358301163
pzspgkvlll.mp4,0.7746200561523438
pzspkxtant.mp4,0.6334390044212341
pzsuborsgk.mp4,0.9146199226379395
pzsxcaflwj.mp4,0.9900000691413879
pztbkrlqor.mp4,0.9669914245605469
pztxqnhvae.mp4,0.9587331414222717
pzufavdbfv.mp4,0.9889010190963745
pzumrlxamm.mp4,0.8959590792655945
pzwlyqggah.mp4,0.882377028465271
pzwoxlterv.mp4,0.9899462461471558
pzwqfnobtp.mp4,0.9483117461204529
pzwtizynzc.mp4,0.906460165977478
pzxleueqvr.mp4,0.9869028925895691
pzycnmhhfn.mp4,0.9680536389350891
pzyhjedqpq.mp4,0.980610191822052
pzykicgewh.mp4,0.9739509224891663
pzymesrkiw.mp4,0.19203761219978333
pzzsoygjrt.mp4,0.1077902615070343
pzzzekfocy.mp4,0.8461154699325562
qaaljoehxg.mp4,0.9817630648612976
qabasbfbvq.mp4,0.9603708982467651
qabiffosed.mp4,0.6148297786712646
qacdnclndl.mp4,0.8788029551506042
qacskiibcp.mp4,0.5739679336547852
qacvhhqluv.mp4,0.07600238174200058
qadbnbiycj.mp4,0.6962805986404419
qadjptxmws.mp4,0.9179592728614807
qaemextuyi.mp4,0.9289405345916748
qaetdhiuwm.mp4,0.7750446796417236
qafakioflg.mp4,0.9317932724952698
qagitrexta.mp4,0.12241693586111069
qagxvohvxo.mp4,0.986781120300293
qahcngjhej.mp4,0.7880699634552002
qahtfludkl.mp4,0.9741250872612
qaiozzeueb.mp4,0.9109792113304138
qaitolgfpi.mp4,0.2558450400829315
qaizpjityn.mp4,0.9577006101608276
qajvbvmsyx.mp4,0.14256955683231354
qakawyiuci.mp4,0.9899895191192627
qakdnzxzfi.mp4,0.9832886457443237
qakejlwwve.mp4,0.8103863000869751
qakelecikv.mp4,0.9381167888641357
qakilppebo.mp4,0.9686175584793091
qaknxageki.mp4,0.18855895102024078
qakprhrdpo.mp4,0.2549406588077545
qakyqobzcl.mp4,0.9892114400863647
qalehnebou.mp4,0.9158794283866882
qalfxhcyun.mp4,0.9581572413444519
qaltnoczta.mp4,0.10066027194261551
qalzzdwwpp.mp4,0.6570510268211365
qambtseykx.mp4,0.9899999499320984
qamskblnuz.mp4,0.9201025366783142
qanupcllau.mp4,0.5255361795425415
qaoevtvccu.mp4,0.977902889251709
qaojhmwxnh.mp4,0.1609061360359192
qaoxmcakyq.mp4,0.378965824842453
qaozfttguh.mp4,0.8721151351928711
qapzukzocc.mp4,0.8911041617393494
qaqeyfsjzt.mp4,0.2530568838119507
qaqselfmvk.mp4,0.9489651918411255
qarbtmjwhm.mp4,0.9732285737991333
qarpewfwec.mp4,0.3254155218601227
qasegxokhd.mp4,0.8108648061752319
qasuvdzvve.mp4,0.27215850353240967
qathnxbqyg.mp4,0.7451488375663757
qatpflatwm.mp4,0.9746174216270447
qaubhdsftl.mp4,0.9561057090759277
qavfnunwko.mp4,0.8988446593284607
qavkaanptn.mp4,0.9591691493988037
qavmygtuwp.mp4,0.9624369740486145
qavvoguryv.mp4,0.5073530077934265
qavxwrowsr.mp4,0.9882838129997253
qawcrdqhzm.mp4,0.8648242950439453
qawlzyeanh.mp4,0.9871495962142944
qawqquinvi.mp4,0.9649781584739685
qawxksvzgg.mp4,0.3477937579154968
qawzmmogfi.mp4,0.9397687315940857
qaxlixhfjr.mp4,0.837731122970581
qayauexvxs.mp4,0.9899998903274536
qaydrxmkyy.mp4,0.16604413092136383
qayfduhgrg.mp4,0.6664087176322937
qaykajuehl.mp4,0.1363941878080368
qaymboiwnh.mp4,0.9890839457511902
qazgpjuxaf.mp4,0.9652513265609741
qazhafeotq.mp4,0.961277425289154
qazliewpdc.mp4,0.9767220616340637
qazoxlmqwq.mp4,0.2046964168548584
qazyugjnac.mp4,0.988194465637207
qbaezlvfyf.mp4,0.1025431901216507
qbazbfwwfr.mp4,0.18726734817028046
qbbfmjxrky.mp4,0.8585935235023499
qbbxoavbkn.mp4,0.9900001287460327
qbcfkasycp.mp4,0.11958039551973343
qbclqicpvo.mp4,0.7600864768028259
qbcqqpfiio.mp4,0.9520995020866394
qbctptvuka.mp4,0.9845000505447388
qbcwxidpbe.mp4,0.9777969717979431
qbearsyziz.mp4,0.24447335302829742
qbewiycpda.mp4,0.9402826428413391
qbfdtumuct.mp4,0.9830215573310852
qbfeehccgm.mp4,0.11458443850278854
qbffpkpmkf.mp4,0.9798763394355774
qbfxidkjyc.mp4,0.6397692561149597
qbfxwbmzvn.mp4,0.9892654418945312
qbgcdjndjv.mp4,0.9378895163536072
qbgegquhcv.mp4,0.9899115562438965
qbgxbcbdsy.mp4,0.9814687967300415
qbgziwaytb.mp4,0.9489124417304993
qbhoufagsa.mp4,0.9887625575065613
qbhqvurazh.mp4,0.19164174795150757
qbhwgtoxtw.mp4,0.14344964921474457
qbhwlloqtk.mp4,0.9893455505371094
qbickdrspc.mp4,0.8271521925926208
qbigcxlref.mp4,0.9080588221549988
qbiqbalfjw.mp4,0.5423345565795898
qbitwemclz.mp4,0.8964260220527649
qbjkfyxndy.mp4,0.9466059803962708
qbktkqpxpg.mp4,0.8977600336074829
qbkzflbjmg.mp4,0.9628165364265442
qblixmliay.mp4,0.9898996353149414
qbmfahfsjf.mp4,0.1589471399784088
qbmrcveaty.mp4,0.9739649891853333
qboebijfdo.mp4,0.9866936802864075
qbolqxeymc.mp4,0.7587764263153076
qboupinbkg.mp4,0.9878087639808655
qboxvhjwkv.mp4,0.9205814599990845
qbqimiiqil.mp4,0.9693842530250549
qbqiripjiw.mp4,0.9734217524528503
qbqpmnxlzo.mp4,0.9752479791641235
qbrhnfuqik.mp4,0.16779391467571259
qbrspkkntl.mp4,0.9837096333503723
qbruzfywhk.mp4,0.9783663749694824
qbrydvysxr.mp4,0.14765742421150208
qbspgynfev.mp4,0.11691746115684509
qbuifwjeya.mp4,0.9900000095367432
qbukkfjscz.mp4,0.9750784039497375
qbwgzkomsh.mp4,0.08512987196445465
qbwmzlyqkk.mp4,0.15684592723846436
qbwogsfwmm.mp4,0.957440197467804
qbwzfmddmg.mp4,0.8040265440940857
qbxmrfmazf.mp4,0.9900000095367432
qbxpyhzacb.mp4,0.3628971576690674
qbygrzcpev.mp4,0.9464662075042725
qcakjqbslu.mp4,0.9740963578224182
qcarktkmfw.mp4,0.9846938252449036
qcaxjegmms.mp4,0.23122747242450714
qcbbixyego.mp4,0.5496070981025696
qcbcypifeo.mp4,0.947144091129303
qcccdaicit.mp4,0.9828932881355286
qcciietoau.mp4,0.9771933555603027
qcciqakhhx.mp4,0.9713693261146545
qccyrzyylf.mp4,0.17865298688411713
qceqxoeuhv.mp4,0.9812698364257812
qcewpdldym.mp4,0.7813966870307922
qcgtwpyxth.mp4,0.3640684485435486
qchgluoajg.mp4,0.27593931555747986
qcijdjhhgd.mp4,0.9900000095367432
qcisdurnzt.mp4,0.8812854290008545
qcjgabgrmm.mp4,0.988823652267456
qckawgxxme.mp4,0.9024235010147095
qckgsogoli.mp4,0.9420912265777588
qckjihxoze.mp4,0.9780393242835999
qckndouuwc.mp4,0.1508067399263382
qclhbfpyzh.mp4,0.982244610786438
qclxjhdxwy.mp4,0.825458288192749
qcmmdedmfx.mp4,0.9660663604736328
qcmqhyrdff.mp4,0.9696541428565979
qcnbbxhbxx.mp4,0.9646323919296265
qcnjqaeoyy.mp4,0.9820586442947388
qcnkgyvxnj.mp4,0.10287166386842728
qcohlfrfzb.mp4,0.09179243445396423
qcoswscyff.mp4,0.9877523183822632
qcpbapccjf.mp4,0.9720715284347534
qcqbzfczbs.mp4,0.6028102040290833
qcqduqlzgl.mp4,0.1963050365447998
qcrkeithwj.mp4,0.8772931694984436
qcrofjquht.mp4,0.9521148204803467
qcrqpfsepo.mp4,0.9844874143600464
qcrrlmsbxe.mp4,0.8917126655578613
qctdmbxpkl.mp4,0.828079342842102
qctpzulzfb.mp4,0.8776448369026184
qctwmqwixb.mp4,0.9064059257507324
qctzpmzrmm.mp4,0.46212223172187805
qcucdrolwk.mp4,0.980793297290802
qcuobsfbgz.mp4,0.9831971526145935
qcusoawsce.mp4,0.9728168249130249
qcusznoptm.mp4,0.937085747718811
qcvaewqluc.mp4,0.9499919414520264
qcvctfwlam.mp4,0.9361007809638977
qcvfnunaii.mp4,0.9829118847846985
qcvxqjcjop.mp4,0.9673096537590027
qcwhkhxsxp.mp4,0.5945038199424744
qcwicuoutm.mp4,0.987302303314209
qcwnjxtwkx.mp4,0.9670127034187317
qcwxkavpma.mp4,0.9869351387023926
qcwxyaedgo.mp4,0.6060757040977478
qcwynifwtv.mp4,0.9639982581138611
qcxmaefecu.mp4,0.9837652444839478
qcyggexcva.mp4,0.9899837374687195
qcyjwpyzre.mp4,0.9724442362785339
qcyrdgigaj.mp4,0.2473474144935608
qcyvmkzmkn.mp4,0.9168065190315247
qczjnkzuds.mp4,0.8901330232620239
qdalidxckj.mp4,0.9783657193183899
qdamwtliks.mp4,0.5573722720146179
qdantvtdji.mp4,0.1642048954963684
qdatmkjpel.mp4,0.9849002361297607
qdbiwougrn.mp4,0.21468356251716614
qdchvtrjnx.mp4,0.9690772294998169
qdctvtvvhu.mp4,0.9070888161659241
qdcytygejy.mp4,0.9724884033203125
qddptxyuis.mp4,0.9899166226387024
qdeddghxvf.mp4,0.8210700154304504
qdedmpcthy.mp4,0.15351557731628418
qdeoczzuri.mp4,0.9749481678009033
qdeoocmxki.mp4,0.8738714456558228
qdfmiqozpn.mp4,0.12054197490215302
qdgkxwjeuw.mp4,0.986540675163269
qdgrrfeazr.mp4,0.12247925251722336
qdgxsfkqiu.mp4,0.9900000691413879
qdhcklxqhv.mp4,0.9719230532646179
qdhloyonpq.mp4,0.9542806148529053
qdhzxxckjo.mp4,0.15849684178829193
qdiclkoxze.mp4,0.12793254852294922
qdiufdxior.mp4,0.7856548428535461
qdjdzkhnnk.mp4,0.30591562390327454
qdjkbhhkch.mp4,0.8092085123062134
qdjrghdsss.mp4,0.9889629483222961
qdkcjwbzek.mp4,0.6584964990615845
qdkkmvsjnv.mp4,0.9579613208770752
qdkpphviay.mp4,0.9314277172088623
qdmlbvbqjr.mp4,0.9827080368995667
qdmmbyksot.mp4,0.9609723687171936
qdmvzknbua.mp4,0.6711146235466003
qdmziefhyk.mp4,0.9605849385261536
qdngwwhqhr.mp4,0.8929409384727478
qdomnebwdz.mp4,0.9537076354026794
qdonojiofl.mp4,0.9622021913528442
qdpsfnrtiq.mp4,0.9250180125236511
qdqaqufmft.mp4,0.9899430871009827
qdqbgaselz.mp4,0.9899797439575195
qdqgwpnhur.mp4,0.9651589393615723
qdqopybovr.mp4,0.762995183467865
qdsemavzrz.mp4,0.9823423624038696
qdsoatwrfm.mp4,0.40081512928009033
qdtarwtswk.mp4,0.942889392375946
qdtcxywgnm.mp4,0.9900000691413879
qdtgqujwjj.mp4,0.8878441452980042
qdtjdlzsqq.mp4,0.9864110946655273
qdtsfjcrok.mp4,0.9878919720649719
qdumndmniy.mp4,0.9871310591697693
qdvaogedny.mp4,0.9900000095367432
qdvkuwavxh.mp4,0.11856642365455627
qdvwtjmpzd.mp4,0.9899987578392029
qdvzaxpbbc.mp4,0.9017254114151001
qdvzovpzxz.mp4,0.8226554989814758
qdwcydrmpl.mp4,0.13758587837219238
qdwudkptxp.mp4,0.12890271842479706
qdwuhbpvep.mp4,0.9029868245124817
qdwvvoimhk.mp4,0.9877020120620728
qdxmxypccp.mp4,0.9865549802780151
qdzpvshylg.mp4,0.5928371548652649
qdzwfutwtr.mp4,0.841937780380249
qeaenmeqch.mp4,0.9772223830223083
qeaidqxbcr.mp4,0.9848796725273132
qeapomuzvr.mp4,0.7348392009735107
qeaptjerog.mp4,0.8786815404891968
qeazdknzss.mp4,0.2819729447364807
qebmvcnrci.mp4,0.9732262492179871
qebpsryhmk.mp4,0.18909524381160736
qedweideez.mp4,0.4571167230606079
qegspyzueh.mp4,0.9839115142822266
qehhvbqcqb.mp4,0.9287832975387573
qehjebtcnd.mp4,0.9889429211616516
qeihozmlzy.mp4,0.9891618490219116
qeiieirdew.mp4,0.9574012160301208
qeisrntpof.mp4,0.3167817294597626
qeixbflvlm.mp4,0.9844720363616943
qejbkgrhhc.mp4,0.8460932374000549
qejcjbqktv.mp4,0.9373789429664612
qejykotkmu.mp4,0.9879372119903564
qeksmemriz.mp4,0.07911214977502823
qeldxuikby.mp4,0.6293635964393616
qelebriybu.mp4,0.9148803949356079
qeliekmpgw.mp4,0.3108257055282593
qelncdmypn.mp4,0.138844296336174
qelyibfked.mp4,0.8577337265014648
qemdkwwbrt.mp4,0.9899331331253052
qemnbegrho.mp4,0.9025017619132996
qemsqijsia.mp4,0.9824243783950806
qemtpanxez.mp4,0.4991888999938965
qemuphggwx.mp4,0.9476762413978577
qenfcfpnyu.mp4,0.3702758252620697
qenmgitlwr.mp4,0.9741921424865723
qeohiqsvtr.mp4,0.6787166595458984
qepgiaxgpc.mp4,0.9868819117546082
qepouweoaa.mp4,0.1408618837594986
qepydkyjsp.mp4,0.8748956918716431
qeqhrejxbu.mp4,0.988666296005249
qeqirjftzj.mp4,0.9382020235061646
qeqismarzh.mp4,0.9877222180366516
qeqwigwfho.mp4,0.7644293308258057
qerfvwacdh.mp4,0.8996375799179077
qersvgvzxy.mp4,0.9893672466278076
qerzuiktae.mp4,0.9663594961166382
qesiggdoxo.mp4,0.43081071972846985
qesmxvzqug.mp4,0.9581698179244995
qetcosphde.mp4,0.9731181859970093
qetspshozl.mp4,0.8975266218185425
qeurndelvm.mp4,0.0673934742808342
qewhficabz.mp4,0.9462710618972778
qexbrbnpvk.mp4,0.9794616103172302
qexgjiiepq.mp4,0.98915696144104
qexywkebun.mp4,0.524939775466919
qeyfuwvgry.mp4,0.11537665128707886
qeysxtnltj.mp4,0.9884516596794128
qezaswxjjc.mp4,0.9370983839035034
qezdfuypuk.mp4,0.8606759905815125
qezedhmcby.mp4,0.8399883508682251
qfalftifws.mp4,0.16544394195079803
qfbjbbyggl.mp4,0.9358599781990051
qfbktumuyy.mp4,0.8038820624351501
qfbyocchwl.mp4,0.9843579530715942
qfcnafbfcf.mp4,0.9698158502578735
qfdictbypd.mp4,0.7761028409004211
qfdywqdzlj.mp4,0.9854220747947693
qfeeomcnkt.mp4,0.9885271787643433
qffnrfvdrv.mp4,0.9856243133544922
qfghdrjlwf.mp4,0.9840250611305237
qfgnlxibpa.mp4,0.9900000095367432
qfhbsyjana.mp4,0.9831416010856628
qfhczvsdro.mp4,0.25720739364624023
qfignkscqm.mp4,0.9822943210601807
qfivssvisf.mp4,0.8327469825744629
qfiwnyhkqc.mp4,0.9539797902107239
qfjsamulau.mp4,0.8506988883018494
qfjtmqetlk.mp4,0.20474916696548462
qfjxksudna.mp4,0.9520390629768372
qfmajvthzz.mp4,0.9842791557312012
qfmcmnajyq.mp4,0.9004814624786377
qfmyjptlse.mp4,0.9884583950042725
qfnbjfaiog.mp4,0.9900000691413879
qfogmbqkpx.mp4,0.9810829162597656
qfqkqwpdzz.mp4,0.9778499603271484
qfqrbspvml.mp4,0.3404172658920288
qfqxmlnwgg.mp4,0.947756826877594
qfrjidpspj.mp4,0.6239839196205139
qfrsnwsqhh.mp4,0.958329975605011
qfrxxdiimw.mp4,0.49872860312461853
qfsfuccmaw.mp4,0.843689501285553
qftfxdlguy.mp4,0.12232400476932526
qfthkysoex.mp4,0.9899999499320984
qftwzgqden.mp4,0.9733158946037292
qfudvgtsvb.mp4,0.9876245260238647
qfufdlvwmm.mp4,0.9799132347106934
qfvhfbvusv.mp4,0.9445396661758423
qfviucsqdg.mp4,0.941830575466156
qfvooavkif.mp4,0.9201267957687378
qfvwjynnqm.mp4,0.977706253528595
qfwgvhiiib.mp4,0.9843086004257202
qfxbywuyon.mp4,0.7507294416427612
qfxcxwtxjn.mp4,0.9510740637779236
qfxjflovbm.mp4,0.9836899638175964
qfxoqjbsin.mp4,0.9712193012237549
qfxqqhaagl.mp4,0.9821560978889465
qfyhcgcwax.mp4,0.07214003056287766
qfynhcomcc.mp4,0.6048792600631714
qfyoeodvek.mp4,0.86830073595047
qfzlclsckz.mp4,0.9889174103736877
qfzxalrbch.mp4,0.9811591506004333
qfzylqortq.mp4,0.208903506398201
qgabaegfth.mp4,0.9880278706550598
qgauinldgq.mp4,0.8650010228157043
qgbbcbddkw.mp4,0.09771444648504257
qgbrqvxrvg.mp4,0.9494708180427551
qgceqqxgdy.mp4,0.9859503507614136
qgebtgsjgp.mp4,0.9486094117164612
qgeexzvica.mp4,0.2879542410373688
qgeflumyqt.mp4,0.907119631767273
qgegnisbuy.mp4,0.9449188113212585
qgenivlwxx.mp4,0.8900223970413208
qggfpdkyzi.mp4,0.7050183415412903
qggoaluomc.mp4,0.9899998903274536
qggorpxlar.mp4,0.27092960476875305
qghmhdqihp.mp4,0.9199856519699097
qghmmyafhm.mp4,0.8663836717605591
qghuclzrkb.mp4,0.9880567789077759
qghxomiqga.mp4,0.9476059079170227
qgioqjfncl.mp4,0.9096711874008179
qgjehqhned.mp4,0.16571469604969025
qgjmwsjewa.mp4,0.6344132423400879
qgjsymcviq.mp4,0.9279308915138245
qgjtjtybfe.mp4,0.9279887080192566
qgjwebhigi.mp4,0.9899999499320984
qgklsksocd.mp4,0.9894860982894897
qgkngvwbjk.mp4,0.9882245659828186
qgktqfhjav.mp4,0.8620354533195496
qglvmhycuz.mp4,0.9398170709609985
qgmhchlepr.mp4,0.33725589513778687
qgmtytfqrs.mp4,0.9893155694007874
qgnfirqiia.mp4,0.7364438772201538
qgpabkriss.mp4,0.09594283252954483
qgpdybvbgt.mp4,0.9874818325042725
qgpeqdwejy.mp4,0.927257239818573
qgpgoaebqm.mp4,0.8154041767120361
qgqdlhcpli.mp4,0.9211742281913757
qgrejnsnfh.mp4,0.47855207324028015
qgrlklhrhy.mp4,0.9641185998916626
qgrmsdxdzq.mp4,0.9434016942977905
qguauknhcp.mp4,0.961149275302887
qguogqrstd.mp4,0.9900000095367432
qguojjuoik.mp4,0.13713586330413818
qguqtlgwlq.mp4,0.9896111488342285
qgvbolqcnx.mp4,0.9354538321495056
qgvfnphfqc.mp4,0.8459609746932983
qgvoxogmsk.mp4,0.9893437623977661
qgvpayyowv.mp4,0.9878225922584534
qgwjcftfwn.mp4,0.8928600549697876
qgwsgxxbvh.mp4,0.8681666254997253
qgwzddqsxa.mp4,0.9406654834747314
qgydgdfexo.mp4,0.9866427779197693
qgyftraasm.mp4,0.8441257476806641
qgylbcujuz.mp4,0.6393238306045532
qgylpvnvfo.mp4,0.9819350242614746
qgzsxiivsh.mp4,0.9642438292503357
qhanuectob.mp4,0.08189721405506134
qharxzhzpl.mp4,0.5279151797294617
qhbbvqwrlf.mp4,0.22161245346069336
qhbwmeuvlk.mp4,0.13087359070777893
qhcrglyfcc.mp4,0.7060691714286804
qhdqhjbujm.mp4,0.986909806728363
qhenulofmh.mp4,0.9663987159729004
qhescyhiyc.mp4,0.9862006306648254
qheuupgvbr.mp4,0.9895960092544556
qhfmkiduph.mp4,0.98868727684021
qhgatctqbg.mp4,0.5
qhgwzcngjl.mp4,0.30313315987586975
qhhcyzinds.mp4,0.9680501222610474
qhhdapwbnq.mp4,0.6685773730278015
qhhghykaji.mp4,0.9830065965652466
qhhuilcdfg.mp4,0.09782905876636505
qhhwmxnbuy.mp4,0.988244891166687
qhkbseidwc.mp4,0.6266633868217468
qhkkwmfeou.mp4,0.9846252202987671
qhkpconctz.mp4,0.9832606911659241
qhkzosvlzx.mp4,0.8496890664100647
qhlodwkmyh.mp4,0.23822318017482758
qhlsraccva.mp4,0.6996618509292603
qhlybfsdsr.mp4,0.9851030111312866
qhmpvfydoy.mp4,0.9900000095367432
qhnnhpzaas.mp4,0.661216676235199
qhnxbdjpma.mp4,0.9427310824394226
qhofqthgwz.mp4,0.9041227102279663
qhozgfjkma.mp4,0.9656767249107361
qhpcrojqpe.mp4,0.9641061425209045
qhppjfvvnd.mp4,0.9842191338539124
qhqiarfckg.mp4,0.9723988175392151
qhqtbeahkh.mp4,0.9899999499320984
qhtommnsyr.mp4,0.9400224089622498
qhtynlhtjf.mp4,0.9900000691413879
qhuavqhohe.mp4,0.9366266131401062
qhukhgopvk.mp4,0.9730599522590637
qhuklcsudv.mp4,0.35736218094825745
qhvjhqerbn.mp4,0.7944506406784058
qhvrgrjvaw.mp4,0.9867652058601379
qhvsxatale.mp4,0.9466888308525085
qhwdfvhfji.mp4,0.5847548246383667
qhwkphcmhx.mp4,0.6198589205741882
qhwvegmmkh.mp4,0.9715759754180908
qhwzhtpmeh.mp4,0.9266029596328735
qhynsxlqfk.mp4,0.9583737254142761
qhzdqyhcxi.mp4,0.9900000095367432
qhzdxuntiq.mp4,0.9659114480018616
qhzlgrtgto.mp4,0.1277042031288147
qhzotbmmwx.mp4,0.9061539769172668
qhzsjgdnmi.mp4,0.9749826788902283
qhzszqjbky.mp4,0.185210719704628
qiavmjzzoo.mp4,0.9251636862754822
qibqfptxxa.mp4,0.9882529973983765
qibykrrjbm.mp4,0.9899998903274536
qiccukosrw.mp4,0.9799656271934509
qicmcrfkuw.mp4,0.7060693502426147
qictduddwj.mp4,0.9584547877311707
qicwnwunsy.mp4,0.9898914694786072
qiczijfwzc.mp4,0.9687811136245728
qidllqhcmn.mp4,0.9899999499320984
qiecarkcbo.mp4,0.9436716437339783
qiedeatkdn.mp4,0.9001972079277039
qieejdykzq.mp4,0.9308376908302307
qiencoqvif.mp4,0.835254967212677
qifncvpzyr.mp4,0.34968140721321106
qigelwcwpj.mp4,0.9635699391365051
qigskimisr.mp4,0.8621230721473694
qigxibvhit.mp4,0.9650610685348511
qigxtdctsr.mp4,0.8974840044975281
qigyfjakmj.mp4,0.9269623160362244
qiiigtcpft.mp4,0.9891024827957153
qiioediphr.mp4,0.9899827241897583
qiklmoeita.mp4,0.12907199561595917
qilsdbinay.mp4,0.9769936203956604
qilwdrtnzl.mp4,0.7561522126197815
qimqbyybxc.mp4,0.9668940901756287
qimrefcrsq.mp4,0.7684460282325745
qinaurlkvw.mp4,0.25760388374328613
qinpkkfegb.mp4,0.9866580367088318
qinyhsxbgf.mp4,0.8156386613845825
qiosphoted.mp4,0.17752066254615784
qipvtesjat.mp4,0.913766622543335
qiqctsoubc.mp4,0.8331426382064819
qiqdfujmpi.mp4,0.9372233748435974
qiqieplpxn.mp4,0.9841271042823792
qiqonryknn.mp4,0.7876840829849243
qirdqgprcg.mp4,0.9521842002868652
qirerpsggs.mp4,0.986907422542572
qirlrtrxba.mp4,0.5948821306228638
qirxhqkusg.mp4,0.1006353572010994
qisjkztwii.mp4,0.9074963927268982
qiskqhdpzu.mp4,0.9847012758255005
qitiabilhn.mp4,0.12902653217315674
qitjfirxhv.mp4,0.8869797587394714
qitjmadsok.mp4,0.8759426474571228
qiuvlhixsm.mp4,0.18348102271556854
qivnumuetu.mp4,0.1433415710926056
qivscggdxa.mp4,0.2239210605621338
qiwwbbfnfx.mp4,0.6253538727760315
qixjbbvhfz.mp4,0.7214969396591187
qixvgwxtsu.mp4,0.1463783234357834
qixxwvudhj.mp4,0.685414731502533
qiyfmmstkg.mp4,0.9772443771362305
qiykbribkj.mp4,0.717922568321228
qizdwvhwvj.mp4,0.9588320851325989
qizehpisuk.mp4,0.743546187877655
qiziibfhqv.mp4,0.8705518245697021
qjastnhahm.mp4,0.9880012273788452
qjbajyxjrl.mp4,0.6735852956771851
qjbkgngvjm.mp4,0.11171335726976395
qjbwmqfnyo.mp4,0.8465421199798584
qjcbjujnim.mp4,0.1223786398768425
qjcmkbqshg.mp4,0.9861111044883728
qjcnnmpipq.mp4,0.8486373424530029
qjcsboclei.mp4,0.23306545615196228
qjdnvnboja.mp4,0.9872647523880005
qjdoivqffx.mp4,0.9899999499320984
qjdvogjflt.mp4,0.9900000691413879
qjfmlltkin.mp4,0.8653964400291443
qjfqgmiaii.mp4,0.7375326752662659
qjgwplghku.mp4,0.23077432811260223
qjhgmqzjxi.mp4,0.9784468412399292
qjhhpmzdht.mp4,0.7680259943008423
qjilklnynm.mp4,0.11566609144210815
qjiotjvrcd.mp4,0.5126137137413025
qjivvtfbyy.mp4,0.822972297668457
qjjqrwcpqj.mp4,0.9893256425857544
qjjqwmxmwp.mp4,0.989036500453949
qjlirsyyuf.mp4,0.9819099307060242
qjlwxtgfkb.mp4,0.9899999499320984
qjmqiyatjh.mp4,0.9855983257293701
qjmvtrvzmh.mp4,0.9833859205245972
qjnkguwzga.mp4,0.17301040887832642
qjpctcyecg.mp4,0.9150805473327637
qjphwyykjf.mp4,0.1221574991941452
qjpjsbuowe.mp4,0.1575302630662918
qjpuunrrkx.mp4,0.9886755347251892
qjpxpkpnju.mp4,0.956854522228241
qjqetocnmy.mp4,0.9810839891433716
qjqwxdfwyf.mp4,0.9892347455024719
qjqxkytcfi.mp4,0.25508028268814087
qjrehkhxft.mp4,0.9839619994163513
qjskzoczau.mp4,0.9860979318618774
qjstyfsobe.mp4,0.9873104095458984
qjszghlgdt.mp4,0.15438109636306763
qjtbhtgrar.mp4,0.5369059443473816
qjtwwkgdkm.mp4,0.9850566983222961
qjustchaja.mp4,0.9872342348098755
qjvorprquk.mp4,0.7546026110649109
qjvufjcirw.mp4,0.972391664981842
qjvwhzoaek.mp4,0.3280752897262573
qjvzhisszu.mp4,0.8835023641586304
qjwcddsnoa.mp4,0.8672332763671875
qjwdojkcng.mp4,0.9894433617591858
qjwujikrmf.mp4,0.14353753626346588
qjxhhdxktb.mp4,0.9880845546722412
qjxsbswtnc.mp4,0.9853855967521667
qjxukectwt.mp4,0.7376177310943604
qjxvtpxhxw.mp4,0.9893236756324768
qjyykerdmj.mp4,0.9847190380096436
qkaqmybrgw.mp4,0.9886664152145386
qkatcnxayz.mp4,0.9870269298553467
qkayepnyep.mp4,0.9719191193580627
qkbgohclnp.mp4,0.7654136419296265
qkbkvjaijr.mp4,0.920879065990448
qkbnmdxliw.mp4,0.9887081384658813
qkbowpmjpj.mp4,0.9872837662696838
qkbtcymbvd.mp4,0.9830328822135925
qkchcuiljp.mp4,0.9358896017074585
qkdfluzasa.mp4,0.9634231925010681
qkdhsyavds.mp4,0.9900000095367432
qkdihcaufr.mp4,0.9896599054336548
qkdqgtlifi.mp4,0.9355316758155823
qkekqjtxus.mp4,0.9899999499320984
qkewkrmwtj.mp4,0.9821449518203735
qkfpkofngs.mp4,0.9625840187072754
qkfyrhvkul.mp4,0.7119052410125732
qkgicklwyn.mp4,0.8295097351074219
qkgjlvkxtj.mp4,0.6240491271018982
qkhgbszhwh.mp4,0.9642921686172485
qkhnqcilhv.mp4,0.94976806640625
qkhqtedugp.mp4,0.6185208559036255
qkhwkgevey.mp4,0.9598428010940552
qkicqzirnd.mp4,0.5936070084571838
qkjdawzkvu.mp4,0.13015876710414886
qkkzignpbc.mp4,0.16507424414157867
qklcfndqwg.mp4,0.7952547073364258
qkliebaumg.mp4,0.9855614304542542
qklrtcpnfa.mp4,0.1272454559803009
qkmhohutfl.mp4,0.9710221290588379
qkmixzfeit.mp4,0.9330262541770935
qkmzesolsi.mp4,0.9792504906654358
qknolltspg.mp4,0.7652209997177124
qknsdfybhj.mp4,0.9676802754402161
qknujpiibr.mp4,0.9567978382110596
qkoqclvwex.mp4,0.9841105937957764
qkpceyfxya.mp4,0.9827543497085571
qkptrvsobe.mp4,0.46651598811149597
qkqgbbpphm.mp4,0.9708530902862549
qkqhovigyz.mp4,0.8980032801628113
qkqmaxgnlq.mp4,0.9779332876205444
qkqopqpxtm.mp4,0.3815741240978241
qkqtzfkiqq.mp4,0.9356483817100525
qkqzqsvvpx.mp4,0.9746072888374329
qkrbqtpdpn.mp4,0.9624242782592773
qkrficezjn.mp4,0.9900000691413879
qkromhcvfm.mp4,0.15672987699508667
qkrpkmoigh.mp4,0.9465184211730957
qkrumcvepk.mp4,0.7086696028709412
qkrydvcmsa.mp4,0.8897170424461365
qksxgjvpex.mp4,0.9658195376396179
qkszfitgii.mp4,0.9663023352622986
qktbokxwrr.mp4,0.9862452745437622
qktgqwwxpq.mp4,0.9714875221252441
qkvhjisfka.mp4,0.9594595432281494
qkvomxkjun.mp4,0.958915114402771
qkvybvlifk.mp4,0.9083080291748047
qkwklxtgus.mp4,0.6718350052833557
qkxwgctvyr.mp4,0.945625364780426
qkycekbvxz.mp4,0.9900001287460327
qkypyxxorb.mp4,0.9468638896942139
qkzhcmlvjj.mp4,0.6891135573387146
qkzkhoigbo.mp4,0.13733097910881042
qlaogvtstw.mp4,0.9899999499320984
qlarnqliwe.mp4,0.9298503398895264
qlbapiibba.mp4,0.18116340041160583
qlbfklnrfc.mp4,0.8929774165153503
qlbhyfplkh.mp4,0.9764811396598816
qlcbfvbjoe.mp4,0.9536459445953369
qlczyutmml.mp4,0.9822677969932556
qleawlggxr.mp4,0.7984753847122192
qlejqhjtpc.mp4,0.0976857841014862
qlfddsdesx.mp4,0.8871104717254639
qlffmdnveh.mp4,0.9359495639801025
qlfiutdsqu.mp4,0.5585086941719055
qlgwfcomin.mp4,0.3702758252620697
qlhkakbrbl.mp4,0.9841744899749756
qlhzwkknbk.mp4,0.9670776128768921
qlineszgvu.mp4,0.904816746711731
qlininxlhl.mp4,0.4044930636882782
qlitejizqt.mp4,0.9577986001968384
qlizhzamzj.mp4,0.9900000691413879
qljnhratda.mp4,0.9715660214424133
qljththfso.mp4,0.974794328212738
qlkatwftet.mp4,0.5961722135543823
qlknkxzsjx.mp4,0.9871835708618164
qlkqkosvap.mp4,0.7995909452438354
qlkuhkkpkx.mp4,0.3098480999469757
qlkzcdofbw.mp4,0.5793235898017883
qllhpepyum.mp4,0.1455949991941452
qlllruitwc.mp4,0.9899998307228088
qlltgzkjyt.mp4,0.9818938970565796
qlnfexfowr.mp4,0.9838416576385498
qlruueasjr.mp4,0.9773828387260437
qlrwofdstn.mp4,0.9900001287460327
qlslwvpsbh.mp4,0.9883603453636169
qlsvoedlsj.mp4,0.4604314863681793
qlszzijehf.mp4,0.9868879318237305
qltjkhlmjo.mp4,0.8935772776603699
qltolwckdw.mp4,0.9890540242195129
qlucicvvst.mp4,0.9816306233406067
qluebrnvej.mp4,0.12359262257814407
qluekvmuuu.mp4,0.9258524775505066
qlvdrusajh.mp4,0.9866889119148254
qlvsczvzsp.mp4,0.9269967675209045
qlvzzxaalc.mp4,0.9743987321853638
qlwapziczb.mp4,0.8962363600730896
qlwekbyqql.mp4,0.9884998798370361
qlxtcakhnu.mp4,0.6777846813201904
qlxthplibo.mp4,0.9826110005378723
qlxyddpujh.mp4,0.981216311454773
qlytukkgbl.mp4,0.8356213569641113
qmaehrupub.mp4,0.5445204973220825
qmajtoiqoj.mp4,0.9834336638450623
qmasntuhuz.mp4,0.894874095916748
qmbhopeksv.mp4,0.9899998307228088
qmbjxqtgdm.mp4,0.9880970120429993
qmbzovoorj.mp4,0.9900000095367432
qmcayvmezs.mp4,0.9807467460632324
qmcjofgpso.mp4,0.10433653742074966
qmcowinuvi.mp4,0.16440151631832123
qmcrfhgbsn.mp4,0.9291027188301086
qmdvgkxpdg.mp4,0.9237046837806702
qmecpgloub.mp4,0.9488560557365417
qmfumjrmir.mp4,0.8654971122741699
qmggllewyw.mp4,0.9661285877227783
qmggrtevft.mp4,0.9663655757904053
qmgkqdvmfl.mp4,0.860986590385437
qmhcpivqct.mp4,0.9685221314430237
qmhepooczx.mp4,0.950698733329773
qmhjedcfbb.mp4,0.9880187511444092
qmiqxayknw.mp4,0.8276647329330444
qmjffjebve.mp4,0.8922238945960999
qmkhxkkdla.mp4,0.748407244682312
qmlkqfwxoy.mp4,0.9849680066108704
qmllagrlqh.mp4,0.9884569048881531
qmnavfujpk.mp4,0.1580357402563095
qmobnwdmpo.mp4,0.20803317427635193
qmofvlylbv.mp4,0.9900000095367432
qmohlplkhq.mp4,0.9517040848731995
qmomfbzxyn.mp4,0.9800618886947632
qmotssycti.mp4,0.9579548835754395
qmoxippfmp.mp4,0.9813265204429626
qmpbladznr.mp4,0.5914497375488281
qmpgekcwer.mp4,0.9842592477798462
qmpixcbcic.mp4,0.9885580539703369
qmpmuxtfsn.mp4,0.8393922448158264
qmpsjnkngn.mp4,0.9362841844558716
qmqeegyqct.mp4,0.9826052784919739
qmqgfjgnji.mp4,0.806971549987793
qmqgmozyjm.mp4,0.7009153366088867
qmqjoqbfcn.mp4,0.748326301574707
qmqlgobfhn.mp4,0.9691453576087952
qmqoprzuhw.mp4,0.12158623337745667
qmqraeuuxo.mp4,0.9900000095367432
qmqylztxuk.mp4,0.989077091217041
qmqyqblejn.mp4,0.9324992299079895
qmraflnpfv.mp4,0.9884669780731201
qmrofeopey.mp4,0.7869033217430115
qmsxwsqsqn.mp4,0.9891437292098999
qmtchqhakj.mp4,0.12784340977668762
qmtjlksrbs.mp4,0.9592819213867188
qmuhbyclhk.mp4,0.9570956230163574
qmwfkqpzht.mp4,0.5686106085777283
qmwjjozruz.mp4,0.8959764838218689
qmworbjopm.mp4,0.7047979831695557
qmwwmyirzr.mp4,0.9877821207046509
qmxljrjjrs.mp4,0.9361304640769958
qmyvdcrrmg.mp4,0.607833206653595
qnaaropcyi.mp4,0.8198251724243164
qnaqcjmssv.mp4,0.22111524641513824
qnavkdckzr.mp4,0.8851103782653809
qnbadxgzqm.mp4,0.9795479774475098
qnbehhanzz.mp4,0.228523388504982
qnbjuzyvgi.mp4,0.9443323612213135
qnbnlmpqpu.mp4,0.2739846706390381
qndirwgpxt.mp4,0.9879195094108582
qndzhbrbds.mp4,0.989942193031311
qnenlegpxk.mp4,0.9876737594604492
qnesvosgbr.mp4,0.9894522428512573
qnfuuxtify.mp4,0.9867574572563171
qnfzvbdsbk.mp4,0.9887428283691406
qngaddilqt.mp4,0.9763780236244202
qngveotoav.mp4,0.09578756988048553
qnhcmscgzg.mp4,0.5647363662719727
qnhwftiogd.mp4,0.9731726050376892
qnhyvrwthb.mp4,0.6853101253509521
qnielttwwe.mp4,0.9637051224708557
qnifatwznk.mp4,0.27328982949256897
qnioelzjxr.mp4,0.6558520793914795
qnjkelywea.mp4,0.8591161370277405
qnjxnkncoh.mp4,0.9131284952163696
qnjzruxibf.mp4,0.9837146401405334
qnlepsrqph.mp4,0.5791400671005249
qnllzpnmjl.mp4,0.9692466855049133
qnlmlqisdo.mp4,0.9717172980308533
qnlnghmgkw.mp4,0.9890825152397156
qnnbrplkon.mp4,0.9072285890579224
qnonqqblue.mp4,0.8338439464569092
qnpqyazrfq.mp4,0.9899751543998718
qnqqlhpktl.mp4,0.9827413558959961
qnrmeedsey.mp4,0.9899998903274536
qnrqxcyjea.mp4,0.6064633727073669
qnrxvoxrxz.mp4,0.1441746950149536
qnskfcawdb.mp4,0.699930727481842
qnslgeajnt.mp4,0.9564782381057739
qntpalcjor.mp4,0.9703752994537354
qnvipsinla.mp4,0.7334281802177429
qnvjmuhqif.mp4,0.9758008718490601
qnvpzdhfyc.mp4,0.9900000095367432
qnxgwttuzv.mp4,0.8954218626022339
qnxqnoausv.mp4,0.32100820541381836
qnxrxflnou.mp4,0.6821573972702026
qnxsrvcyxp.mp4,0.9119123816490173
qnxthlwtnd.mp4,0.9883279204368591
qnyprujmbv.mp4,0.06925786286592484
qnypwrzkwi.mp4,0.9899998307228088
qnyxdmsuyf.mp4,0.8496557474136353
qnzlzrntkx.mp4,0.26948991417884827
qnznfiqpmi.mp4,0.11896488815546036
qoanpyvmaw.mp4,0.7084276676177979
qoasfzksgo.mp4,0.9879836440086365
qoavoxkwfn.mp4,0.9632619023323059
qoccrnafqj.mp4,0.9535978436470032
qochkdutxy.mp4,0.9879610538482666
qoddkufnto.mp4,0.07667877525091171
qodhawquub.mp4,0.15858972072601318
qoejwusmgs.mp4,0.9890698790550232
qoewcpprkw.mp4,0.154316708445549
qoeyikcmnc.mp4,0.9295394420623779
qoezejzwtf.mp4,0.9846163392066956
qofgcsmeqp.mp4,0.934817373752594
qofgicylsa.mp4,0.786188542842865
qofsyeabhp.mp4,0.9813928008079529
qohdhuuhxr.mp4,0.21371568739414215
qohhhhkzyw.mp4,0.7799157500267029
qohlimlizt.mp4,0.9719631671905518
qohqennihb.mp4,0.9504731297492981
qohtjkzity.mp4,0.1038309782743454
qoienvsltv.mp4,0.8858131170272827
qoixdznnyf.mp4,0.897186279296875
qojekebyww.mp4,0.9887877106666565
qojycogodr.mp4,0.16355477273464203
qokisvxfsj.mp4,0.3749595284461975
qolmlyecjj.mp4,0.9842522740364075
qolsrevzid.mp4,0.9526584148406982
qonoflvgou.mp4,0.9851347208023071
qonorwhmkk.mp4,0.9838632941246033
qonxvjqguv.mp4,0.8264141082763672
qoomojjzps.mp4,0.9097833633422852
qooqfrnije.mp4,0.9900000691413879
qopzjdzapa.mp4,0.9299994707107544
qoqiztyyvg.mp4,0.7997414469718933
qoquiszdvo.mp4,0.9719250202178955
qorekzqhle.mp4,0.6485481858253479
qorxoylihq.mp4,0.9292661547660828
qosfozkrro.mp4,0.8362416625022888
qosgkfxfuv.mp4,0.9899999499320984
qosynfrcih.mp4,0.2816997766494751
qouibdtenz.mp4,0.184581458568573
qousvzlqvn.mp4,0.9344996213912964
qovooqrinp.mp4,0.9900000095367432
qovpidorer.mp4,0.2444315254688263
qowtrgujpd.mp4,0.6966552138328552
qowwbxhjos.mp4,0.11615222692489624
qoxjeaywhv.mp4,0.8297854065895081
qoxjqdxwxk.mp4,0.9862633943557739
qoxjrysuxg.mp4,0.6448386311531067
qoxnjztdty.mp4,0.9874313473701477
qoxpedkjyn.mp4,0.9888309836387634
qoxpqghyaj.mp4,0.9770142436027527
qoyabvyiiu.mp4,0.9576924443244934
qoywhyrcjw.mp4,0.05853038653731346
qozxffebjc.mp4,0.9551951885223389
qozzzicozo.mp4,0.9474315047264099
qpawsjhhrt.mp4,0.9747040271759033
qpbrjjfhyx.mp4,0.9885789155960083
qpbssjlbgf.mp4,0.3845718801021576
qpcngtbrkh.mp4,0.9894912838935852
qpcvbyixyu.mp4,0.9370601177215576
qpcwnuqpvo.mp4,0.23964864015579224
qpcxurbqbw.mp4,0.9834843873977661
qpdulmrqzo.mp4,0.9841766953468323
qpeldtspzn.mp4,0.9062833189964294
qpevfrkxbn.mp4,0.7977373600006104
qpfgjhbgub.mp4,0.8681807518005371
qpftobdznt.mp4,0.9765860438346863
qpfxypliml.mp4,0.9900000691413879
qpgdcsfnqx.mp4,0.9899037480354309
qpgfhsmrnl.mp4,0.9579148888587952
qphmrbybfy.mp4,0.9726732969284058
qpidodqzhy.mp4,0.6842834949493408
qpiivfetmk.mp4,0.9407374262809753
qpioktwuue.mp4,0.9900000095367432
qpjdazinjc.mp4,0.9815945029258728
qpjjgcmpnl.mp4,0.9900000691413879
qpjldfksqp.mp4,0.9395988583564758
qpjsxkfncj.mp4,0.9896026849746704
qpjuficohz.mp4,0.3892096281051636
qpkfrvfuhv.mp4,0.9857178330421448
qpkqxppgbs.mp4,0.9251829981803894
qplyzcfavt.mp4,0.9276320934295654
qpmepdhqlv.mp4,0.7381346225738525
qpmilbhwuu.mp4,0.968851625919342
qpmlotpzww.mp4,0.9900000095367432
qpncfrjtdv.mp4,0.9899335503578186
qpnhhjazya.mp4,0.7420568466186523
qpopfoykiv.mp4,0.9308633804321289
qpqpmaqhtj.mp4,0.7966837286949158
qprrlvwpxn.mp4,0.8520159125328064
qpssfjytgk.mp4,0.9828611016273499
qptbhixmql.mp4,0.6618940234184265
qpthjnyuuz.mp4,0.7561272978782654
qptnyduigz.mp4,0.9815621972084045
qptogrvbcp.mp4,0.9408181309700012
qpuejqfxgr.mp4,0.9879452586174011
qpuhhveyoj.mp4,0.9841566681861877
qpuuoebket.mp4,0.21275652945041656
qpuvmliiad.mp4,0.9461770057678223
qpvusdcyzn.mp4,0.8050947189331055
qpxicfhtms.mp4,0.9896103143692017
qpykonptfx.mp4,0.8680623173713684
qpzzzncyza.mp4,0.9619020819664001
qqagsgedni.mp4,0.9895671606063843
qqaugefeit.mp4,0.9900000095367432
qqavuffanf.mp4,0.850174605846405
qqbsgnmpko.mp4,0.9873843193054199
qqbwqetyta.mp4,0.8807297945022583
qqcodichfr.mp4,0.1296837329864502
qqdobobila.mp4,0.9568084478378296
qqdrmpzcqr.mp4,0.9854645133018494
qqedzczizc.mp4,0.983989953994751
qqeiydqswz.mp4,0.7109199166297913
qqeysoevjt.mp4,0.9887790083885193
qqfmqogypv.mp4,0.7483996152877808
qqgashfzig.mp4,0.8283930420875549
qqgbdhrjcf.mp4,0.9749767780303955
qqgbiwevcp.mp4,0.9659335613250732
qqjfbzewvy.mp4,0.989747166633606
qqjntwygwa.mp4,0.9734013080596924
qqklpwukuf.mp4,0.8768988847732544
qqkpszkrqm.mp4,0.9899999499320984
qqkvcggekq.mp4,0.9429502487182617
qqlwrbdvrl.mp4,0.9814997911453247
qqmdtfmife.mp4,0.9899218082427979
qqmobtuenw.mp4,0.812854528427124
qqmrhyftwz.mp4,0.9537603855133057
qqmwalyugi.mp4,0.9409725666046143
qqnhgtftxw.mp4,0.6192031502723694
qqohmvgqhg.mp4,0.988970160484314
qqokpshvil.mp4,0.9593773484230042
qqpxqqwyzt.mp4,0.865352988243103
qqqfrgcnsb.mp4,0.9833822846412659
qqqvmcwnrc.mp4,0.9290924072265625
qqqwvktntk.mp4,0.9672902226448059
qqqyeipyhu.mp4,0.9671969413757324
qqraqwhjoh.mp4,0.9641599059104919
qqrbrktugb.mp4,0.9841379523277283
qqrnrgqvbn.mp4,0.9780318737030029
qqrpauxfqn.mp4,0.34330448508262634
qqrvyhjznq.mp4,0.4326746165752411
qqtkxotuqs.mp4,0.9882423281669617
qqtlwnfjwt.mp4,0.9898593425750732
qqtyxwfhpa.mp4,0.9691901206970215
qqvdlzfqib.mp4,0.27487438917160034
qqvlvuouft.mp4,0.965495228767395
qqwpvqxnqg.mp4,0.9883004426956177
qqwsabrgxh.mp4,0.3868883550167084
qqxelyjmmw.mp4,0.980866014957428
qqxzbhmqnk.mp4,0.9705907702445984
qqyhdcrsqc.mp4,0.6226969361305237
qqykkzbcol.mp4,0.8362054228782654
qqzfwbguzo.mp4,0.10612524300813675
qrajtbrmqf.mp4,0.9379853010177612
qrapcrmpgr.mp4,0.8552515506744385
qraxizidol.mp4,0.9294008612632751
qrbdowyzrp.mp4,0.9899603128433228
qrbjzzpunu.mp4,0.1688740849494934
qrbravowxo.mp4,0.1288393884897232
qrccnamwfv.mp4,0.613085925579071
qrdfjbbqkp.mp4,0.9795048236846924
qrdkajruxs.mp4,0.969009518623352
qreeovjmfd.mp4,0.13320696353912354
qresptsjop.mp4,0.957189679145813
qrffxlivhp.mp4,0.7844870686531067
qrfxgrivwa.mp4,0.13435032963752747
qrgfafwmvb.mp4,0.5335859060287476
qrgilgikga.mp4,0.9838321805000305
qrgnctxitp.mp4,0.14332522451877594
qrhsnefequ.mp4,0.9594948887825012
qrjhrwibwc.mp4,0.35602980852127075
qrlaplhufl.mp4,0.9684432744979858
qrluazojdx.mp4,0.8702470660209656
qrnbmdgynf.mp4,0.984237551689148
qrnjmhzfth.mp4,0.6808549761772156
qrnvgyznns.mp4,0.652030885219574
qrnwrjqfbv.mp4,0.9886895418167114
qroyvjcvhd.mp4,0.9741210341453552
qrphrcohbk.mp4,0.9894199967384338
qrpzlxhcwu.mp4,0.9253454804420471
qrqdfjsxcs.mp4,0.9409587979316711
qrqpvuqgld.mp4,0.9889010190963745
qrrheadxbj.mp4,0.9639871716499329
qrrlicqepo.mp4,0.13650567829608917
qrrpghwqxj.mp4,0.8132169842720032
qrrydlbefo.mp4,0.9052281975746155
qrskwfuerk.mp4,0.9852412939071655
qrsvsbpjze.mp4,0.49519816040992737
qrtbuyiaas.mp4,0.9565302133560181
qrtoobohkm.mp4,0.9890623688697815
qrubhcdcou.mp4,0.8647307753562927
qruifuklcy.mp4,0.9113308787345886
qrupnzlffr.mp4,0.7946810722351074
qruuruircl.mp4,0.8817464113235474
qrwcrrbnjt.mp4,0.8030056953430176
qrwlohihfc.mp4,0.988559365272522
qrwzemzyqa.mp4,0.871079683303833
qrxdvknfga.mp4,0.9900000095367432
qrybiyyfdw.mp4,0.9843195080757141
qryroqnlhm.mp4,0.9587381482124329
qryvuoivrl.mp4,0.8141892552375793
qrzldfwjbo.mp4,0.7764800190925598
qsabzugwtz.mp4,0.7263491749763489
qsakhvaram.mp4,0.4020092487335205
qsapwncedv.mp4,0.7197051644325256
qsbvgcswyt.mp4,0.6351636052131653
qscczuokhe.mp4,0.8852472901344299
qscqqfmzyx.mp4,0.9899428486824036
qsctrdoklk.mp4,0.9893174767494202
qsdeohsvlg.mp4,0.9536057710647583
qsdjfqmrxs.mp4,0.9654461741447449
qselhammzc.mp4,0.5919706225395203
qseoarxfgo.mp4,0.9898204207420349
qseyxprzee.mp4,0.9526966214179993
qsfeacqytt.mp4,0.9823170304298401
qsftqxkogo.mp4,0.47137337923049927
qsgouuaxjd.mp4,0.6285136342048645
qsgwdetqmx.mp4,0.987121045589447
qsgwkdkdvi.mp4,0.9862614274024963
qsinmfgooy.mp4,0.9888994097709656
qsiprbwaay.mp4,0.9551140666007996
qsiujezpwk.mp4,0.9787479043006897
qsjludwqli.mp4,0.7458204030990601
qsjxldnssl.mp4,0.9884049892425537
qsknsrpoue.mp4,0.9447866082191467
qskrjjgupy.mp4,0.9501055479049683
qslehpmrzx.mp4,0.9900000691413879
qsmhuoclie.mp4,0.31819525361061096
qsnyqpwdex.mp4,0.2554396688938141
qsowmsiyxd.mp4,0.9854484796524048
qspzboydnc.mp4,0.9835395216941833
qsqgvwwvqk.mp4,0.8705800175666809
qsrdyqvkza.mp4,0.9785622358322144
qssaubrnrz.mp4,0.6980599761009216
qssqmsbneb.mp4,0.9156555533409119
qssrehhwfw.mp4,0.966549813747406
qstdrlmcuf.mp4,0.9150069355964661
qstwkxxdor.mp4,0.7871178388595581
qsugvnmrwj.mp4,0.9227122664451599
qsuiuigxlo.mp4,0.9493061900138855
qsunabnqru.mp4,0.9412204027175903
qsvahbeumm.mp4,0.9623100161552429
qswyavoxzc.mp4,0.9895203113555908
qsxifntntg.mp4,0.14448364078998566
qsxxrzrssy.mp4,0.863892674446106
qsyczeclwu.mp4,0.8923795819282532
qszcbjsryb.mp4,0.9047384858131409
qszcdvuhdc.mp4,0.9679682850837708
qszwjftvcm.mp4,0.9167289733886719
qtahsmphdv.mp4,0.9461538791656494
qtahzsqvgw.mp4,0.9051250219345093
qtanleedpd.mp4,0.6448372006416321
qtaojfvwse.mp4,0.5222722291946411
qtborprvvl.mp4,0.9306871294975281
qtcfeioduu.mp4,0.9676219820976257
qtcjbmwcge.mp4,0.9839184284210205
qtdudlgzbx.mp4,0.8015977144241333
qtdyhcwdyi.mp4,0.3017478585243225
qtdyuihpvh.mp4,0.7267522215843201
qtetwhbqjw.mp4,0.8746374249458313
qtffcaxrck.mp4,0.6871265172958374
qtfoizwxkr.mp4,0.9745092391967773
qtftvismyz.mp4,0.7965056896209717
qtgnlnozth.mp4,0.9767947793006897
qthgemsgsj.mp4,0.982805073261261
qtijptvonr.mp4,0.9782235622406006
qtiqkcjuod.mp4,0.952441930770874
qtiripqwir.mp4,0.9530930519104004
qtjigaxcqf.mp4,0.937658965587616
qtjqtzvnvi.mp4,0.79928058385849
qtjuhlppot.mp4,0.9850256443023682
qtkewdoqqe.mp4,0.9467164278030396
qtkslflbvm.mp4,0.9671543836593628
qtlazhsxry.mp4,0.5397900938987732
qtlcdhmtzh.mp4,0.9900000095367432
qtlcsanaoz.mp4,0.9768326282501221
qtlequpmtj.mp4,0.9879873394966125
qtletddfik.mp4,0.19394013285636902
qtlgvftgpt.mp4,0.11962375044822693
qtllouinrd.mp4,0.9886553883552551
qtlvhjktmf.mp4,0.8449814915657043
qtmfbdnoxh.mp4,0.9900001287460327
qtmmzetbse.mp4,0.5509519577026367
qtmxmllllw.mp4,0.9858232140541077
qtnikivnig.mp4,0.9899999499320984
qtnshwprau.mp4,0.975354790687561
qtopybgnyl.mp4,0.9533827900886536
qtqyglbdem.mp4,0.10910935699939728
qtrhlbhdjt.mp4,0.9778876900672913
qtrurtupfl.mp4,0.9608286023139954
qtryoazkjv.mp4,0.9343545436859131
qtsywszhmv.mp4,0.7876927256584167
qtumgbdagm.mp4,0.13983112573623657
qturxbjqxl.mp4,0.9777278304100037
qtvactlygz.mp4,0.8934755325317383
qtvbhylcsp.mp4,0.6906276941299438
qtvhpmoukj.mp4,0.9896891117095947
qtvyypdgsc.mp4,0.9771770238876343
qtwqkkmmyt.mp4,0.8783937692642212
qtxraeaxeh.mp4,0.15811212360858917
qtymkcrnph.mp4,0.9838049411773682
qtyndvpmdb.mp4,0.9770704507827759
qtyvhcjqwd.mp4,0.27701765298843384
qtzhupcuap.mp4,0.9385101795196533
qtzsfdjhau.mp4,0.9778286814689636
quacjxezar.mp4,0.7661917209625244
quajsnhtpk.mp4,0.9398390054702759
qubbhilnwi.mp4,0.8275139331817627
qubncwyamy.mp4,0.1309422254562378
qucamnjqqf.mp4,0.9848320484161377
qucelvhhbb.mp4,0.9560666680335999
qucmffhkfa.mp4,0.9899834394454956
qudctgzkel.mp4,0.9870484471321106
quejgdzzbo.mp4,0.989934504032135
qufwulvfmc.mp4,0.9843578338623047
qufzdwetss.mp4,0.4945681095123291
qugdksqaia.mp4,0.5785788297653198
qugdzpssrk.mp4,0.7848250269889832
qugxygzplb.mp4,0.5030405521392822
quhxbmhosd.mp4,0.9852384328842163
qujvdegxjv.mp4,0.9730401039123535
qukhfelsei.mp4,0.9096484184265137
qukjfhjisw.mp4,0.7698488831520081
qukrtwnqui.mp4,0.9757542610168457
qulhjxhrtj.mp4,0.9667418003082275
qumwfrunqq.mp4,0.9867334961891174
qunjehlsff.mp4,0.9131404757499695
qunpwgbnsa.mp4,0.982526421546936
qunqhwcxzp.mp4,0.958044707775116
quoncyglpc.mp4,0.13288432359695435
qupekbkiux.mp4,0.9810903072357178
qupucojlwo.mp4,0.14118894934654236
qurpdihwxi.mp4,0.1678747683763504
qusajxrbya.mp4,0.9217439293861389
qusebhvbba.mp4,0.9512057900428772
quswtlxyci.mp4,0.9656899571418762
quutalyuik.mp4,0.7591520547866821
quutldbrrr.mp4,0.8322133421897888
quuzylrdna.mp4,0.9400838613510132
quvgenpffl.mp4,0.9899999499320984
quwauoauwx.mp4,0.8719907999038696
quwcmcazbu.mp4,0.6410372257232666
quwulxonta.mp4,0.7288075089454651
quwwzmlnqa.mp4,0.20052365958690643
quwzfzflrc.mp4,0.9886615872383118
quxdpokjmu.mp4,0.9828343391418457
quycttumrg.mp4,0.9900000095367432
quygtqxadv.mp4,0.7882754802703857
quzugnyxdh.mp4,0.6567150950431824
quzzdiyktt.mp4,0.9792667627334595
qvdrjnvmht.mp4,0.978492021560669
qvdxlyoybr.mp4,0.9757943153381348
qvekqcngrz.mp4,0.9863487482070923
qveozlbddv.mp4,0.9899998903274536
qveslosusc.mp4,0.09555494040250778
qvfdryghjx.mp4,0.9871954917907715
qvftdvvslk.mp4,0.9880511164665222
qvgutokvct.mp4,0.15348011255264282
qviszdxcxf.mp4,0.9185034036636353
qviyebwxba.mp4,0.7678214907646179
qvjuaposvh.mp4,0.9639202356338501
qvkeqtgupt.mp4,0.9639797210693359
qvkgdonrcg.mp4,0.915573239326477
qvkxmjftzb.mp4,0.29946789145469666
qvlfubybxh.mp4,0.21736092865467072
qvmctxubuo.mp4,0.9850749373435974
qvnffjwzil.mp4,0.12223675101995468
qvngqavofg.mp4,0.18072272837162018
qvojhlzyqg.mp4,0.07793702930212021
qvokqyqyyy.mp4,0.9757336974143982
qvovojyrea.mp4,0.9490189552307129
qvqwftakqo.mp4,0.9851182103157043
qvrgoabojk.mp4,0.9776530861854553
qvrhatuqdo.mp4,0.971864640712738
qvrmuzebup.mp4,0.9746755957603455
qvrnribeyr.mp4,0.8557664752006531
qvrtpfuamq.mp4,0.6307023763656616
qvrtsdskgn.mp4,0.11319843679666519
qvsskinsyi.mp4,0.9763152599334717
qvtlbitbrd.mp4,0.9349089860916138
qvtxdznisg.mp4,0.9632924795150757
qvtylkszka.mp4,0.9257968664169312
qvuaaakphs.mp4,0.9336425065994263
qvwaescihs.mp4,0.5091245770454407
qvwzyydjtt.mp4,0.9613029360771179
qvxeecdqoa.mp4,0.6157914996147156
qvxgbkggcp.mp4,0.6716793775558472
qvxuzqovtk.mp4,0.9473209977149963
qvxvgnoopq.mp4,0.9751436114311218
qvyozhwbaj.mp4,0.9612311720848083
qvyrlitoka.mp4,0.3089108467102051
qvyxncyhua.mp4,0.12083898484706879
qvznjhppvt.mp4,0.9487887620925903
qvzshtmnig.mp4,0.48314136266708374
qvzvpmhqic.mp4,0.9798092246055603
qwabudetug.mp4,0.960846483707428
qwajxqtpjm.mp4,0.9899210333824158
qwcbzwpvqd.mp4,0.9866591095924377
qwchzldmrv.mp4,0.23732055723667145
qwcictvrdp.mp4,0.16325107216835022
qwcrwumbht.mp4,0.9886221289634705
qwcwytogit.mp4,0.91314697265625
qwdihfkpyi.mp4,0.5401963591575623
qwdmpavusl.mp4,0.9490714073181152
qwdxwsnwrr.mp4,0.9576672911643982
qwecszcbxn.mp4,0.9663805961608887
qweglkmxpp.mp4,0.9128915667533875
qwehdvohas.mp4,0.6177879571914673
qwenaoymth.mp4,0.9899999499320984
qweoocwxqn.mp4,0.9804674386978149
qwezztawyv.mp4,0.9548052549362183
qwfjxnwjqm.mp4,0.9406831860542297
qwgenjluof.mp4,0.9858253598213196
qwggbnikmh.mp4,0.9895588755607605
qwgmdbnovi.mp4,0.8926577568054199
qwhjcwwbld.mp4,0.9898082613945007
qwiuacrzwd.mp4,0.616758406162262
qwiwkepytf.mp4,0.4930824637413025
qwizaphcwo.mp4,0.9818235635757446
qwjnaskhau.mp4,0.9454212784767151
qwjskopakn.mp4,0.2567196786403656
qwkeprkbjy.mp4,0.9763779044151306
qwkhktdtjj.mp4,0.9081557393074036
qwksbqhmbo.mp4,0.950215756893158
qwmnqvcdcr.mp4,0.40371963381767273
qwmuepplrx.mp4,0.7859681248664856
qwpmjozvki.mp4,0.955807089805603
qwqefbalkv.mp4,0.985931932926178
qwqidbbiyz.mp4,0.9500869512557983
qwqoyrabox.mp4,0.914672315120697
qwqsyeppwg.mp4,0.9705480933189392
qwqwuoijeh.mp4,0.16634753346443176
qwrpagiovn.mp4,0.9477186799049377
qwsgzllqxl.mp4,0.14334438741207123
qwsudzyusb.mp4,0.9863166809082031
qwtcmikhmd.mp4,0.989801824092865
qwtljvjnge.mp4,0.8800788521766663
qwvkiibqeo.mp4,0.7836238145828247
qwvscgtvrj.mp4,0.9606606364250183
qwvxniksvq.mp4,0.9638282060623169
qwwcgypoia.mp4,0.9720630049705505
qwwimruaqy.mp4,0.9508913159370422
qwwsckvxma.mp4,0.9734071493148804
qwwxsmdfid.mp4,0.9840726852416992
qwxivpwxee.mp4,0.9900001287460327
qwxlekgzml.mp4,0.9022171497344971
qwxmblgcmj.mp4,0.9554553031921387
qwxyxyxiwf.mp4,0.987450897693634
qwzhtjigbe.mp4,0.9362912774085999
qwzirmuiaf.mp4,0.1221344918012619
qwzrlkkwsa.mp4,0.78182452917099
qxaeivbwjt.mp4,0.1856135129928589
qxahagktng.mp4,0.9834267497062683
qxakwwjdsa.mp4,0.9293220639228821
qxaywtmmnn.mp4,0.9846125841140747
qxbhxtuvmv.mp4,0.9786564111709595
qxbretbcgs.mp4,0.9899999499320984
qxbsowxdyv.mp4,0.9791150093078613
qxcgsvitrh.mp4,0.9866069555282593
qxdblontfc.mp4,0.6092355251312256
qxdsuhbtiq.mp4,0.9895633459091187
qxekuoxjox.mp4,0.89641273021698
qxepjyrtiu.mp4,0.981766939163208
qxfnacrxyj.mp4,0.9852927923202515
qxfopjptut.mp4,0.87307208776474
qxfxhgikxo.mp4,0.8990899920463562
qxfzozylcl.mp4,0.9103525280952454
qxggfpnbml.mp4,0.9679098129272461
qxgghpfsil.mp4,0.9233378171920776
qxgrmwwpif.mp4,0.9701937437057495
qxguvdlkql.mp4,0.917952299118042
qxgwcsugvd.mp4,0.989608645439148
qxhfetfjyf.mp4,0.9884257316589355
qxhpkztmbp.mp4,0.7463550567626953
qxhyhhkywc.mp4,0.986054003238678
qxiosifzzt.mp4,0.9586344361305237
qxjvqhwevt.mp4,0.9833816289901733
qxjxtfbsyc.mp4,0.9347936511039734
qxkdcrkiuk.mp4,0.7785443663597107
qxkjmggdtx.mp4,0.8470692038536072
qxlmkrptxn.mp4,0.8679166436195374
qxninqhwbc.mp4,0.9841864109039307
qxnwbnplav.mp4,0.6275182962417603
qxobwvomwm.mp4,0.9828399419784546
qxoxlmeafu.mp4,0.9864716529846191
qxplesvocj.mp4,0.9789115190505981
qxpyekaknf.mp4,0.9496785998344421
qxqbixdpmd.mp4,0.9567293524742126
qxqghulgoi.mp4,0.9728855490684509
qxqnvsdjaw.mp4,0.8057654500007629
qxqqthpujj.mp4,0.9795500040054321
qxqtwricad.mp4,0.9838560819625854
qxrutfkith.mp4,0.9211533665657043
qxsltlzxyc.mp4,0.9603073596954346
qxsorkbpxk.mp4,0.9697967767715454
qxsshsgosm.mp4,0.9700605273246765
qxsyrjyuxs.mp4,0.5777763724327087
qxsziseqly.mp4,0.9821339249610901
qxtboblspn.mp4,0.9395783543586731
qxtdsnnosy.mp4,0.9456039667129517
qxtedpsliv.mp4,0.9885948300361633
qxtwjuhisv.mp4,0.9385141134262085
qxubnxabpu.mp4,0.9590487480163574
qxusaokrer.mp4,0.9680958986282349
qxuwpyespq.mp4,0.215216264128685
qxuzpfrtbc.mp4,0.9785528779029846
qxvhoajcrc.mp4,0.6847322583198547
qxvkqvzldh.mp4,0.7063573598861694
qxvppuoeeo.mp4,0.9900000691413879
qxvyagavul.mp4,0.49434658885002136
qxvzphuqgg.mp4,0.9439958333969116
qxwisvccpi.mp4,0.17745256423950195
qxwmamefgj.mp4,0.3045025169849396
qxwqaplewk.mp4,0.9876775145530701
qxwqqhruvz.mp4,0.9797242879867554
qxylkwsijy.mp4,0.875167727470398
qxzqnnfaii.mp4,0.12656570971012115
qxzstqrvcg.mp4,0.9899062514305115
qxztjtnbwh.mp4,0.8616717457771301
qxzvifodqn.mp4,0.13058015704154968
qxzxjjcamh.mp4,0.9882392883300781
qxzzwarths.mp4,0.29185426235198975
qyaiavfdcv.mp4,0.55303555727005
qyarbnrrvk.mp4,0.9117381572723389
qybcxegimz.mp4,0.7226846814155579
qybienvved.mp4,0.9865888357162476
qyblmkwjjc.mp4,0.9888641238212585
qybyarppgc.mp4,0.9894500970840454
qycfkcfbdy.mp4,0.9897383451461792
qycgqfqoql.mp4,0.11229020357131958
qycjisbrwf.mp4,0.9886558651924133
qyclzcggqj.mp4,0.5970816612243652
qycmrgkppq.mp4,0.9781289100646973
qydaqpouib.mp4,0.864010214805603
qydkustmdn.mp4,0.9652029275894165
qydlzwwvzc.mp4,0.9863631129264832
qydoetemno.mp4,0.13612782955169678
qyehiscxbr.mp4,0.08578681945800781
qyenuecjgh.mp4,0.2289937138557434
qyffyttbrc.mp4,0.34630048274993896
qyfkgwbubi.mp4,0.20352201163768768
qyfozoqcig.mp4,0.7414975166320801
qygwcooksi.mp4,0.9435974955558777
qyhiyrikrh.mp4,0.975983202457428
qyhlzalxzm.mp4,0.8701178431510925
qyhntxeyxi.mp4,0.969704806804657
qyhuunvlal.mp4,0.9900000095367432
qyiwevbmce.mp4,0.47249478101730347
qyjbhkeqes.mp4,0.7984477281570435
qyjqyxfznb.mp4,0.9673864841461182
qykcjkjxsd.mp4,0.23245108127593994
qyksotcywq.mp4,0.8084510564804077
qylffyykeu.mp4,0.26377230882644653
qylogqsvxq.mp4,0.9332059621810913
qylpueqddb.mp4,0.9704381227493286
qymqwsvnow.mp4,0.8217878937721252
qymvdsiwop.mp4,0.9852636456489563
qynbslvuha.mp4,0.9124751687049866
qynzrujsnj.mp4,0.9684910774230957
qyofhfaazs.mp4,0.23797759413719177
qypdgcexcr.mp4,0.943627119064331
qypnegfoxe.mp4,0.9857064485549927
qyrbwunbae.mp4,0.7950965166091919
qyrejadrtf.mp4,0.7275988459587097
qyrzyfrvmx.mp4,0.9404549598693848
qyscponfaf.mp4,0.10128234326839447
qysxiqdpqz.mp4,0.5712093114852905
qysxmvrtsc.mp4,0.9732738733291626
qysxqoredd.mp4,0.9233456254005432
qytaiboeep.mp4,0.8082025051116943
qytcvvxvsb.mp4,0.9899999499320984
qyufvpqgct.mp4,0.9887635111808777
qyvkpkqdwh.mp4,0.9095875024795532
qyvldozdqi.mp4,0.9725520014762878
qyvqrtscbk.mp4,0.07693364471197128
qywebapqhk.mp4,0.9420424699783325
qywtzjmxlp.mp4,0.9876810908317566
qywumoyjqg.mp4,0.9298001527786255
qyxidkesez.mp4,0.1563202142715454
qyynaedwil.mp4,0.12721757590770721
qyyrnydpub.mp4,0.9767080545425415
qyyvmdcwxc.mp4,0.9885047674179077
qyzdgaltuz.mp4,0.8285295367240906
qzaqqnsoeb.mp4,0.15184947848320007
qzcrvxlrmc.mp4,0.7383649349212646
qzcsywocvv.mp4,0.3039083778858185
qzcwimwasx.mp4,0.16751165688037872
qzdirjlxbw.mp4,0.1643223911523819
qzeniplmgh.mp4,0.15971682965755463
qzfjkhplot.mp4,0.9877508878707886
qzfmctgxcs.mp4,0.2287324219942093
qzfsrkstzo.mp4,0.9856515526771545
qzfuytbexm.mp4,0.11347615718841553
qzgdazqwzy.mp4,0.8178388476371765
qzgivlglua.mp4,0.2695649564266205
qzgjayabdn.mp4,0.9805846810340881
qzgoehdssy.mp4,0.9852192401885986
qzgzphskcf.mp4,0.8259502649307251
qzhawqgpuf.mp4,0.9518433213233948
qzhipvoqgc.mp4,0.9450019001960754
qzhmbvmqtc.mp4,0.9899201393127441
qzhrdqxpax.mp4,0.8331005573272705
qzhwjnbxkw.mp4,0.9851816892623901
qzjpjnnjyr.mp4,0.988869309425354
qzjstjlebf.mp4,0.8312192559242249
qzkjuamfkf.mp4,0.9898037314414978
qzkzlywhts.mp4,0.8363826274871826
qzlezuamfa.mp4,0.9127548336982727
qzlnazgsto.mp4,0.7588762044906616
qzlokfoexi.mp4,0.9296084642410278
qzlzbnbkmr.mp4,0.7142268419265747
qznhyuycnu.mp4,0.839209258556366
qznnndswcf.mp4,0.9898928999900818
qznqdsoenc.mp4,0.9878897666931152
qznvkzpjwp.mp4,0.878108024597168
qzodlzyvbn.mp4,0.9508634209632874
qzqbfdkuyn.mp4,0.5941770672798157
qzqhzloabq.mp4,0.8188897371292114
qzrbnevmtn.mp4,0.9608197212219238
qzrddhkthd.mp4,0.9770564436912537
qzrhwbvigt.mp4,0.6024927496910095
qzrsogvhcj.mp4,0.9749846458435059
qztkxneejm.mp4,0.9735544919967651
qztngflhgi.mp4,0.8937087655067444
qzucqrxmaj.mp4,0.11009244620800018
qzuhjrhozy.mp4,0.9700760245323181
qzvdogaagq.mp4,0.8519967198371887
qzwanmhryw.mp4,0.987443208694458
qzwtswjatz.mp4,0.3563094735145569
qzxjirkysy.mp4,0.9321008324623108
qzxjoblkui.mp4,0.9211701154708862
qzxrxwpqip.mp4,0.5379772186279297
qzyaijdbfe.mp4,0.9590310454368591
qzyhlwwpyi.mp4,0.7285113334655762
qzzqyaortf.mp4,0.697598397731781
raahwubhxa.mp4,0.9547620415687561
rabiwjlmuw.mp4,0.988861083984375
rablbufbvg.mp4,0.10701131820678711
rabwasyxpa.mp4,0.14469455182552338
raccuygcih.mp4,0.9658815860748291
raciwiczgn.mp4,0.9878451824188232
racuddkpzl.mp4,0.9163534641265869
raekzabcrw.mp4,0.9204212427139282
raeuxwwtrt.mp4,0.19364820420742035
raezrmclul.mp4,0.24721843004226685
rafkckikvh.mp4,0.8221694231033325
rafqexdapt.mp4,0.8961701393127441
ragcfauznz.mp4,0.9424253106117249
ragjclplkx.mp4,0.8314163088798523
rahuzbbulq.mp4,0.8083193302154541
raiilwewfd.mp4,0.9886935949325562
raijzpxwpz.mp4,0.9812041521072388
raiqzffikb.mp4,0.9412937164306641
rakqwcmoxi.mp4,0.9404252767562866
rakzdfejpz.mp4,0.22310316562652588
raltjbvzov.mp4,0.17340317368507385
ralvymdrrf.mp4,0.982591986656189
ramdkgiccm.mp4,0.10213500261306763
ramwyfdaxt.mp4,0.9384368658065796
ranligugpq.mp4,0.9762917757034302
ranltctdti.mp4,0.9112591743469238
raoksnpnna.mp4,0.06135042756795883
raonuulael.mp4,0.9839174151420593
rapdkmvnjm.mp4,0.6619099974632263
rapdvylmce.mp4,0.9734782576560974
rapfwfntyj.mp4,0.9625347256660461
raqdscgbwg.mp4,0.9827538132667542
raqnrcaxfs.mp4,0.9873014688491821
raqpiusrxc.mp4,0.9897549748420715
raqpthrkuy.mp4,0.21662552654743195
raqvunnvrg.mp4,0.31375375390052795
rasmcvlsvz.mp4,0.9663951992988586
rassraqafy.mp4,0.9700325727462769
ratjvamsbu.mp4,0.9717645049095154
ratpzflzau.mp4,0.9874638319015503
ratrgupddt.mp4,0.9840402603149414
ratriscfqg.mp4,0.8865442276000977
raukfbfdpj.mp4,0.28359636664390564
ravwrpompl.mp4,0.9810185432434082
ravwxtbkgt.mp4,0.9458602070808411
rawfeilrtu.mp4,0.9511498808860779
rawsvtxeqe.mp4,0.9257318377494812
raxupverqg.mp4,0.9114354848861694
raxuvqdivm.mp4,0.976323664188385
rayglprivb.mp4,0.9808383584022522
rayhrvqorn.mp4,0.18186034262180328
rayxtqfosv.mp4,0.9849063158035278
rayyvdfaea.mp4,0.793021023273468
rayzefcjvj.mp4,0.9900000691413879
razacdewcv.mp4,0.8354459404945374
raznzfrxql.mp4,0.8718580007553101
rbakeasslx.mp4,0.9897872805595398
rbawfgnenw.mp4,0.971096396446228
rbbhchyouc.mp4,0.7010995745658875
rbdelwycos.mp4,0.9900000095367432
rbdtfebawd.mp4,0.9813621044158936
rbeizqzgno.mp4,0.9844164848327637
rbfczyohxf.mp4,0.06786760687828064
rbfpylzics.mp4,0.9864367842674255
rbgjsoiind.mp4,0.8225683569908142
rbhcgtpcuu.mp4,0.3493519127368927
rbhtlmgqqa.mp4,0.9896083474159241
rbhuoccrdv.mp4,0.8178906440734863
rbhwnxqfbc.mp4,0.9528531432151794
rbinrjroaa.mp4,0.8645823001861572
rbinvfhzdg.mp4,0.9555565714836121
rbjvhykhfq.mp4,0.2970280647277832
rbjxztkahh.mp4,0.9470767974853516
rbkcpkwhjn.mp4,0.10024291276931763
rbkhnyougu.mp4,0.9058234691619873
rbkkdrobxw.mp4,0.9773074984550476
rbkxjcwygf.mp4,0.8732706308364868
rbliyjiyeh.mp4,0.24719801545143127
rbmhzcuqrk.mp4,0.8390076756477356
rbmstejuot.mp4,0.9788167476654053
rbofxrojxq.mp4,0.6966942548751831
rboggzhtjs.mp4,0.24466310441493988
rbolsifybo.mp4,0.9889238476753235
rbpdgkvpxf.mp4,0.9716968536376953
rbplupfpkq.mp4,0.906633734703064
rbqlwkmggj.mp4,0.6520287394523621
rbqribawxt.mp4,0.9838409423828125
rbqufczjbc.mp4,0.987693727016449
rbqvxwonjp.mp4,0.9504467248916626
rbrdkudfpz.mp4,0.25986865162849426
rbrpwbvbbh.mp4,0.9881772994995117
rbrxameydz.mp4,0.980040967464447
rbsacuwtcx.mp4,0.9896654486656189
rbsoczbsdu.mp4,0.9416084289550781
rbsznefhpr.mp4,0.21683669090270996
rbttksdaen.mp4,0.9000154137611389
rbufvipinj.mp4,0.667899489402771
rbukttezjq.mp4,0.6411387324333191
rbummlbqdr.mp4,0.7454395294189453
rbuteckzgh.mp4,0.9749912023544312
rbuvrwajvo.mp4,0.976726233959198
rbvqghnbez.mp4,0.1652260422706604
rbvsiqjnqd.mp4,0.7760836482048035
rbvuowntbo.mp4,0.8109983205795288
rbwjthghwl.mp4,0.9403927326202393
rbwuopkhsx.mp4,0.9310209155082703
rbwxfaloaw.mp4,0.22161710262298584
rbwzfypxen.mp4,0.9513917565345764
rbxhgulnvi.mp4,0.9543910026550293
rbyclpfzhl.mp4,0.9900000095367432
rbyhazdpsj.mp4,0.8954432606697083
rbylzcdzyl.mp4,0.9709113240242004
rbymfthdfa.mp4,0.9865854382514954
rbyrwvsgeb.mp4,0.9602738618850708
rbzdjrvjnk.mp4,0.9774398803710938
rcawttvtrp.mp4,0.9828338027000427
rcazvdadti.mp4,0.9425118565559387
rcbbnnxhsg.mp4,0.11677474528551102
rcbzoqddhg.mp4,0.9246174693107605
rccpsnfotz.mp4,0.9888383150100708
rccsvcinoz.mp4,0.9876576066017151
rccxjxzaaw.mp4,0.9687191843986511
rcdrotflax.mp4,0.8969652056694031
rcdvcnsatq.mp4,0.9897875785827637
rcdxwvmjnu.mp4,0.9398899078369141
rcejudmaru.mp4,0.8975429534912109
rcfaokeusr.mp4,0.9557076692581177
rcfcitfwmy.mp4,0.9865556955337524
rcfdabcwoj.mp4,0.8665777444839478
rcfjfkmpxi.mp4,0.9772121906280518
rcfqjdyrsl.mp4,0.9894756078720093
rcfztfrouh.mp4,0.1649424433708191
rcgdrsvfke.mp4,0.20166410505771637
rcgjaofhgt.mp4,0.9900000691413879
rcgwksttwk.mp4,0.6675150990486145
rchmsaoeyi.mp4,0.13447749614715576
rchrcsiwkv.mp4,0.8432155847549438
rchsrzntnv.mp4,0.9674854874610901
rcixkdiuds.mp4,0.9848490953445435
rcizjhtxuf.mp4,0.9639308452606201
rcjkpbmtmu.mp4,0.7552717924118042
rcjpzgnrsn.mp4,0.12610894441604614
rclpjrzvrt.mp4,0.9263243079185486
rclslgzjay.mp4,0.9823197722434998
rcmwrmuyuc.mp4,0.9833048582077026
rcooasixes.mp4,0.9807025790214539
rcpcvijghn.mp4,0.9550446271896362
rcplsrtsub.mp4,0.9630736112594604
rcpodulvkm.mp4,0.2434287965297699
rcpvportuy.mp4,0.4850795269012451
rcqignemkt.mp4,0.9899998307228088
rcqwfgbzyj.mp4,0.988448441028595
rcsdwyosav.mp4,0.9879199266433716
rcsgzcough.mp4,0.893392026424408
rcsrgoacvi.mp4,0.9333932399749756
rctkmvjnaw.mp4,0.8916585445404053
rcvngveexh.mp4,0.7548926472663879
rcvotlpusf.mp4,0.9601256251335144
rcxeisjfaz.mp4,0.9668477773666382
rcxohmfwhl.mp4,0.9779903888702393
rdauhpvwpl.mp4,0.9701686501502991
rdaztcqhbj.mp4,0.22949530184268951
rdbpzmutyq.mp4,0.6142199635505676
rdbyppomvp.mp4,0.9853851199150085
rdckswmwsm.mp4,0.9070096015930176
rdcsqjipgr.mp4,0.987622857093811
rdcxxbvkfh.mp4,0.15772956609725952
rddmpvgagi.mp4,0.982184112071991
rddsjnntya.mp4,0.9792476892471313
rdfmibakjm.mp4,0.18022729456424713
rdfwvhoagh.mp4,0.6893638968467712
rdfyrycggk.mp4,0.8931831121444702
rdhdhxszuc.mp4,0.100774385035038
rdhfttmktp.mp4,0.9534371495246887
rdhltwxkwk.mp4,0.9790458679199219
rdiegzplvf.mp4,0.982968807220459
rdieogexpi.mp4,0.24515341222286224
rdiqugbboo.mp4,0.10281797498464584
rdiyhpvqcq.mp4,0.9821757674217224
rdjhzdocul.mp4,0.9044670462608337
rdjwlvvwtv.mp4,0.9197502136230469
rdkefshrty.mp4,0.7262806296348572
rdklsoqzxu.mp4,0.9869124889373779
rdmfzozfgi.mp4,0.6313720345497131
rdmuhuiepx.mp4,0.9362091422080994
rdobrtuvqk.mp4,0.9833757877349854
rdojtcccdw.mp4,0.9892299175262451
rdpausigpg.mp4,0.9261130094528198
rdpdlgeywm.mp4,0.31235918402671814
rdpuptnhrw.mp4,0.8545635938644409
rdqapigsyb.mp4,0.9821556806564331
rdqfwzpzlg.mp4,0.9053705334663391
rdqysxdoko.mp4,0.9150002598762512
rdrtpuszmy.mp4,0.9669876098632812
rdsnmcvgyk.mp4,0.1826423853635788
rdtcetmywq.mp4,0.6072049736976624
rdtevevmua.mp4,0.9782469272613525
rduaawcqpp.mp4,0.9659335017204285
rdundildsa.mp4,0.9568870663642883
rdvmpcuhvd.mp4,0.9599993228912354
rdwenayiqb.mp4,0.9887068867683411
rdxhieurnc.mp4,0.0997212752699852
rdznzbnxyo.mp4,0.9480506777763367
rdzyzyccwv.mp4,0.9635920524597168
reamgsosuu.mp4,0.9238220453262329
rebaioocax.mp4,0.9842526912689209
rebajepjaf.mp4,0.7643438577651978
recbbtqpbu.mp4,0.7732521891593933
reclcicerz.mp4,0.8042224645614624
redeywjpuw.mp4,0.9833595752716064
reepsdjbie.mp4,0.9734140038490295
refasbqxrh.mp4,0.7272748947143555
refdoaazmz.mp4,0.6403888463973999
refnrunbag.mp4,0.9881892800331116
refrkbeeym.mp4,0.978200376033783
refwonexvz.mp4,0.9374165534973145
regcuyroaa.mp4,0.08151150494813919
regiyqjuoh.mp4,0.5269114971160889
regkrsafpf.mp4,0.9484134912490845
reglrriuri.mp4,0.9859240651130676
rehflwrnyo.mp4,0.8547164797782898
reicagumns.mp4,0.9745298027992249
reidnpqmqn.mp4,0.9418238401412964
reikncunht.mp4,0.9547576904296875
rejmrurgnf.mp4,0.628014862537384
rejxllylip.mp4,0.9229702353477478
rekoxqsexe.mp4,0.9798842072486877
relkjgoblh.mp4,0.1159365177154541
relqsupkti.mp4,0.15730755031108856
relrfifywa.mp4,0.09818647801876068
relukgpngy.mp4,0.9844592809677124
remfraaykj.mp4,0.9839730262756348
remxshuflu.mp4,0.6789675354957581
reojwapmic.mp4,0.9718345403671265
reptpdidos.mp4,0.9898977279663086
repufoluci.mp4,0.9793998599052429
reqopfzfju.mp4,0.9061777591705322
rerhbfqvdz.mp4,0.8146122694015503
reslpowdbv.mp4,0.2599184513092041
retnipyswj.mp4,0.13120688498020172
retwcfaujx.mp4,0.9305874705314636
reuveljibk.mp4,0.9736206531524658
reuyimrqxg.mp4,0.17720477283000946
reuzxamqxx.mp4,0.9821515083312988
revncvbvbv.mp4,0.16114164888858795
revzcyldgc.mp4,0.9008941054344177
rewlvzaoit.mp4,0.975205659866333
rewmhexmno.mp4,0.9847826957702637
rexaqfaowd.mp4,0.9834173321723938
rexgunpmvz.mp4,0.9895748496055603
reyjdnlcej.mp4,0.8242448568344116
rezhkfqzpc.mp4,0.9899999499320984
rezjkpxzpk.mp4,0.9894558787345886
rfaedgbfib.mp4,0.7417446374893188
rfatjcnbju.mp4,0.9017384648323059
rfbhmfkysx.mp4,0.9525021910667419
rfbpamuuxb.mp4,0.7859058380126953
rfbwlgmiup.mp4,0.25296035408973694
rfbwukxpye.mp4,0.2035205066204071
rfgkhremwh.mp4,0.13479626178741455
rfgknbzfrv.mp4,0.8816675543785095
rfgzgrsdel.mp4,0.9477583765983582
rfhhwnicyq.mp4,0.15455913543701172
rfhwnzuihr.mp4,0.9681309461593628
rfhztjztat.mp4,0.9880935549736023
rfjvjoycgr.mp4,0.9899739623069763
rfkvceigfk.mp4,0.9900000691413879
rfkybcpfxo.mp4,0.22357016801834106
rflghteuxx.mp4,0.8036217093467712
rflnmkwrmi.mp4,0.9784347414970398
rfmmvhkqus.mp4,0.6318042874336243
rfoeydlrvv.mp4,0.27006596326828003
rfojosxqcn.mp4,0.8989071249961853
rfqhpayvga.mp4,0.9900001883506775
rfqkpuctnz.mp4,0.9865204095840454
rfqqtszrdj.mp4,0.7061057686805725
rfqyxalbmz.mp4,0.840451180934906
rfrcwmnpdk.mp4,0.988284170627594
rfrhzqfbwa.mp4,0.9873945116996765
rfsjfghjef.mp4,0.9859254360198975
rfsjhjwwtf.mp4,0.860477864742279
rfsukgulqd.mp4,0.886159360408783
rfsuolriur.mp4,0.9883793592453003
rftgfdduft.mp4,0.9316182136535645
rfuhnmpclz.mp4,0.7656147480010986
rfujtrhnga.mp4,0.9506877064704895
rfuugyfcfk.mp4,0.9783269166946411
rfuvdyrose.mp4,0.9899999499320984
rfvbziooub.mp4,0.898348331451416
rfvcqrfvsq.mp4,0.7413877844810486
rfvojczcnx.mp4,0.9899998903274536
rfwekwegqi.mp4,0.41124653816223145
rfwixigmps.mp4,0.9096008539199829
rfwwmusvah.mp4,0.9837349653244019
rfxgqjrjnz.mp4,0.9825181365013123
rfxogycbbi.mp4,0.8283532857894897
rfxvqpkvzt.mp4,0.9774681925773621
rfykxekxer.mp4,0.9765690565109253
rfysbajarq.mp4,0.8754635453224182
rfywczujdb.mp4,0.8543629050254822
rfyzkkjnrz.mp4,0.9776460528373718
rfzisdvpdt.mp4,0.9751192927360535
rgasvymjrj.mp4,0.9823547601699829
rgbsqmzjht.mp4,0.9870258569717407
rgcluqvueg.mp4,0.9897732138633728
rgeenmnicf.mp4,0.9833256602287292
rgfcghlcuv.mp4,0.9773204922676086
rgfypgfozg.mp4,0.8967056274414062
rggchknust.mp4,0.9278861284255981
rggiaaozlm.mp4,0.7829532623291016
rggnvwizgh.mp4,0.9803833961486816
rggxmtabqi.mp4,0.959947407245636
rghirbnsvt.mp4,0.9769945740699768
rghtqvqyel.mp4,0.9895652532577515
rghxapzhkj.mp4,0.2396775335073471
rgjgkxordy.mp4,0.6269639730453491
rgjmlvwiig.mp4,0.9900000095367432
rgjphbslsj.mp4,0.13216663897037506
rgkgeurmky.mp4,0.1618754267692566
rgksdbawuc.mp4,0.4234822690486908
rgkvzthnhr.mp4,0.9176623225212097
rglbeyhbai.mp4,0.985136866569519
rglfdnekjv.mp4,0.9840162992477417
rglfmhxhwo.mp4,0.9891266226768494
rgmdqlpukt.mp4,0.8241392374038696
rgouxvqauk.mp4,0.9711310267448425
rgowwuybit.mp4,0.7586237788200378
rgoxwoofkw.mp4,0.936467170715332
rgpdkaijyc.mp4,0.9238410592079163
rgppjevnpn.mp4,0.9407880306243896
rgpwvpxzgl.mp4,0.9897060990333557
rgqcygqsjz.mp4,0.7809605598449707
rgrqhjtoby.mp4,0.39621931314468384
rgtkdxwebb.mp4,0.9634767174720764
rgtlvoskty.mp4,0.9843007326126099
rgvpeunazx.mp4,0.9340499639511108
rgvspxurey.mp4,0.9898281693458557
rgvuaskhwj.mp4,0.7372308373451233
rgvvvzgsxr.mp4,0.9900000095367432
rgwflpowfv.mp4,0.9859354496002197
rgxbivulnj.mp4,0.2735081613063812
rgxhztngwi.mp4,0.29876479506492615
rgxpzevrsp.mp4,0.7179074883460999
rgyfloxnff.mp4,0.9835468530654907
rgyidsgwgv.mp4,0.9816480278968811
rgyseheqcn.mp4,0.9815266132354736
rgyypohipo.mp4,0.2689727246761322
rgzaaigzgk.mp4,0.6824432611465454
rgzrtypdxv.mp4,0.9222548007965088
rgzvjfpwlo.mp4,0.9700850248336792
rgzydsstqm.mp4,0.9819760322570801
rhayeawnsq.mp4,0.7860628366470337
rhbchjrums.mp4,0.9463192224502563
rhccwstztr.mp4,0.9120981097221375
rhcifqslqe.mp4,0.9867702722549438
rhcspbranh.mp4,0.9835434556007385
rhcvhpxkbg.mp4,0.9900000095367432
rhcyvdfomq.mp4,0.9407530426979065
rhdnckvctt.mp4,0.6541671752929688
rhegyzoyet.mp4,0.9879051446914673
rheivzupzg.mp4,0.9539267420768738
rhewtlbnwa.mp4,0.9544169902801514
rhfmjnlvvj.mp4,0.8644344210624695
rhgcuwjojf.mp4,0.9671415686607361
rhhdeovjjc.mp4,0.9863535165786743
rhhyonwjyg.mp4,0.4290662407875061
rhiorgxahb.mp4,0.9255236387252808
rhjrndafnu.mp4,0.9296188354492188
rhkeuhtgpt.mp4,0.9895731210708618
rhkrchpycn.mp4,0.845255434513092
rhkxewmfec.mp4,0.8097867369651794
rhlerhvthk.mp4,0.9638117551803589
rhmhlfyxjg.mp4,0.9497705698013306
rhnihakgig.mp4,0.9900000095367432
rhnlbwsyyz.mp4,0.8489200472831726
rhobpvgzij.mp4,0.9694349765777588
rhojtobzuj.mp4,0.9895015358924866
rhonujrrtj.mp4,0.8157752752304077
rhotsujndc.mp4,0.9877586960792542
rhotzsptag.mp4,0.9900001287460327
rhpkxybsqu.mp4,0.8616194128990173
rhpnsrypay.mp4,0.6993682980537415
rhqgdkpfbt.mp4,0.6889682412147522
rhqrpbygxy.mp4,0.40049073100090027
rhqrsyewgg.mp4,0.962949275970459
rhrutmynym.mp4,0.9876150488853455
rhrykauqqy.mp4,0.9675669074058533
rhstovhynw.mp4,0.9899999499320984
rhtowksqbd.mp4,0.9827988743782043
rhtwwixphj.mp4,0.8353561758995056
rhuhjrguel.mp4,0.9900000095367432
rhvdrqlhxe.mp4,0.6202786564826965
rhweihtjlk.mp4,0.2165297269821167
rhwiigokes.mp4,0.886841893196106
rhwnodoydg.mp4,0.8769538402557373
rhwqsuuqsr.mp4,0.977083146572113
rhwstdvlsb.mp4,0.8697184920310974
rhxgcqmcuh.mp4,0.7840955257415771
rhxifbofoc.mp4,0.9197149872779846
rhxsvscfpu.mp4,0.806663990020752
rhyjkoobby.mp4,0.9372962117195129
rhynzlttmu.mp4,0.84876948595047
rhyxgxuwhd.mp4,0.9844863414764404
rhyzpxqgbd.mp4,0.6281325221061707
rhzhhszfss.mp4,0.5698516964912415
riadnybysl.mp4,0.9446305632591248
riagxfntkf.mp4,0.9579276442527771
riajyjbhmx.mp4,0.951632022857666
ribewasyjd.mp4,0.2017059028148651
ribgusctec.mp4,0.8896540999412537
ribhvopifx.mp4,0.9726201891899109
richkklwsj.mp4,0.8462374210357666
ricjiupsse.mp4,0.9899998903274536
riclmjgoqu.mp4,0.7973548173904419
ricpbuzctz.mp4,0.9163234829902649
ridcuyswqu.mp4,0.9900000095367432
ridpsnuevu.mp4,0.8264747858047485
ridtjjnatr.mp4,0.9383002519607544
riebrjdlqq.mp4,0.9900000095367432
rielxbrjup.mp4,0.9844982028007507
rifgebvnli.mp4,0.9899999499320984
rifiyadulj.mp4,0.6554916501045227
rignbxgswt.mp4,0.2562357187271118
rigvpugoip.mp4,0.3498223125934601
rihgjplyfb.mp4,0.9293581247329712
rihmmvubqq.mp4,0.663068413734436
rihzypkzjd.mp4,0.8713609576225281
riiasslukr.mp4,0.12609809637069702
riiwlkkert.mp4,0.9422577619552612
riizlqngim.mp4,0.9370659589767456
rijdjarigk.mp4,0.9899998903274536
rijhrkkvkw.mp4,0.9896183609962463
rijqaijfad.mp4,0.9893668293952942
rijudscyuc.mp4,0.9885116219520569
rikiylalwk.mp4,0.9127972722053528
riktdgneac.mp4,0.3293805420398712
rikxkfkhsx.mp4,0.9648908972740173
rilowfufdo.mp4,0.8874753713607788
rilyevizdk.mp4,0.400650292634964
rimccnquim.mp4,0.9544837474822998
rimgarlgod.mp4,0.24902741611003876
rimmvyebhj.mp4,0.12944166362285614
rimpjuzxdw.mp4,0.9900000691413879
riopdiqieg.mp4,0.9377437233924866
rioxyowqkb.mp4,0.24038833379745483
rippuedwzs.mp4,0.921247661113739
ripvajoeue.mp4,0.8178364634513855
riqasfedlc.mp4,0.9188380241394043
riqjqnyrlo.mp4,0.12695278227329254
riqscqxedk.mp4,0.9883312582969666
riqsogxost.mp4,0.9899370670318604
rirebmjwyw.mp4,0.9838236570358276
riskowbvrb.mp4,0.9635157585144043
riugzzscau.mp4,0.9279466867446899
riukrufpgh.mp4,0.15719372034072876
riulgghtea.mp4,0.9886977672576904
riuxfayrdo.mp4,0.9677920937538147
rivffvdsst.mp4,0.9520775675773621
rivptoxgke.mp4,0.987855076789856
rivyxgixod.mp4,0.9900000095367432
rivzzbaxqv.mp4,0.9514685869216919
riwklzijip.mp4,0.9867385625839233
riwnlgahzk.mp4,0.9720717668533325
riwvkzboar.mp4,0.9803081154823303
rixhcjkapl.mp4,0.7342607378959656
rixjixvthd.mp4,0.8019134998321533
rixkkyppdm.mp4,0.15268529951572418
rixrsqftcj.mp4,0.9752021431922913
rizkegptmw.mp4,0.9869277477264404
rjazicvdco.mp4,0.8888289928436279
rjbrjxlatq.mp4,0.9656808376312256
rjcjcdkzkw.mp4,0.3810505270957947
rjdghgsrqy.mp4,0.9722030758857727
rjdnwvynxk.mp4,0.40476542711257935
rjfikssvxj.mp4,0.9898566603660583
rjfjbjxqcw.mp4,0.7767921090126038
rjgcicnjbi.mp4,0.9255427718162537
rjgqugfvfd.mp4,0.9619016647338867
rjhocbovjz.mp4,0.3487676680088043
rjhqryrfmb.mp4,0.9679718017578125
rjhswebbst.mp4,0.13825248181819916
rjjquzcape.mp4,0.9899617433547974
rjkrejuatj.mp4,0.786778450012207
rjkumofcvi.mp4,0.6925222277641296
rjmpltcntc.mp4,0.831864058971405
rjnzjvfaiz.mp4,0.979193389415741
rjohqqxzyh.mp4,0.9675583839416504
rjozjwvmku.mp4,0.4379618465900421
rjpbjigjcc.mp4,0.9830338358879089
rjqatoncop.mp4,0.9763001203536987
rjqauvxxzp.mp4,0.4940178692340851
rjrfrverfx.mp4,0.8975169658660889
rjrufwsmob.mp4,0.9823307394981384
rjrvnjybgg.mp4,0.9816367030143738
rjsxqhnzqq.mp4,0.9413737058639526
rjtdjjfxzi.mp4,0.0820179432630539
rjtsbdysdz.mp4,0.8920214176177979
rjtwbhiaxx.mp4,0.0825154036283493
rjtxmfklwi.mp4,0.7658806443214417
rjuddimxce.mp4,0.9447207450866699
rjuxhxrjfd.mp4,0.9886530041694641
rjvvqnyetx.mp4,0.7250305414199829
rjwbmzksiz.mp4,0.9096900224685669
rjxmorolsj.mp4,0.9699759483337402
rjxtsiycme.mp4,0.5864571332931519
rjxyzmwsqm.mp4,0.9283004403114319
rjyamsinkv.mp4,0.8330476880073547
rjyxdsjlen.mp4,0.17046764492988586
rjzhmuindb.mp4,0.7860404253005981
rjzjxbhhxf.mp4,0.9719429612159729
rjzouvtgvg.mp4,0.9899999499320984
rjzvgihmuu.mp4,0.5005140900611877
rkadsvtyfd.mp4,0.894638180732727
rkaxetzemd.mp4,0.7151105999946594
rkbnxzufqe.mp4,0.9256450533866882
rkbrbxhywo.mp4,0.46250614523887634
rkbrqfzpvk.mp4,0.1546328365802765
rkbtwjeyeb.mp4,0.9812696576118469
rkbugznaub.mp4,0.9888284206390381
rkbwhvciej.mp4,0.8658329248428345
rkbxgozdju.mp4,0.9360300898551941
rkbxybizvj.mp4,0.23043183982372284
rkcggmqsdo.mp4,0.9895807504653931
rkdfqxsjfi.mp4,0.9738031625747681
rkdheztcht.mp4,0.9223055839538574
rkdhthhfdf.mp4,0.9650609493255615
rkdhwnzpzx.mp4,0.735744297504425
rkdjyszkae.mp4,0.9694244861602783
rkdoczwqky.mp4,0.2480432093143463
rkdxatjvqe.mp4,0.12054596841335297
rkettrjjhi.mp4,0.7227118015289307
rkezgzxnoo.mp4,0.9542291164398193
rkfduxmdrc.mp4,0.985011637210846
rkfimbwyir.mp4,0.9037841558456421
rkgejsqhcf.mp4,0.7778076529502869
rkgxnoppto.mp4,0.9637717008590698
rkhbofdrvp.mp4,0.6716533899307251
rkhlwuybxn.mp4,0.9893614053726196
rkhpwllwbc.mp4,0.9806271195411682
rkhyonaypy.mp4,0.979231595993042
rkjhxvdnsv.mp4,0.08663477748632431
rkkdenjfrr.mp4,0.9900001287460327
rkldstosuu.mp4,0.9339657425880432
rklhljcpwt.mp4,0.95030677318573
rkmafjxdve.mp4,0.8270123600959778
rkmsxwhpui.mp4,0.6394512057304382
rkmyglwkgi.mp4,0.9897186756134033
rkmyulpjuo.mp4,0.9860672354698181
rkmzdldobl.mp4,0.9731686115264893
rknnkxwjhl.mp4,0.9713645577430725
rknrpqjmtg.mp4,0.9890543818473816
rkojuygepw.mp4,0.9898800849914551
rkpdbkapfv.mp4,0.9885578751564026
rkpjcqewbj.mp4,0.9795359373092651
rkpzrrqiwu.mp4,0.7517191171646118
rkqqgwurqt.mp4,0.07095355540513992
rkqzmjzzsg.mp4,0.9050207138061523
rkrizcgzgt.mp4,0.22980943322181702
rkrpbbuwmr.mp4,0.776902973651886
rksowurrwf.mp4,0.9899998307228088
rktbrmrgpj.mp4,0.9302908778190613
rktdlafmma.mp4,0.921875536441803
rkwdttbfcc.mp4,0.8546375632286072
rkwomxrhnl.mp4,0.9322511553764343
rkwqyenzxk.mp4,0.3055075705051422
rkwxdgemup.mp4,0.9876143336296082
rkxepdkger.mp4,0.13801971077919006
rkxvniszwy.mp4,0.9899999499320984
rkygzeyegz.mp4,0.9481869339942932
rkyheqgits.mp4,0.14394325017929077
rkykeovyes.mp4,0.9871253371238708
rkytpdhnxz.mp4,0.9826862812042236
rkzabzjtbv.mp4,0.8050183057785034
rkzfxgrluh.mp4,0.980209231376648
rlanlrwraj.mp4,0.973957359790802
rlatrksjpf.mp4,0.32960769534111023
rlbmtsewjr.mp4,0.9899998903274536
rlcczepaol.mp4,0.6568288207054138
rldbmzntrp.mp4,0.8703765869140625
rlerxsnsid.mp4,0.9353965520858765
rlffjyqing.mp4,0.9636418223381042
rlgumwinrx.mp4,0.20085856318473816
rlhmppiklf.mp4,0.6483430862426758
rlhocrystt.mp4,0.9885191321372986
rlhpnehlal.mp4,0.6463263630867004
rlibyiywym.mp4,0.9457350373268127
rlijcagqpg.mp4,0.9896741509437561
rljmwhopju.mp4,0.920401930809021
rlkueiemkf.mp4,0.14936232566833496
rllcorzadx.mp4,0.98273766040802
rllevpaqrk.mp4,0.5470744371414185
rllwhliuxp.mp4,0.9408817291259766
rlnvwfcnek.mp4,0.9450001120567322
rlooeyoxfs.mp4,0.9884170293807983
rloviuuxky.mp4,0.6840989589691162
rlpkfdyaho.mp4,0.937282145023346
rlpncrnxjv.mp4,0.6715056300163269
rlpukzycni.mp4,0.9708318710327148
rlqotzcvyi.mp4,0.35264408588409424
rlqvjnfsqt.mp4,0.8882083892822266
rlqwurjdwa.mp4,0.13505429029464722
rlrtjcvlqz.mp4,0.4987943172454834
rlrwqiragp.mp4,0.9881701469421387
rlsighguhz.mp4,0.5444847941398621
rlspukkkmb.mp4,0.9448186159133911
rlsxupuvol.mp4,0.43936818838119507
rlvaxiqant.mp4,0.9473106265068054
rlvfsudzvh.mp4,0.3194451630115509
rlvgpdrgvi.mp4,0.9587476849555969
rlvsrjqfey.mp4,0.9575073719024658
rlvvppfrpc.mp4,0.9882480502128601
rlwafcctmp.mp4,0.9817378520965576
rlwkdhgoqw.mp4,0.9747782945632935
rlwlrvoojl.mp4,0.5545285940170288
rlxenjzsdo.mp4,0.8648491501808167
rlxmmsmenp.mp4,0.989987313747406
rlyuzkzxlv.mp4,0.9420978426933289
rmahstfeke.mp4,0.09816635400056839
rmantvehsv.mp4,0.9864630699157715
rmayjzerxw.mp4,0.9396770000457764
rmbiuunnfm.mp4,0.7999852299690247
rmbqcgzcfl.mp4,0.9890212416648865
rmbrgigdxl.mp4,0.988360583782196
rmcoritpow.mp4,0.22741615772247314
rmcumidsoz.mp4,0.9846827983856201
rmcwnpvsdq.mp4,0.8925434947013855
rmdagcivrq.mp4,0.9874906539916992
rmeazmvqhm.mp4,0.9876050353050232
rmeevdmpkq.mp4,0.9893821477890015
rmendzfbmz.mp4,0.9895026683807373
rmfpdtabww.mp4,0.5616256594657898
rmgbphzipt.mp4,0.9790369868278503
rmgmravhdx.mp4,0.9900000691413879
rmguqcorxp.mp4,0.9858728647232056
rmjdbbhhog.mp4,0.9812337160110474
rmjfmgcqbb.mp4,0.9744340181350708
rmkdrzlgod.mp4,0.10841432958841324
rmkllkgxxd.mp4,0.2817342281341553
rmkncdvpdu.mp4,0.6638885736465454
rmldoykgzt.mp4,0.15969914197921753
rmllhhppjh.mp4,0.9873894453048706
rmlqyndocv.mp4,0.38052910566329956
rmmektgipe.mp4,0.9336798787117004
rmmnxxhcrk.mp4,0.880225419998169
rmmyceqpgn.mp4,0.26448866724967957
rmndwrumtv.mp4,0.9668947458267212
rmnrvrqbky.mp4,0.9849343299865723
rmnvkdnruz.mp4,0.9890172481536865
rmovankcux.mp4,0.9809839725494385
rmpwmbbzot.mp4,0.9770153164863586
rmqajbgjsy.mp4,0.9898471832275391
rmqaqhkpsd.mp4,0.9788588881492615
rmqfuhvhlx.mp4,0.45729953050613403
rmqinzojuv.mp4,0.7409445643424988
rmqngnuqau.mp4,0.7942870855331421
rmskuissxs.mp4,0.1288391351699829
rmspnlyqmw.mp4,0.9893015027046204
rmtuocxuuf.mp4,0.9889344573020935
rmuojgvjra.mp4,0.9006070494651794
rmuthxsdjq.mp4,0.8825945854187012
rmuucuytfi.mp4,0.8882454037666321
rmuxdcnpng.mp4,0.9677111506462097
rmvoyhhbiz.mp4,0.9899616837501526
rmvraortuw.mp4,0.9811390042304993
rmvypmuucs.mp4,0.8887653946876526
rmwbrucyvz.mp4,0.9898414015769958
rmwjfrmqjh.mp4,0.9498054385185242
rmygsfjyvt.mp4,0.4821748435497284
rmypklpcjw.mp4,0.6315498352050781
rmzcimrbkt.mp4,0.9899999499320984
rmztfignml.mp4,0.7454245090484619
rnbufwpxda.mp4,0.9900001287460327
rncgmmcdtd.mp4,0.9899999499320984
rndfvvcxik.mp4,0.7753353118896484
rndlhczhdm.mp4,0.9240914583206177
rndrqkdndn.mp4,0.9576103091239929
rndrzdtvzx.mp4,0.9814520478248596
rnemedxvyr.mp4,0.9853478670120239
rnenyahilx.mp4,0.9522643685340881
rnerozzwam.mp4,0.9869216084480286
rneucagbvg.mp4,0.8186152577400208
rnfiirxyve.mp4,0.9701744318008423
rngupntsot.mp4,0.2972833216190338
rngzwsothz.mp4,0.9573542475700378
rnhmavtmgy.mp4,0.9427441954612732
rnhqcoqucw.mp4,0.9460992217063904
rnhstrkmie.mp4,0.9302321076393127
rnhtvzkfqv.mp4,0.6436541080474854
rnijxqmmpb.mp4,0.8171943426132202
rniqxpdsoz.mp4,0.9899742603302002
rnkkemwhfq.mp4,0.9878360629081726
rnkksjxasm.mp4,0.8970829844474792
rnkpunqxas.mp4,0.9897152781486511
rnlcnbdcdf.mp4,0.8915224075317383
rnmgxrxckb.mp4,0.862593948841095
rnmsjlemec.mp4,0.9694626331329346
rnnjsqroat.mp4,0.9892476201057434
rnoaglzwbo.mp4,0.16834446787834167
rnozzrfhkq.mp4,0.8886034488677979
rnpbbkzaux.mp4,0.9876441359519958
rnpsnnbrwu.mp4,0.07815369218587875
rnpwccbhlr.mp4,0.9871622323989868
rnpwrkqgmz.mp4,0.2739008963108063
rnpzpgncvx.mp4,0.8304766416549683
rnqtouthbt.mp4,0.9890595078468323
rnqtslhcka.mp4,0.985031008720398
rnrcrhiqqw.mp4,0.9734984040260315
rnreddssfe.mp4,0.9833700656890869
rnrqjbysxn.mp4,0.9545851349830627
rnspxjflyf.mp4,0.9880359768867493
rntcritstr.mp4,0.9228889346122742
rntjtobier.mp4,0.8846225142478943
rnxnzkttat.mp4,0.887459397315979
rnxqalxtgi.mp4,0.9741915464401245
rnxyofoodj.mp4,0.9784639477729797
rnzynmbfed.mp4,0.9751384854316711
roabvhmgnb.mp4,0.586519718170166
roahztgdju.mp4,0.9846620559692383
roaubbdctl.mp4,0.45318281650543213
robpzrdojw.mp4,0.7190189957618713
robzalqcge.mp4,0.9677957892417908
rocaqylpqv.mp4,0.9890144467353821
roccuyjydl.mp4,0.9497987627983093
rocqqpawck.mp4,0.8781816363334656
rocqtecrsj.mp4,0.5943222045898438
rocuzbwswd.mp4,0.9845346212387085
rocwecmgxc.mp4,0.9512936472892761
rodgsmgued.mp4,0.5304465293884277
rodiinftvq.mp4,0.9876708984375
rofgoeqfbf.mp4,0.9256503582000732
rofgychiss.mp4,0.9591385126113892
rofisthyxs.mp4,0.9889402985572815
rogbffkenw.mp4,0.4799155592918396
rogcxjnekn.mp4,0.3291606903076172
rogmwncrkp.mp4,0.9429782629013062
rohorrggyx.mp4,0.9738536477088928
rohuegtohf.mp4,0.2483055144548416
rohwvmkvjg.mp4,0.25185438990592957
roiayixtdf.mp4,0.9900000095367432
roikafzzpf.mp4,0.9033791422843933
roinluqcyy.mp4,0.9890525937080383
roivdutkrz.mp4,0.9899945259094238
rojcacrxbm.mp4,0.9627562165260315
rojsigziqf.mp4,0.9897239208221436
rolcvttgte.mp4,0.9899999499320984
romchuiymq.mp4,0.9499680399894714
ronuccpona.mp4,0.9064158797264099
roomncorbj.mp4,0.9900000095367432
ropifziheq.mp4,0.18371684849262238
ropvwnbrzn.mp4,0.9809475541114807
roqcnydjbf.mp4,0.3093860149383545
roqkadbbap.mp4,0.1382715255022049
roroqidyua.mp4,0.22447025775909424
rorxilcmqb.mp4,0.9771977066993713
rosgqjjnnb.mp4,0.9868360757827759
rosuouoepg.mp4,0.7160055637359619
roszmjbioz.mp4,0.9539711475372314
rotkssssyn.mp4,0.9896418452262878
rottyedvaw.mp4,0.983473539352417
rovikudkjj.mp4,0.9692625403404236
rovrreexlc.mp4,0.16554738581180573
roxiealfig.mp4,0.9878963232040405
roxnlqvqbb.mp4,0.9885671138763428
roxuqecolx.mp4,0.9438373446464539
royyjnijng.mp4,0.7736659049987793
rpamtneasj.mp4,0.9895671010017395
rpawgezjby.mp4,0.15723147988319397
rpaxlrwkkc.mp4,0.8981202840805054
rpbbkbtcfq.mp4,0.5297077894210815
rpbeznpkke.mp4,0.11154226213693619
rpchgqmxbm.mp4,0.9900000095367432
rpcvgsuozm.mp4,0.0425240583717823
rpczjptpat.mp4,0.9620391726493835
rpdidqtifj.mp4,0.8608222603797913
rpdknjdhxa.mp4,0.6651344895362854
rpdqtwfgeh.mp4,0.9899678826332092
rpdvuoovqd.mp4,0.9540988802909851
rpechqrcug.mp4,0.8165298104286194
rpekmbrfrc.mp4,0.9762332439422607
rpfculimra.mp4,0.9724217057228088
rpfpyxmlbb.mp4,0.20975857973098755
rpfzebwhtb.mp4,0.7663882374763489
rpgwsltfcj.mp4,0.9653999209403992
rphdtleagg.mp4,0.2916220426559448
rphjvqgjys.mp4,0.9637603163719177
rpjizcvdte.mp4,0.14836513996124268
rpjppjjzsm.mp4,0.9779348969459534
rplkffclru.mp4,0.8803348541259766
rplompjhkv.mp4,0.9558430314064026
rplxdenqzv.mp4,0.9899999499320984
rpmqhlcbcu.mp4,0.9725570678710938
rpnenirvva.mp4,0.8501134514808655
rpoavokdsf.mp4,0.989719033241272
rpoffvvbgp.mp4,0.9495924115180969
rpojlagpxg.mp4,0.42505526542663574
rpounthunx.mp4,0.9392620325088501
rpouwonovm.mp4,0.3834644556045532
rpovhltcyq.mp4,0.9538887143135071
rppioltzqd.mp4,0.869985818862915
rpponnsvvr.mp4,0.9391660094261169
rppsooovbw.mp4,0.9619466662406921
rppydlkzmu.mp4,0.7426178455352783
rpqglkacpf.mp4,0.9691575765609741
rpqpopztwh.mp4,0.9367809295654297
rprciljzjr.mp4,0.783111572265625
rpriyeauyn.mp4,0.9176925420761108
rpsjeiqugg.mp4,0.9170386791229248
rpsncogkpm.mp4,0.893636167049408
rpsttrnmql.mp4,0.9103156328201294
rpszieknsa.mp4,0.9811202883720398
rptgltzwek.mp4,0.49936002492904663
rptpdrmwkk.mp4,0.9868374466896057
rpuwfxgteu.mp4,0.9526212215423584
rpuxnnqmln.mp4,0.4765460193157196
rpvfnbwjct.mp4,0.9867863655090332
rpvhsmtanu.mp4,0.7635357975959778
rpwqeunuvn.mp4,0.11981622129678726
rpxdemxjku.mp4,0.9879934191703796
rpxilobmtf.mp4,0.9883084893226624
rpynhhdirq.mp4,0.877036452293396
rpywnvrxga.mp4,0.9476755857467651
rpzgbhzswt.mp4,0.9370705485343933
rqahpvvgmz.mp4,0.1276555210351944
rqamawdvhn.mp4,0.9437549114227295
rqbupxjvvp.mp4,0.9469676613807678
rqbuugcjgn.mp4,0.8704376816749573
rqcgsldlxh.mp4,0.9156305193901062
rqdcnbyqeo.mp4,0.48741334676742554
rqdxztvzlh.mp4,0.9847974181175232
rqfbuwfiqx.mp4,0.9122176170349121
rqgprxvris.mp4,0.7966277599334717
rqgrrifxnn.mp4,0.9900000095367432
rqgvpvogqv.mp4,0.8139888048171997
rqhnjzpixl.mp4,0.0682622492313385
rqhwomvkrx.mp4,0.9843226671218872
rqiawtigky.mp4,0.9550948143005371
rqigtggvee.mp4,0.6573749780654907
rqixtupxso.mp4,0.3679344952106476
rqjkmkaasg.mp4,0.9707011580467224
rqjnyealsn.mp4,0.9246720671653748
rqjytvbrjg.mp4,0.9881820678710938
rqkfesufqh.mp4,0.9699214100837708
rqkmvkyjzr.mp4,0.9828985929489136
rqknnwbdei.mp4,0.13383391499519348
rqkqxkwecu.mp4,0.9823724031448364
rqlsllnzjx.mp4,0.9800606369972229
rqmwrqpcnk.mp4,0.9380077123641968
rqnoirnlnd.mp4,0.9854026436805725
rqoiikyyon.mp4,0.984195351600647
rqomealtxk.mp4,0.9889832735061646
rqpdpfewfi.mp4,0.11558372527360916
rqpkgnnxcv.mp4,0.12136676907539368
rqpqlyrren.mp4,0.9539867639541626
rqqrsbjhyl.mp4,0.15295369923114777
rqraatghrg.mp4,0.909582793712616
rqrhixmkhz.mp4,0.9589709043502808
rqrkbgtfot.mp4,0.8768045902252197
rqrnngwqyu.mp4,0.952557384967804
rqrqfuxyvr.mp4,0.9709112048149109
rqrtqjbwmu.mp4,0.9880567789077759
rqrxpvmjyj.mp4,0.9854093790054321
rqsfmrqnbx.mp4,0.44804584980010986
rqsoelyedy.mp4,0.5551732182502747
rqstvaluvg.mp4,0.9305564165115356
rqtxvhlizt.mp4,0.9840441942214966
rqufsxbocb.mp4,0.08070472627878189
rqviqcsbzw.mp4,0.9761064052581787
rqvthsszcw.mp4,0.160818412899971
rqwilveqiv.mp4,0.6854763627052307
rqwjfdvndt.mp4,0.16309432685375214
rqxbxfssrz.mp4,0.19220750033855438
rqxfewkmvw.mp4,0.10936661809682846
rqxtwlfhey.mp4,0.25953409075737
rqxvqkmoaw.mp4,0.2260959893465042
rqxzciscnu.mp4,0.13399289548397064
rqyiyuufkd.mp4,0.9869571328163147
rqzhbznhrx.mp4,0.7823760509490967
rqzqdbxzbt.mp4,0.9843825101852417
rracbzrsmc.mp4,0.9751933217048645
rrarnepsqt.mp4,0.9488757848739624
rrasaheeex.mp4,0.9631088972091675
rrasxcwooh.mp4,0.9529339075088501
rrbpoptnfc.mp4,0.23996350169181824
rrcmzjlrux.mp4,0.873635470867157
rrdldjamrn.mp4,0.08424200117588043
rrdqahbwvb.mp4,0.1856028139591217
rrduwkwpsi.mp4,0.7353156805038452
rrfgwswboq.mp4,0.8662942051887512
rrfkxcvqvn.mp4,0.9789080619812012
rrfxmoxtqn.mp4,0.9858949780464172
rrfyrpbttx.mp4,0.2843879461288452
rrgmkciwnk.mp4,0.2516689896583557
rrhhjyvayb.mp4,0.19899073243141174
rrhqfbkwtx.mp4,0.14189352095127106
rrhyhkqgzq.mp4,0.9173349738121033
rriczyaaut.mp4,0.9877511858940125
rrkkhkeddu.mp4,0.9082099199295044
rrkklrkwil.mp4,0.9768702387809753
rrlxcxpxsa.mp4,0.9698044061660767
rrmbizcdwv.mp4,0.22105926275253296
rrmcolhbnc.mp4,0.9455211758613586
rrmhobgxhe.mp4,0.9165703654289246
rrmprmgsha.mp4,0.9364475011825562
rrmrjwosxc.mp4,0.9889607429504395
rrnkukxlax.mp4,0.7245266437530518
rrnmhbkcvz.mp4,0.9881847500801086
rrnqlzzqft.mp4,0.9806227087974548
rrntjexhcs.mp4,0.9338439106941223
rrofistwhq.mp4,0.9899627566337585
rrpingynbu.mp4,0.3246977925300598
rrqlhknsmh.mp4,0.915932297706604
rrrhlnrqhc.mp4,0.8817885518074036
rrrnzvksri.mp4,0.9841324090957642
rrswbwmkma.mp4,0.9858717918395996
rrsynqjeoj.mp4,0.1097174882888794
rrufovofvy.mp4,0.9464210867881775
rrvbcljjhe.mp4,0.9518113136291504
rrwajtxojs.mp4,0.9552792906761169
rrwcwerktl.mp4,0.9690026044845581
rrwwaccajb.mp4,0.9702478647232056
rrxlxmamzz.mp4,0.9724212884902954
rrxulbsppi.mp4,0.8819571137428284
rrxvooolxi.mp4,0.16869819164276123
rrygkjskib.mp4,0.7648261189460754
rryjfrillp.mp4,0.7759087681770325
rryjtivktt.mp4,0.980828583240509
rrytrtjloc.mp4,0.4080871343612671
rryueaqkgh.mp4,0.9897601008415222
rrzabwture.mp4,0.9894990921020508
rsampqohud.mp4,0.42005640268325806
rsbblpurhw.mp4,0.22694295644760132
rsbhiwnkpl.mp4,0.9858545660972595
rsbipeqima.mp4,0.9663864970207214
rsbovwekev.mp4,0.9440980553627014
rscwiihmmr.mp4,0.9061681628227234
rscwogqlai.mp4,0.8843159079551697
rsdkithrxw.mp4,0.17420834302902222
rsdlmvrhoe.mp4,0.11254773288965225
rsdrjnkqkj.mp4,0.9827031493186951
rsedztueyj.mp4,0.9884817004203796
rseeidxoll.mp4,0.9677112698554993
rsegdldhtt.mp4,0.954026460647583
rsezdyovap.mp4,0.6236354112625122
rsfbgrqpmm.mp4,0.5726358890533447
rsfdnmxerg.mp4,0.8019624948501587
rsghvfqkhz.mp4,0.9801458120346069
rsgkuvzjvt.mp4,0.9880443811416626
rshncuwqhx.mp4,0.9896042943000793
rshrdzinvu.mp4,0.8056272864341736
rshyczrcil.mp4,0.853849470615387
rshypywiyo.mp4,0.9611672759056091
rsiivaccnc.mp4,0.9715625047683716
rsipcvyltc.mp4,0.42597734928131104
rsjexexuzw.mp4,0.9638004899024963
rsjhmrvdwg.mp4,0.9353393912315369
rsjnzpgrfb.mp4,0.9895771145820618
rsjosqxzoq.mp4,0.7073875069618225
rsjqvihqtz.mp4,0.7440698742866516
rsjvfwvfem.mp4,0.8852554559707642
rskepponez.mp4,0.8131998777389526
rskxtzudpj.mp4,0.9478578567504883
rslxpafeir.mp4,0.178003191947937
rslyfjpqup.mp4,0.627147912979126
rsmfvnwjyp.mp4,0.9879890084266663
rsmkhsryhb.mp4,0.9715998768806458
rsmpadmomf.mp4,0.8222954869270325
rsncpveuuz.mp4,0.9884604215621948
rsnkepuopz.mp4,0.9847027659416199
rsnnvworkx.mp4,0.9369745254516602
rsnrcisldc.mp4,0.868308424949646
rsnuiqbadv.mp4,0.9814444184303284
rsnzkkrodr.mp4,0.9786196351051331
rsokobrkrz.mp4,0.8795928955078125
rsqblsfgli.mp4,0.9884393215179443
rsrkgoxrzz.mp4,0.9895808696746826
rssofmcpuf.mp4,0.5308643579483032
rsssrzjlfl.mp4,0.49166950583457947
rstsuhmzqz.mp4,0.9640438556671143
rsuddxiapl.mp4,0.11124887317419052
rsughpanho.mp4,0.9767405986785889
rsumvjrbor.mp4,0.9354842305183411
rsuwbozmxt.mp4,0.9886371493339539
rsvrohepud.mp4,0.7376196980476379
rswrkccemc.mp4,0.116957888007164
rswrlshpev.mp4,0.2257133573293686
rswyrgdlaq.mp4,0.6946648359298706
rsxipcdpge.mp4,0.9900000691413879
rsxmopdryo.mp4,0.906353235244751
rsxrtmxvds.mp4,0.9777002334594727
rsyhrnrrsk.mp4,0.18340934813022614
rsyukoalsi.mp4,0.8286341428756714
rszcuxvjtl.mp4,0.8614928126335144
rszdvsayiv.mp4,0.21130149066448212
rszfilfvcx.mp4,0.9891097545623779
rszphkzzjs.mp4,0.9900000095367432
rszqqwhnkj.mp4,0.6356027126312256
rtaejfywvc.mp4,0.3509976863861084
rtahwegkfs.mp4,0.2518365979194641
rtauthkfzj.mp4,0.9761907458305359
rtawydpugq.mp4,0.9366235136985779
rtbchvojlv.mp4,0.9783679246902466
rtcdspyolj.mp4,0.34388354420661926
rtcjifrjaw.mp4,0.6757879853248596
rtcvqhoypr.mp4,0.9855278730392456
rtdalobuhl.mp4,0.9853875637054443
rtdogbpems.mp4,0.06296613812446594
rtfxirhldr.mp4,0.9824565649032593
rthgbuzbds.mp4,0.975905179977417
rthgrenscs.mp4,0.9660277366638184
rtiebmpcty.mp4,0.3735811710357666
rtixqjdqhb.mp4,0.29707396030426025
rtiyduycrn.mp4,0.19501522183418274
rtjmzqmhqa.mp4,0.932550311088562
rtjtgxdrcn.mp4,0.9629204273223877
rtkuqukvhj.mp4,0.9071223735809326
rtlqnbtrek.mp4,0.9144868850708008
rtlrttqfoz.mp4,0.8975813984870911
rtlsvykino.mp4,0.986863374710083
rtmuttxbsy.mp4,0.9384912848472595
rtojdasnsq.mp4,0.8946859240531921
rtopzfsanh.mp4,0.685971736907959
rtphoescwz.mp4,0.7081291675567627
rtpuwtrxsr.mp4,0.8394421339035034
rtqjbgslxg.mp4,0.8976492285728455
rtqovkvmfo.mp4,0.8533487319946289
rtrgtcillv.mp4,0.7198008894920349
rtrjpoepxi.mp4,0.34356746077537537
rtrlqaicxk.mp4,0.911211371421814
rtsdmcdkls.mp4,0.984522819519043
rtsxrpmbpz.mp4,0.989180862903595
rttdpnnvpm.mp4,0.9861270189285278
rttusodfgg.mp4,0.9317760467529297
rttwudubuc.mp4,0.9899999499320984
rttxrofrbj.mp4,0.09738622605800629
rtuaxyuvqs.mp4,0.9890798926353455
rtvfioxmfg.mp4,0.7477039694786072
rtxwwphaak.mp4,0.853906512260437
rtygyaqpjb.mp4,0.9801203012466431
rtzqeldqsc.mp4,0.9446792602539062
ruaqtjrcic.mp4,0.9838331341743469
rubhzlddup.mp4,0.8729080557823181
rubozrgvgg.mp4,0.9839410185813904
rubvfzixsr.mp4,0.9847967028617859
rucfeubuev.mp4,0.11587290465831757
rucnlxjnyl.mp4,0.9898938536643982
rucpnkznux.mp4,0.978757381439209
ruevtebxlf.mp4,0.9305364489555359
ruflbpqcjl.mp4,0.9725953936576843
ruflllykcg.mp4,0.6027721166610718
rugmzrtgha.mp4,0.989556610584259
rugvatcrhf.mp4,0.8793365955352783
rugyotxxkn.mp4,0.20926372706890106
ruhjnjwokl.mp4,0.20859083533287048
ruifjqbxxk.mp4,0.9876941442489624
ruinmlnbze.mp4,0.9898505806922913
ruiufeetsd.mp4,0.41280221939086914
rujwyrhdka.mp4,0.9541822671890259
rukamuynfx.mp4,0.9894721508026123
rumjubqsdq.mp4,0.27339687943458557
rumvwwwvam.mp4,0.9424697160720825
rumxuyrjjt.mp4,0.13751564919948578
runchrnhwl.mp4,0.9690001010894775
rundvhxkgi.mp4,0.9508861899375916
ruojxqsrzk.mp4,0.8230089545249939
ruoqxpevvf.mp4,0.9571958780288696
rupmycdwnn.mp4,0.8198550939559937
rupywiactt.mp4,0.9800397753715515
ruqedmfwoh.mp4,0.9113739132881165
rurhyzsnyi.mp4,0.5961737036705017
rursrvigxm.mp4,0.936561107635498
rurtndrzcw.mp4,0.6600037217140198
rutpskylur.mp4,0.9300111532211304
ruufnypjin.mp4,0.9889187812805176
ruwdqyecgj.mp4,0.9553579688072205
ruwwxklbpw.mp4,0.9051002860069275
ruwznwdmpo.mp4,0.9554189443588257
ruxepxrfva.mp4,0.9872348308563232
ruxflvkmsu.mp4,0.9775084853172302
ruxttozsgd.mp4,0.9852158427238464
ruyhieoern.mp4,0.8803120255470276
ruyvziayhf.mp4,0.9854360222816467
ruzfgwqxvu.mp4,0.9793458580970764
rvavyaksyx.mp4,0.9898805618286133
rvcalvhoxm.mp4,0.1057661846280098
rvckmbubar.mp4,0.7103537917137146
rvcprdzvxx.mp4,0.9742563366889954
rvdrsfubrl.mp4,0.9584897756576538
rvdundlcho.mp4,0.9846931099891663
rvfhfbutlx.mp4,0.9889163374900818
rvfkompkqt.mp4,0.971919059753418
rvgedehoeg.mp4,0.11375978589057922
rvggegluxf.mp4,0.9461499452590942
rvgshixbom.mp4,0.9791802763938904
rvgwbqrzdy.mp4,0.9891326427459717
rvgzqoyujl.mp4,0.863662600517273
rvhgmyilms.mp4,0.10969951748847961
rvhowfwbwr.mp4,0.905699610710144
rvhrxxkstm.mp4,0.9196186065673828
rvigswfecj.mp4,0.9162349104881287
rvizlqbazq.mp4,0.9900000095367432
rvkdxjfhdp.mp4,0.21531835198402405
rvlyhhwfyr.mp4,0.9341487884521484
rvmnhrokqk.mp4,0.9890782833099365
rvmxjyvavt.mp4,0.8994181156158447
rvngusoeob.mp4,0.9526815414428711
rvnqribuqq.mp4,0.9453584551811218
rvnudmjnqr.mp4,0.9745877385139465
rvqbvfnygr.mp4,0.96968674659729
rvqcqpmaqo.mp4,0.9871498346328735
rvqjfxadgn.mp4,0.9866318702697754
rvquxhomxo.mp4,0.9088337421417236
rvrcvcfbog.mp4,0.9855654835700989
rvrhnuhemp.mp4,0.8106386661529541
rvtfddfweu.mp4,0.941215991973877
rvtrekytyv.mp4,0.16472922265529633
rvuippyzzr.mp4,0.7201107740402222
rvumwfklvj.mp4,0.9825909733772278
rvurjokwcw.mp4,0.9567404985427856
rvvcvbzafq.mp4,0.6075060963630676
rvvoayidmf.mp4,0.9413434863090515
rvwcegmugs.mp4,0.14948058128356934
rvwnarheob.mp4,0.8472753167152405
rvwrxtpmrq.mp4,0.9822275042533875
rvxfymgqyw.mp4,0.9518545866012573
rvyhgnrigd.mp4,0.8554919362068176
rvyjdcsatd.mp4,0.9274024963378906
rvynjuegxp.mp4,0.9844678044319153
rvzbysgzir.mp4,0.17688804864883423
rvzmzjdaio.mp4,0.9516151547431946
rwauburhbs.mp4,0.9571359157562256
rwawjevwss.mp4,0.6732602715492249
rwbcaaicxe.mp4,0.9809221029281616
rwbvuwcbql.mp4,0.9458852410316467
rwcwopfvax.mp4,0.42854568362236023
rwduxfvfzy.mp4,0.9757006764411926
rwdvsphipn.mp4,0.9894578456878662
rwdykjxacb.mp4,0.980230987071991
rweaihhmdc.mp4,0.6675222516059875
rwehwmmutn.mp4,0.15613235533237457
rwfhnpjegw.mp4,0.9892109036445618
rwfxlwvfth.mp4,0.8276961445808411
rwgiztqciz.mp4,0.7091634273529053
rwgmanlebe.mp4,0.9778736233711243
rwgshbgfot.mp4,0.7853261232376099
rwhghbdnim.mp4,0.928379476070404
rwhocevtfb.mp4,0.5849729776382446
rwicktrjqr.mp4,0.9503061771392822
rwjdijuspp.mp4,0.9251081347465515
rwjipjzwpn.mp4,0.4162079095840454
rwjmxvjikr.mp4,0.9644509553909302
rwjouirhtm.mp4,0.9820955991744995
rwjrwbzgwh.mp4,0.9880505204200745
rwjtahpfnx.mp4,0.411444753408432
rwkghritnd.mp4,0.9845994710922241
rwmdyqnxmn.mp4,0.9838085770606995
rwnjaxsyec.mp4,0.9752143621444702
rwnlqryxef.mp4,0.34931954741477966
rwnzmcameu.mp4,0.9877241253852844
rwoelhvtma.mp4,0.612080991268158
rwoywxdxra.mp4,0.7070239782333374
rwqxhirsgm.mp4,0.46176794171333313
rwrlpkrruo.mp4,0.317070871591568
rwsdcygvef.mp4,0.9217469692230225
rwsewagwav.mp4,0.9872311949729919
rwshvgcntx.mp4,0.3346059024333954
rwsplfkqwy.mp4,0.8990550637245178
rwssyzwvsa.mp4,0.11618519574403763
rwsvyxrubl.mp4,0.6568270325660706
rwszlscbgg.mp4,0.9625909328460693
rwthfzmntz.mp4,0.9652537703514099
rwvzsgpgej.mp4,0.9661933183670044
rwwqyhovus.mp4,0.8407281637191772
rwwwroflwb.mp4,0.7272768616676331
rwxisoajqo.mp4,0.8361442685127258
rwxlfjwhkg.mp4,0.9826700091362
rwyuvqrsaq.mp4,0.9745724201202393
rwzcczbbmm.mp4,0.127262145280838
rwzeswqdlr.mp4,0.9034144282341003
rwzqvwznhp.mp4,0.9823229908943176
rwztrsvtoh.mp4,0.9083840847015381
rxagyszsky.mp4,0.6895240545272827
rxbkkayajy.mp4,0.9869164824485779
rxckizrvaq.mp4,0.9785853028297424
rxckyxjana.mp4,0.9895822405815125
rxcqczfxth.mp4,0.12090145796537399
rxcxlwnfji.mp4,0.9900000691413879
rxdajrvleg.mp4,0.2601300776004791
rxdinxhihx.mp4,0.23119086027145386
rxeqlheqtj.mp4,0.9309777617454529
rxevhpcqjy.mp4,0.9169453978538513
rxfawebswj.mp4,0.9804133772850037
rxfbkqeydi.mp4,0.8993327021598816
rxfhpaeebw.mp4,0.9900002479553223
rxfqtredtd.mp4,0.9888899326324463
rxfsftinsq.mp4,0.4584723711013794
rxgfhyzsbf.mp4,0.7454442977905273
rxgobmmgtf.mp4,0.9845681190490723
rxgubfqezh.mp4,0.9418512582778931
rxgvzycvzr.mp4,0.9486272931098938
rxgxzjcydj.mp4,0.5046788454055786
rxhmlawrit.mp4,0.9756608605384827
rxhzammrmh.mp4,0.8874251246452332
rxissgjwrr.mp4,0.3529544770717621
rxjpuhenph.mp4,0.9675905704498291
rxkgzbdzsj.mp4,0.6527950763702393
rxkreikivx.mp4,0.973588228225708
rxllfvrkzj.mp4,0.9481552839279175
rxnxqycacw.mp4,0.3790311813354492
rxogziruza.mp4,0.9744805097579956
rxowpchqve.mp4,0.1272335648536682
rxpqdpvtia.mp4,0.9703831076622009
rxptmrjmtx.mp4,0.9331193566322327
rxqetwxrjs.mp4,0.9511999487876892
rxqlkrwqkc.mp4,0.9900000691413879
rxqvqczepk.mp4,0.8084086775779724
rxreozlvxh.mp4,0.8791815042495728
rxrostunit.mp4,0.9899609088897705
rxrumdpwzr.mp4,0.7396461963653564
rxrxxjdmsh.mp4,0.9875400066375732
rxsirnxkwu.mp4,0.7806538343429565
rxtbobmeuq.mp4,0.9882342219352722
rxthiqvlgq.mp4,0.9900000095367432
rxtqqoncwj.mp4,0.40912187099456787
rxtrjrious.mp4,0.6593958735466003
rxucdvnmev.mp4,0.9860193133354187
rxufykpyzl.mp4,0.9585245251655579
rxuxzutkjo.mp4,0.9417197704315186
rxvciyzheh.mp4,0.964471161365509
rxvjjdrevo.mp4,0.9881907105445862
rxvumshkuh.mp4,0.9896490573883057
rxwchpfvbh.mp4,0.9834837913513184
rxweyfpeql.mp4,0.9853209853172302
rxwjimqzti.mp4,0.9897461533546448
rxxepfnjzz.mp4,0.9836673140525818
rxxibjqnuj.mp4,0.9833667874336243
rxxifkujnz.mp4,0.9887849688529968
rxxqsjrmno.mp4,0.9782558083534241
rxxwgydcqi.mp4,0.9076079726219177
rxzwqoiiov.mp4,0.9600380659103394
ryadzmmgnf.mp4,0.2224416583776474
ryajloavlf.mp4,0.9787766337394714
ryakgkynpb.mp4,0.49253037571907043
ryavbgakmu.mp4,0.9717616438865662
rybyylwzse.mp4,0.9892727732658386
rycgfbvrgc.mp4,0.9178830981254578
ryckahmoey.mp4,0.9589803814888
ryeufmndck.mp4,0.9597111344337463
ryfgnvircw.mp4,0.989102840423584
rygosdntcc.mp4,0.886688768863678
rygsyqcjfn.mp4,0.9872460961341858
rygzhgtjfw.mp4,0.9733220338821411
ryhosupltm.mp4,0.9514830708503723
ryhyoslnxj.mp4,0.962745726108551
ryiphumaay.mp4,0.9830678701400757
ryiznrdyct.mp4,0.9873719811439514
ryjtkxdewd.mp4,0.8901569247245789
ryksvwanwl.mp4,0.1897152066230774
rykvjfugkj.mp4,0.9620680212974548
rylokfavrg.mp4,0.9764096140861511
ryluptqobt.mp4,0.9878455400466919
rylxfswnpl.mp4,0.9726262092590332
rylzoymlfq.mp4,0.819091260433197
rymuxggieg.mp4,0.1011984571814537
rynwaixuma.mp4,0.9898742437362671
ryoaeodcux.mp4,0.12432204186916351
ryoecaorar.mp4,0.19974000751972198
ryopkcnpqt.mp4,0.8855485916137695
rypilvzsqx.mp4,0.9891368746757507
ryprcddvkg.mp4,0.9091828465461731
rypxbfmato.mp4,0.9885521531105042
ryqunmwalv.mp4,0.9899998307228088
ryrcpewnxg.mp4,0.9815652370452881
ryrnimyzjk.mp4,0.2630546987056732
rysahavxjg.mp4,0.8872146606445312
ryseujrzkv.mp4,0.9894272089004517
ryspsmtomm.mp4,0.9412986040115356
rysqnfbrca.mp4,0.9112337231636047
rysrtoxeip.mp4,0.982727587223053
rytynpbqih.mp4,0.9563646912574768
ryuocfdklj.mp4,0.7321767807006836
ryvbahxrge.mp4,0.9566237330436707
ryvdjxyvgk.mp4,0.8375837206840515
ryvpvojahp.mp4,0.9608373641967773
ryvqkriqum.mp4,0.9482589364051819
ryvspmfzyy.mp4,0.10869550704956055
rywcoyoxtd.mp4,0.9900001287460327
rywibbrenm.mp4,0.9813202619552612
rywngijgtq.mp4,0.9769962430000305
rywpezvuit.mp4,0.16181492805480957
rywrrnzkak.mp4,0.20446546375751495
ryxdvmzafq.mp4,0.9269967079162598
ryxitjlsve.mp4,0.7715377807617188
ryyjrelfkf.mp4,0.3409576714038849
ryzgkivwcj.mp4,0.8757851719856262
rzafutlchx.mp4,0.9304380416870117
rzbbqkrukm.mp4,0.867648720741272
rzbfrexxfc.mp4,0.9899998903274536
rzbgmwtzcx.mp4,0.3377617299556732
rzbrnamzoz.mp4,0.9627689719200134
rzcxwraelu.mp4,0.9587039351463318
rzdkrtzrlz.mp4,0.9813685417175293
rzehecpcqi.mp4,0.13645686209201813
rzezevluka.mp4,0.9737036228179932
rzfdmenmce.mp4,0.7632231116294861
rzfikhhpnc.mp4,0.7840644121170044
rzhmdwtttc.mp4,0.9358918070793152
rzihxsmujj.mp4,0.9874759912490845
rzinffqnql.mp4,0.9702927470207214
rzinjngqbe.mp4,0.9599109888076782
rzivzpozjr.mp4,0.9804856181144714
rziziscker.mp4,0.9681299328804016
rzjknrnbzh.mp4,0.9826623797416687
rzjokyjnnp.mp4,0.3472883105278015
rzjpckpslj.mp4,0.9707666039466858
rzjsdmslwm.mp4,0.9377071857452393
rzjsfhwyfa.mp4,0.37668517231941223
rzkqrncfyo.mp4,0.9407774806022644
rzlvyzdosp.mp4,0.871366024017334
rznecommqh.mp4,0.5756044387817383
rznhkfwgib.mp4,0.5588164925575256
rznpqrkcqp.mp4,0.9109815955162048
rznqhqvgue.mp4,0.950522243976593
rzorgjmkjm.mp4,0.6259786486625671
rzotiimdmc.mp4,0.9250890612602234
rzozakfdjc.mp4,0.8925075531005859
rzpazvyglt.mp4,0.7722134590148926
rzqifnkbmq.mp4,0.9601927995681763
rzqsregbtx.mp4,0.9808206558227539
rzqzpdcust.mp4,0.40656960010528564
rzrtgeudul.mp4,0.9889773726463318
rzrydrpdry.mp4,0.9900000691413879
rzrynkejvi.mp4,0.987542986869812
rzscqwsity.mp4,0.09961862862110138
rztadokvei.mp4,0.8965005278587341
rztckddvwt.mp4,0.7555651664733887
rztfvluvkm.mp4,0.3665550649166107
rztnkepotf.mp4,0.9835392236709595
rztzkkkxqx.mp4,0.9891709089279175
rzumcvcfqa.mp4,0.9436729550361633
rzuojhknyx.mp4,0.8730096817016602
rzuqhttvjm.mp4,0.9531866312026978
rzurwtzrkj.mp4,0.14461134374141693
rzuwmaqfre.mp4,0.756783664226532
rzvqhfyoyk.mp4,0.9836651086807251
rzwvhesfws.mp4,0.9888930916786194
rzxeyoowdr.mp4,0.2592291533946991
rzxffukyfc.mp4,0.2094523310661316
rzxrlycdbt.mp4,0.5851174592971802
rzxslqqecc.mp4,0.19874681532382965
rzyiutcvei.mp4,0.8537766337394714
rzyjmjmzdx.mp4,0.8206125497817993
rzykslnkdi.mp4,0.9381422996520996
rzymphrydg.mp4,0.14101238548755646
rzyscflezv.mp4,0.960936963558197
saalbotqyo.mp4,0.21717335283756256
saaqklozeb.mp4,0.9882163405418396
saasmevrsw.mp4,0.9692160487174988
saayqqksze.mp4,0.9043296575546265
sabdeisrai.mp4,0.41942909359931946
sabpsmmbwu.mp4,0.916042685508728
sabrbnceya.mp4,0.9706953167915344
sacjkenugu.mp4,0.12578900158405304
sackkrvhiv.mp4,0.9816834926605225
sacrjzfefm.mp4,0.9900000691413879
sadaunifio.mp4,0.9835693836212158
saegbidusa.mp4,0.9743504524230957
saessjulfv.mp4,0.9616610407829285
saewdvwtes.mp4,0.974175214767456
safkdrudrs.mp4,0.9883704781532288
sahcncjojl.mp4,0.6287170648574829
sahxnezubx.mp4,0.889572024345398
saiaojszgp.mp4,0.9267363548278809
sailncwlmk.mp4,0.10135858505964279
saiowjrpgj.mp4,0.9886102080345154
sajogyommh.mp4,0.8968075513839722
sajuhhqcmi.mp4,0.9528179168701172
sakuogenej.mp4,0.9896280169487
salaseekxa.mp4,0.9747949242591858
salattzmhs.mp4,0.9816744923591614
saljlsmnet.mp4,0.9434491991996765
salsuwvckq.mp4,0.9100279211997986
samdmhcrbz.mp4,0.27534765005111694
samuiteaoh.mp4,0.9546179175376892
sandyafynz.mp4,0.8903998136520386
sanhibjnvd.mp4,0.9683504104614258
saniimivsj.mp4,0.9851492643356323
sanofqxbfp.mp4,0.9826144576072693
saohrmpovc.mp4,0.9896897077560425
saohubluvq.mp4,0.9739355444908142
saojbsgqgt.mp4,0.9681971669197083
saoxxmbvub.mp4,0.9709863066673279
sapamdjbxc.mp4,0.4049389660358429
saprxfvznw.mp4,0.1352124810218811
sapzqwfbxx.mp4,0.9900001287460327
saqgpunfes.mp4,0.9657328724861145
sarahjxgse.mp4,0.9643808007240295
sarifxktiv.mp4,0.9811443090438843
sasomduuei.mp4,0.7745408415794373
sasprkssrp.mp4,0.8444012403488159
sasszrrrgo.mp4,0.77757728099823
satlkzqitm.mp4,0.8894341588020325
satnjuxrxi.mp4,0.8782853484153748
satnmpebqw.mp4,0.9877349138259888
satsslimef.mp4,0.9642488956451416
satupehxyl.mp4,0.1994934231042862
satxxxlhjl.mp4,0.13550232350826263
saudnnetmi.mp4,0.9347080588340759
saurxeoocv.mp4,0.9683092832565308
sausaxtjuv.mp4,0.7081601023674011
sauxlnrmww.mp4,0.9899789094924927
savjqmbswq.mp4,0.9648920297622681
savqrjnncg.mp4,0.15298238396644592
saxbjxsbjf.mp4,0.8266368508338928
saxceiqewl.mp4,0.9609584212303162
saxjjbllvh.mp4,0.9721260666847229
sayltcvsng.mp4,0.10145790874958038
sazcnznkjo.mp4,0.263323575258255
sazhdeeuxe.mp4,0.9465386867523193
sazygturfl.mp4,0.9881575107574463
sbaghvgpif.mp4,0.9895861148834229
sbanqvulyl.mp4,0.10355480015277863
sbaoikjlnk.mp4,0.7873552441596985
sbcvngabuy.mp4,0.9320315718650818
sbddnndmzk.mp4,0.44170981645584106
sbdhygnktf.mp4,0.8501988053321838
sbdoerarrt.mp4,0.13363252580165863
sbeawqslfn.mp4,0.9703714847564697
sbeprggkde.mp4,0.9496403336524963
sbfleznbmc.mp4,0.9224671125411987
sbfuddornz.mp4,0.9847055077552795
sbfxzmhzyv.mp4,0.9866188168525696
sbggfpjyfq.mp4,0.9899999499320984
sbghromnxb.mp4,0.19925247132778168
sbgqqmotju.mp4,0.9562336802482605
sbgvomirpr.mp4,0.3170091509819031
sbhmhdhrjo.mp4,0.9861299395561218
sbhsrncybd.mp4,0.7889695763587952
sbidmyijtf.mp4,0.08965343981981277
sbilujylwe.mp4,0.9726056456565857
sbiyangkdy.mp4,0.8962460160255432
sbjauhupne.mp4,0.9900001287460327
sbjwklplsg.mp4,0.9603472352027893
sbjyrlbqpm.mp4,0.9457237720489502
sbkesocrlc.mp4,0.7854418754577637
sbketndksn.mp4,0.8760145306587219
sbkupuqxdg.mp4,0.9115158915519714
sbmacpggcj.mp4,0.10988783836364746
sbmndrkqmu.mp4,0.798098623752594
sbmtiybsrh.mp4,0.9429506659507751
sbofkqoepl.mp4,0.9891499280929565
sbqdnvpevr.mp4,0.11483901739120483
sbqhhclhwi.mp4,0.984145998954773
sbqmenaejo.mp4,0.8489691019058228
sbqrymkxri.mp4,0.925471305847168
sbqtdkjmel.mp4,0.9740669131278992
sbrjiwfrtg.mp4,0.7956125736236572
sbslgwiiel.mp4,0.961211621761322
sbspezimpw.mp4,0.7074943780899048
sbsqzwjwog.mp4,0.9022485613822937
sbsxwovolk.mp4,0.9072694182395935
sburmokfqc.mp4,0.9849284887313843
sbvncmmubs.mp4,0.955175518989563
sbvvtqulcx.mp4,0.989988386631012
sbwemwjlsl.mp4,0.9609653949737549
sbwxzcauup.mp4,0.9223191738128662
sbwyljsyld.mp4,0.9624244570732117
sbxlfehzjc.mp4,0.2540927529335022
sbxvmficyn.mp4,0.9600483179092407
sbxwirrias.mp4,0.8957669734954834
sbxxgwrmwa.mp4,0.7622933387756348
sbyhgdnkca.mp4,0.8705293536186218
sbykdtsvxs.mp4,0.9708850383758545
sbyppemigv.mp4,0.9875869154930115
sbypubftlo.mp4,0.8696908354759216
scaljzcpcf.mp4,0.6291645169258118
scavsycbux.mp4,0.9250527620315552
scbfkrlytb.mp4,0.6782501935958862
scbifafxla.mp4,0.5
scbjqctmod.mp4,0.6391966342926025
scbuwbnphb.mp4,0.9875137805938721
scchmtbzar.mp4,0.989963948726654
scclhewfew.mp4,0.09147215634584427
sccqbzyikm.mp4,0.19642411172389984
scdqcszlpq.mp4,0.9519492387771606
scfgnpggvf.mp4,0.9896749258041382
scgmayfgcw.mp4,0.9602044224739075
schixuaiok.mp4,0.989938497543335
schrrunsfk.mp4,0.981587827205658
scikublujg.mp4,0.7665219902992249
scjdkezndi.mp4,0.134208545088768
scliivqeha.mp4,0.9900001287460327
scltvggodu.mp4,0.806388258934021
sclztagggd.mp4,0.989406168460846
scmduxmopf.mp4,0.9900000095367432
scnasqkaro.mp4,0.9686004519462585
scngvceiih.mp4,0.9892133474349976
scnmfwidia.mp4,0.9889494776725769
scnylgfkhq.mp4,0.9859116077423096
scobbkpgap.mp4,0.9804487228393555
scojsbrjro.mp4,0.9883186221122742
scorolwfhy.mp4,0.6323388814926147
scoyfdnukj.mp4,0.1650783121585846
scpeawtvvz.mp4,0.962589681148529
scrgeupzge.mp4,0.9859458208084106
scrogtfgmn.mp4,0.43348807096481323
scrtkrsojr.mp4,0.9646984934806824
scrwqafuqc.mp4,0.9498390555381775
scrzydajma.mp4,0.9899999499320984
scsbdwawox.mp4,0.969201922416687
scswhprxwj.mp4,0.28441426157951355
sctphvyvoo.mp4,0.9899999499320984
scuduuoezr.mp4,0.835999608039856
scuffekebm.mp4,0.9598833322525024
scunminwyb.mp4,0.9858394861221313
scunsguqjt.mp4,0.10399624705314636
scutzugpvt.mp4,0.9639243483543396
scvivjzlku.mp4,0.9697314500808716
scvkxznabj.mp4,0.31390380859375
scvzgusnav.mp4,0.861958384513855
scxbdbgtkn.mp4,0.2505795359611511
scxeuutngj.mp4,0.7253177762031555
scxhscuvgm.mp4,0.706922173500061
scxhtxvhsf.mp4,0.9846720695495605
scxqsgpdpw.mp4,0.9899559617042542
scxrriwshy.mp4,0.9435387849807739
scxrwnofhb.mp4,0.5885709524154663
scxukzmuhz.mp4,0.9760174751281738
scymdunydn.mp4,0.21522048115730286
sczbdmybho.mp4,0.9402328133583069
sczhajogqp.mp4,0.9710366129875183
sczotewblh.mp4,0.9371645450592041
sczulsyijo.mp4,0.9766361713409424
sdaczwqohn.mp4,0.8643465638160706
sdaffzzwsb.mp4,0.08314107358455658
sdaqskuweg.mp4,0.7594944834709167
sdbydgsbkf.mp4,0.989995002746582
sdcgznpwmf.mp4,0.9491391181945801
sdcpqvvfbd.mp4,0.9509835839271545
sdcpxweghq.mp4,0.9592849016189575
sddszusumt.mp4,0.9782253503799438
sddzovdsoz.mp4,0.9633315801620483
sdecymtbsh.mp4,0.806767463684082
sdekftetnp.mp4,0.9639291763305664
sdetnpbgki.mp4,0.9762751460075378
sdewpktsnx.mp4,0.9748474955558777
sdfnakqxov.mp4,0.21127338707447052
sdgeniwnvt.mp4,0.29900702834129333
sdgvcuqqee.mp4,0.9781957268714905
sdjeetvczw.mp4,0.8767889738082886
sdkzpyuxkr.mp4,0.9888126254081726
sdlvashkzs.mp4,0.20556014776229858
sdmoeirnuh.mp4,0.989125669002533
sdomnorhme.mp4,0.8811948895454407
sdqjjttckw.mp4,0.98356693983078
sdrexrgxdv.mp4,0.9714062809944153
sdsbdpexrm.mp4,0.9866685271263123
sdtfloekhb.mp4,0.947801411151886
sdtpixcmxs.mp4,0.9440474510192871
sdtwbfeofc.mp4,0.9899768233299255
sdtzxdzqww.mp4,0.989797055721283
sdueikdqxj.mp4,0.98844975233078
sdukdaykjb.mp4,0.9533772468566895
sdustdkmol.mp4,0.9286731481552124
sdutqxtcxo.mp4,0.2222084105014801
sduuqnyuuf.mp4,0.9792932271957397
sdvjwcofdx.mp4,0.9899999499320984
sdwbjxblnx.mp4,0.2565571963787079
sdxtqsgcpy.mp4,0.8690357208251953
sdxvdeooxz.mp4,0.9898043274879456
sdyykysbml.mp4,0.964326798915863
sdzclucfkz.mp4,0.5001534819602966
seabqfiqdj.mp4,0.9464097619056702
sealrxdhla.mp4,0.9243147373199463
sebrejwpaa.mp4,0.1691863089799881
secgswbvsr.mp4,0.2692914307117462
secnvhbdjy.mp4,0.9896627068519592
secteygxse.mp4,0.9593967199325562
secxpiqmlg.mp4,0.8749361038208008
seddkcboce.mp4,0.9900000691413879
seebdoxxxz.mp4,0.2661997675895691
seellwbtdq.mp4,0.9898242950439453
seewwvvzrb.mp4,0.9677064418792725
sefciimtoz.mp4,0.16291557252407074
sefyffsroe.mp4,0.7695123553276062
sehmmawdak.mp4,0.9364525079727173
sehmystfib.mp4,0.9098654389381409
sehwhlyqho.mp4,0.9703773856163025
seigpgelwg.mp4,0.9797449707984924
seigtuqzvp.mp4,0.988345205783844
seinulznhl.mp4,0.8967553377151489
seitzajfsn.mp4,0.9374881982803345
sejuhgvhwo.mp4,0.9896432161331177
sejwhhsaok.mp4,0.9588097333908081
sekdasumtw.mp4,0.9816582202911377
sekstsavtc.mp4,0.8571063876152039
semevzkeik.mp4,0.4056033194065094
senctxjvxj.mp4,0.9887860417366028
senxhotyhi.mp4,0.9475475549697876
seohpnkydn.mp4,0.9228746891021729
seomqwrwdi.mp4,0.9049438238143921
seoomartef.mp4,0.5085760951042175
seopteeeld.mp4,0.9609720706939697
sepaeanxmk.mp4,0.9900000095367432
sepjgukdti.mp4,0.9892487525939941
sepycohyva.mp4,0.9718939661979675
serijhyfxj.mp4,0.9829326868057251
serparxqiw.mp4,0.37891942262649536
sesguawjew.mp4,0.9899999499320984
sesymwhmvn.mp4,0.9868232011795044
setekuwzzn.mp4,0.7360215187072754
setukxcsib.mp4,0.9878448843955994
seuljxvyof.mp4,0.11327020078897476
sevxzulmrk.mp4,0.9678643345832825
seyswbkbup.mp4,0.4670901894569397
sezanwxmkk.mp4,0.9838927984237671
sezddfsbzd.mp4,0.16311711072921753
sfaqoacxjg.mp4,0.18962208926677704
sfbpyskkjp.mp4,0.9896570444107056
sfciaiaglt.mp4,0.9808498024940491
sfckrqryip.mp4,0.9882435202598572
sfcumlxfgi.mp4,0.9520652294158936
sfdadywxgp.mp4,0.9832496643066406
sfdexwqthl.mp4,0.4357728362083435
sfdhaujswn.mp4,0.9530968070030212
sfewxjuaag.mp4,0.8485240340232849
sfexlnvhfy.mp4,0.9208903312683105
sffcwlhlku.mp4,0.9806515574455261
sfgddstquc.mp4,0.6903928518295288
sfgdliqurl.mp4,0.9376779198646545
sfhduwqkdn.mp4,0.3278745412826538
sfhdynunvw.mp4,0.9831507205963135
sfidefwfhf.mp4,0.9839786887168884
sfiurvnpef.mp4,0.8731448650360107
sfjcqsxoxj.mp4,0.1638149619102478
sfjggmyfuj.mp4,0.946098268032074
sfjsmbrsnu.mp4,0.9682807922363281
sfjualzaic.mp4,0.9570798277854919
sfjvqkywvz.mp4,0.11251319199800491
sfkbbqscfd.mp4,0.9838142395019531
sfkihngpxa.mp4,0.9880887866020203
sfknqxketc.mp4,0.9790631532669067
sfkvpiggix.mp4,0.7341111302375793
sfmhpvahzi.mp4,0.8747477531433105
sfmunruqjy.mp4,0.8715119957923889
sfnynmywbl.mp4,0.8304346799850464
sfouebyxvi.mp4,0.16866862773895264
sfovkwrrpf.mp4,0.9886808395385742
sfpqgobgof.mp4,0.5377849340438843
sfqbkemsoz.mp4,0.9889820218086243
sfqsvtbsju.mp4,0.8896368741989136
sfrazvuxlj.mp4,0.8462021946907043
sfrcmdrqqv.mp4,0.6831594705581665
sfrtbenmel.mp4,0.9388110041618347
sfrwijmcky.mp4,0.9330719113349915
sfsjgkxvie.mp4,0.9899998903274536
sfslnpbvtq.mp4,0.18688474595546722
sfsqzkmnck.mp4,0.924174964427948
sfsvhjqglo.mp4,0.9834916591644287
sfsyqyeqcc.mp4,0.588170051574707
sftvafvaxj.mp4,0.9754060506820679
sfuplgvhds.mp4,0.9272040128707886
sfvfxbliox.mp4,0.9662653207778931
sfvqcsnima.mp4,0.9559987783432007
sfwvejpaid.mp4,0.8723594546318054
sfxkdqzctb.mp4,0.9898472428321838
sfxmqyoahx.mp4,0.8832215666770935
sfyfgmxewo.mp4,0.9707821011543274
sfyvqqovnm.mp4,0.9847368001937866
sfyxlizyly.mp4,0.9900001883506775
sfzbjyskjx.mp4,0.3113231062889099
sgaauagrzn.mp4,0.7808082103729248
sgalwxyrzo.mp4,0.989821195602417
sgaxkrhijj.mp4,0.8462926745414734
sgbrszbdgo.mp4,0.9780374765396118
sgbwtnzwjk.mp4,0.10254936665296555
sgclbvlypn.mp4,0.9829648733139038
sgcmgytgzn.mp4,0.886117696762085
sgdnbofecu.mp4,0.26190274953842163
sgfdydkoon.mp4,0.9821508526802063
sgfqaytite.mp4,0.9851323962211609
sgfvqkpycp.mp4,0.7780115604400635
sggkwmtcul.mp4,0.5440841913223267
sggryhrkum.mp4,0.6911306977272034
sghdekqnnn.mp4,0.11868622153997421
sghpqfzzyu.mp4,0.7871821522712708
sgidnbtrer.mp4,0.230866476893425
sgjiauphuh.mp4,0.11639939993619919
sgkebqsuzw.mp4,0.8285953402519226
sglawmtccl.mp4,0.823528528213501
sglirjvwru.mp4,0.940386176109314
sglupkczzl.mp4,0.7484636306762695
sgolydgoxx.mp4,0.9553254842758179
sgperyitce.mp4,0.8908034563064575
sgqbgmhzeb.mp4,0.33683913946151733
sgqzvfjtpi.mp4,0.9900000691413879
sgrivzmklt.mp4,0.8064691424369812
sgskgtzowt.mp4,0.9857066869735718
sgsrjchbsh.mp4,0.24813058972358704
sguuydmoav.mp4,0.512543797492981
sgvgaqcrec.mp4,0.9570863842964172
sgvntscgnc.mp4,0.9874877333641052
sgvsiwydte.mp4,0.837415337562561
sgwdvuwzvg.mp4,0.6477929353713989
sgxovbbdcb.mp4,0.16982904076576233
sgxqirbgzp.mp4,0.6976238489151001
sgyytfkici.mp4,0.9900000095367432
sgzbxqhles.mp4,0.9900000691413879
sgzthgjrlg.mp4,0.9846835732460022
shajwddgbg.mp4,0.9879738092422485
shbafrmaza.mp4,0.9869786500930786
shbwdodhrg.mp4,0.8541008234024048
shcluhsags.mp4,0.9883310198783875
shcwflhqfu.mp4,0.8725293874740601
shdqrmymgu.mp4,0.8464851379394531
shdyuvnxzh.mp4,0.6217364072799683
shedktnxfa.mp4,0.31175291538238525
shenidieml.mp4,0.9895153641700745
shfefddltk.mp4,0.989507257938385
shfsmwxhdm.mp4,0.9779489636421204
shftbthgex.mp4,0.9878867864608765
shgcqnbriu.mp4,0.9714956283569336
shglbyvkny.mp4,0.9002804756164551
shgtlzdzeg.mp4,0.9501500725746155
shgxfwcczl.mp4,0.07042531669139862
shgxlbcywd.mp4,0.9123062491416931
shhijaluey.mp4,0.9868336319923401
shhjiavlvw.mp4,0.20659112930297852
shhoravmgn.mp4,0.8162001967430115
shibxrzlsj.mp4,0.9615594148635864
shikzxipov.mp4,0.9670165777206421
shiuhedocv.mp4,0.9009338617324829
shjargirkt.mp4,0.9380041360855103
shjfguaqpo.mp4,0.4115336835384369
shjulwhnlm.mp4,0.2872331142425537
shjvyvtdfx.mp4,0.9872554540634155
shkufpxwqc.mp4,0.7284920811653137
shlxphgmtw.mp4,0.9896210432052612
shmmaeinqr.mp4,0.9899937510490417
shmrmyayzg.mp4,0.1026744693517685
shnsjssqqd.mp4,0.7873063087463379
shopbbapgj.mp4,0.9899998903274536
shphhzkequ.mp4,0.9850876331329346
shqazqmydw.mp4,0.9799613356590271
shqgzupjfp.mp4,0.653847873210907
shqiieiyiy.mp4,0.9899999499320984
shquhxqrtj.mp4,0.9835390448570251
shqyaiksak.mp4,0.9559934735298157
shrexvazoa.mp4,0.9205895662307739
shrpamtirw.mp4,0.10678528249263763
shrucywawd.mp4,0.7813851833343506
shsczgecay.mp4,0.8088715076446533
shsgrgvzuz.mp4,0.6369116306304932
shslgpeisw.mp4,0.12324321269989014
shsnskdgpz.mp4,0.9023469686508179
shtnxygjpt.mp4,0.9860384464263916
shulbptmvc.mp4,0.9876003265380859
shuqrvhhaq.mp4,0.9613527059555054
shvfupmrho.mp4,0.10182400047779083
shwkznunyp.mp4,0.9812119007110596
shwrvaktbs.mp4,0.9867875576019287
shwulrbsfx.mp4,0.41457298398017883
shxhsscqnj.mp4,0.9789202809333801
shygmutvzv.mp4,0.1360086053609848
shyjwprsso.mp4,0.6035370230674744
shzhktkbvn.mp4,0.8760350346565247
shzqiovptk.mp4,0.7566755414009094
siadyrvnsi.mp4,0.8035860061645508
sialmitpdk.mp4,0.9476571083068848
sibjrdfshj.mp4,0.9864649176597595
sibkoyqbfo.mp4,0.985317051410675
sibvnegdqq.mp4,0.9626424312591553
sicixwrnjs.mp4,0.7272096276283264
siczgqjhjv.mp4,0.9686305522918701
sidlthhuxy.mp4,0.968970537185669
siedibyuqy.mp4,0.9885760545730591
siexafxqln.mp4,0.9395081996917725
sifkmgsqun.mp4,0.37006786465644836
sifohlniaz.mp4,0.8799653053283691
sifsucjmgc.mp4,0.512204110622406
siggrdjgwd.mp4,0.4939626157283783
sigkkykscq.mp4,0.6820593476295471
sigtxuuutc.mp4,0.8462904095649719
sihwiashxa.mp4,0.6197980046272278
siilnbyjnc.mp4,0.985763430595398
sijcxhjtcp.mp4,0.6349432468414307
sijizvyfxi.mp4,0.18797658383846283
sijlkbmjws.mp4,0.9894280433654785
sijokvhcjl.mp4,0.5963037610054016
silyramuhb.mp4,0.9862711429595947
silyuhawvq.mp4,0.16257056593894958
simamsujuu.mp4,0.8911315202713013
simmveubsc.mp4,0.9751096367835999
simmvvxpyp.mp4,0.7797412872314453
simredhfhu.mp4,0.9799107313156128
sinekahldk.mp4,0.9900000095367432
sinfhganrv.mp4,0.12372428923845291
sinxhzrhie.mp4,0.8703104257583618
sioagbbntu.mp4,0.9804704189300537
siogvmoxpf.mp4,0.07084715366363525
sioiqldyvy.mp4,0.27102163434028625
siomdmqxni.mp4,0.9771045446395874
sipuxpudya.mp4,0.9895681738853455
sipwdoqlxx.mp4,0.982450008392334
siqgdrcjqj.mp4,0.9392735362052917
siqyydnfsk.mp4,0.9891007542610168
sirckcjmov.mp4,0.10720665007829666
sisthpviax.mp4,0.3677796721458435
sisymflqba.mp4,0.2278730571269989
sitgykbyzp.mp4,0.9875636696815491
situxkwdjn.mp4,0.9888761043548584
siuxbabsrb.mp4,0.5508154630661011
sivdiyqeli.mp4,0.6373761892318726
sivnraghku.mp4,0.9522799849510193
sivrgbsaog.mp4,0.7316074967384338
sivvpetfdd.mp4,0.965894341468811
sixdaqjkec.mp4,0.847703754901886
sixiznpihv.mp4,0.8026896715164185
siyfunllmn.mp4,0.9637121558189392
siysxtmtoz.mp4,0.9838098883628845
sizifwwpvf.mp4,0.8740913271903992
sjaaqwgppw.mp4,0.9867833852767944
sjagsjethf.mp4,0.45703673362731934
sjagubkwob.mp4,0.8587464690208435
sjaognjlom.mp4,0.8149716854095459
sjasadttqf.mp4,0.8785605430603027
sjbbazfacg.mp4,0.9900001287460327
sjbeccezmt.mp4,0.9605653285980225
sjbsbaxbxe.mp4,0.9900000095367432
sjcitromod.mp4,0.9887054562568665
sjdelgmcah.mp4,0.8279277086257935
sjdhexvtpc.mp4,0.9889122843742371
sjdirrbrkl.mp4,0.8692688345909119
sjeatjdyad.mp4,0.9759914875030518
sjeujtxgpf.mp4,0.920977771282196
sjfcvndbks.mp4,0.9734886288642883
sjgkzwbfmz.mp4,0.08698403090238571
sjgmmecazy.mp4,0.24663478136062622
sjhfvydhwq.mp4,0.721014678478241
sjhvhsfmro.mp4,0.9868575930595398
sjiixxiygu.mp4,0.941521406173706
sjijcmieny.mp4,0.986234188079834
sjikbuyuri.mp4,0.17874696850776672
sjjlxqqheh.mp4,0.9112785458564758
sjkcvwllmo.mp4,0.9689991474151611
sjkezsevou.mp4,0.9159261584281921
sjkiqaaqfr.mp4,0.951917827129364
sjkmxzwiod.mp4,0.9236207604408264
sjktolptzh.mp4,0.9899935722351074
sjmmxrngsy.mp4,0.3622699975967407
sjncxmpaib.mp4,0.9798628091812134
sjocionvvn.mp4,0.9884788393974304
sjooumwlzb.mp4,0.9522061944007874
sjqkqnazyt.mp4,0.9651614427566528
sjqrdyzkgl.mp4,0.17749248445034027
sjrljpcyzr.mp4,0.41701287031173706
sjrxvdbrtu.mp4,0.8917027711868286
sjrzrxttqy.mp4,0.975141704082489
sjsweftixr.mp4,0.11164171248674393
sjsyrijyvm.mp4,0.8470368385314941
sjthyqzihq.mp4,0.10632672905921936
sjudknssdn.mp4,0.9809219241142273
sjutrsymsg.mp4,0.9791200160980225
sjvpgwrbmv.mp4,0.176008939743042
sjweineqiv.mp4,0.9740316271781921
sjwhelhgyl.mp4,0.9819337129592896
sjwhlpivbd.mp4,0.9875192046165466
sjwkkkmaly.mp4,0.9371318221092224
sjwsvnowgf.mp4,0.8365980386734009
sjwuodezyh.mp4,0.9888182878494263
sjwvvfdfjy.mp4,0.9763370156288147
sjxdmdshzq.mp4,0.9900001287460327
sjygwkiceq.mp4,0.9375104904174805
sjyrdtjddq.mp4,0.6880089640617371
sjzauewezr.mp4,0.986903190612793
sjzhljyjdq.mp4,0.9662052989006042
sjziqvsvru.mp4,0.9750928282737732
sjzwpqupnm.mp4,0.9645963311195374
skahaiukmy.mp4,0.24668748676776886
skakwwbjdm.mp4,0.9468355178833008
skalsyxrln.mp4,0.10981403291225433
skaonlmqhz.mp4,0.09031146764755249
skarkrylhu.mp4,0.18106184899806976
skawlhnjsz.mp4,0.9899653792381287
skdehbnbvj.mp4,0.47195687890052795
skdsektask.mp4,0.9628162384033203
skdxovvbku.mp4,0.9898878931999207
skepxzvxnw.mp4,0.19205960631370544
skeucresjq.mp4,0.9511582255363464
skfjaptuon.mp4,0.9900001883506775
skfkkaenwv.mp4,0.9885048270225525
skfnhumwpn.mp4,0.9899998903274536
skguzmmvef.mp4,0.61135333776474
skhwruzxpu.mp4,0.9708682298660278
skihuvavvp.mp4,0.9900000095367432
skipjcgjjv.mp4,0.6955287456512451
skkcothrqz.mp4,0.9900000095367432
skkcsjxtse.mp4,0.7798845767974854
skmatemtcj.mp4,0.28380513191223145
skmwhprvoc.mp4,0.9823424816131592
skmzqadsyb.mp4,0.985805094242096
skniidvyeh.mp4,0.9875451326370239
skntktuabs.mp4,0.9764223098754883
sknvycxyan.mp4,0.15120218694210052
skobpbclau.mp4,0.8910929560661316
skoxffalth.mp4,0.854444682598114
skpftgvojr.mp4,0.9900000095367432
skqeqgflvx.mp4,0.9821935296058655
skqkyvogku.mp4,0.9575045108795166
skrqoagxle.mp4,0.9716009497642517
sktnefogwf.mp4,0.766987144947052
skuizldlru.mp4,0.2136128842830658
skunjwijoh.mp4,0.4314115643501282
skussyicyg.mp4,0.8782585859298706
skusxkzfrg.mp4,0.9900000095367432
skvnmeboyq.mp4,0.9899999499320984
skvplilbid.mp4,0.9892033338546753
skvzvtmqvw.mp4,0.38855668902397156
skwbzxjptd.mp4,0.9635518789291382
skwdeiwkhv.mp4,0.9874434471130371
skwmrskbtg.mp4,0.08470670878887177
skxbhcoley.mp4,0.9899246692657471
skxbtzvszf.mp4,0.983706533908844
skxkwpiivm.mp4,0.9153406620025635
skxpvgzpsa.mp4,0.8747677206993103
skxqrexqsp.mp4,0.8548955321311951
skxxieofmi.mp4,0.6853993535041809
skyswnvwfx.mp4,0.9449220895767212
skyyjikwrg.mp4,0.9402940273284912
skzqihmzjp.mp4,0.9898477792739868
slajgzvwzz.mp4,0.9897780418395996
slakzltuxq.mp4,0.7193873524665833
slbbuysyhe.mp4,0.9044599533081055
slbhiftdwk.mp4,0.9873412251472473
slbhraklcc.mp4,0.700244128704071
slbloafxus.mp4,0.9762397408485413
sldbbzftyw.mp4,0.19842608273029327
sldhoyqmqo.mp4,0.9447187781333923
sldnhnzehl.mp4,0.15197700262069702
sldpkwpzsc.mp4,0.9878100156784058
sldrngkvwj.mp4,0.9676250219345093
sleakeetov.mp4,0.10337439179420471
slemzgdhro.mp4,0.9876139760017395
slexuatzxj.mp4,0.6162590384483337
sleykxpevy.mp4,0.4177253842353821
slfrhqozlm.mp4,0.8216346502304077
slfrlepduf.mp4,0.9176775813102722
slfwivhnle.mp4,0.989151120185852
slghgyzahi.mp4,0.9885396361351013
slgnpdundj.mp4,0.9594895243644714
slgoaebcqo.mp4,0.2143149971961975
slgylvmzba.mp4,0.9894818067550659
slhibizexb.mp4,0.9287883043289185
slhiikrbyx.mp4,0.985935389995575
slhyfbfdhb.mp4,0.9786482453346252
slidqcvoii.mp4,0.9207174777984619
slillojong.mp4,0.14351999759674072
sliucntfgl.mp4,0.1864248514175415
slixispipy.mp4,0.9833015203475952
sljvslcggd.mp4,0.9730545282363892
sljvxlngbn.mp4,0.5167372822761536
slkehjusli.mp4,0.987513542175293
slkxvzdonv.mp4,0.7530747652053833
slljlqjygl.mp4,0.403720885515213
slljlunhug.mp4,0.7137632369995117
sllwodvjum.mp4,0.970346212387085
slncbitmka.mp4,0.18732336163520813
slnkiessak.mp4,0.2703816592693329
slnlvmukiz.mp4,0.7728156447410583
slnlvscqdq.mp4,0.9900000095367432
slnqupqyjj.mp4,0.9868577718734741
slnrvwkeaj.mp4,0.8774672150611877
slnyhzkrea.mp4,0.36390164494514465
slodzfhvbo.mp4,0.9824957847595215
sloltmctwu.mp4,0.8350885510444641
slpnmekswx.mp4,0.9773179888725281
slppdghltj.mp4,0.6506365537643433
slpxqmwuqm.mp4,0.969850480556488
slqosdknze.mp4,0.6882073283195496
slreuysmqz.mp4,0.7839221358299255
slruxtzosd.mp4,0.9697479605674744
slrzqogyeq.mp4,0.5564225912094116
slsdljxgjy.mp4,0.9736709594726562
slskowjlax.mp4,0.5929001569747925
slsyjvgfpu.mp4,0.9360941648483276
slszaqrlte.mp4,0.9879030585289001
sltburykjp.mp4,0.7728081941604614
sltwrisrjk.mp4,0.9577084183692932
sltyddkiak.mp4,0.9544680714607239
sluipdtmdh.mp4,0.23234526813030243
slulwkuggs.mp4,0.6345460414886475
sluspabdog.mp4,0.9884617328643799
sluwywdyip.mp4,0.18365830183029175
slvcfpalev.mp4,0.10410398244857788
slvfmkhsuf.mp4,0.12615567445755005
slwnpiwesu.mp4,0.9863874316215515
slxdynmjqw.mp4,0.181169331073761
slxeuszqnx.mp4,0.9116536974906921
slyyfctglt.mp4,0.9076427817344666
slzpmvafvy.mp4,0.8306888341903687
smafloqmot.mp4,0.8669811487197876
smahhtkiqd.mp4,0.10120803862810135
smbwklqmca.mp4,0.9591509699821472
smcaedowkf.mp4,0.9776438474655151
smcdunqkaw.mp4,0.7474886178970337
smclyyspli.mp4,0.9531573057174683
smcuubkkig.mp4,0.3720591366291046
smcyybtwrp.mp4,0.07027900964021683
smeawqunuq.mp4,0.881744921207428
smehtpwbzy.mp4,0.9287915825843811
smemmrfxyd.mp4,0.9735591411590576
smeonozvfq.mp4,0.1153726801276207
smevricgci.mp4,0.30977123975753784
smfadvqqlu.mp4,0.7298713326454163
smgbohjurd.mp4,0.9891869425773621
smhmwffveg.mp4,0.9831538796424866
smigwcfxxf.mp4,0.9470452070236206
smilxcljmf.mp4,0.9808933138847351
smjbjprumz.mp4,0.9707642793655396
smjvgjlvzh.mp4,0.9016814231872559
smkpttaqlr.mp4,0.9852919578552246
smkxbyrcma.mp4,0.5984386205673218
smkxoeasyl.mp4,0.13741084933280945
smlitsmghh.mp4,0.91943359375
smlizabomm.mp4,0.9796290397644043
smljfzntha.mp4,0.2937597632408142
smlkevdmyi.mp4,0.9899999499320984
smlthcmbvz.mp4,0.3253800868988037
smmdunggfg.mp4,0.38283491134643555
smmhreaylg.mp4,0.9781283736228943
smmncdmemv.mp4,0.7718886137008667
smnqzesmsk.mp4,0.6747806072235107
smowxigmfr.mp4,0.5919265747070312
smplgjukxl.mp4,0.2272593230009079
smpozqlbuo.mp4,0.7510188221931458
smpspdupbh.mp4,0.792402982711792
smptxlklxc.mp4,0.2002267837524414
smpzwkmmbe.mp4,0.671256959438324
smqxlvnouf.mp4,0.9890779852867126
smrdjziwad.mp4,0.9518982768058777
smsiqaqyer.mp4,0.27599096298217773
smsxazmowk.mp4,0.7622949481010437
smthduyjzz.mp4,0.9421308636665344
smtopnqeiw.mp4,0.9865965247154236
smtvfdewyn.mp4,0.9812610149383545
smuhnskvma.mp4,0.9652000069618225
smvrstqifd.mp4,0.7345910668373108
smwnoimfqu.mp4,0.7048851847648621
smwpthfdcd.mp4,0.9045600891113281
smwtoljkcd.mp4,0.9669569134712219
smxftvdptl.mp4,0.9894315004348755
smxhvrjiqk.mp4,0.1728915572166443
smxifhpxtv.mp4,0.9412289261817932
smxmfmyhiy.mp4,0.9468655586242676
smyyyyqrux.mp4,0.9704979658126831
smztqqioaj.mp4,0.987786054611206
snacjldsed.mp4,0.8047640323638916
snbayparzv.mp4,0.1868423968553543
snbjavluci.mp4,0.37756863236427307
snbprwnjcr.mp4,0.1454000324010849
sncvyenkxe.mp4,0.9521523714065552
sndgthpewi.mp4,0.4066050946712494
sndmvzbufc.mp4,0.9749041795730591
sndxykdojj.mp4,0.17933520674705505
snehddaher.mp4,0.9851776957511902
snenbdxyaz.mp4,0.9198855757713318
snervnvqel.mp4,0.9873200058937073
snesygifla.mp4,0.11367299407720566
snfdzaqirq.mp4,0.9879964590072632
snfqbkihqn.mp4,0.8877783417701721
sngcdvisjk.mp4,0.4147138297557831
sngolnoxhz.mp4,0.977084755897522
snheolxmzs.mp4,0.7365947365760803
snhorjifjz.mp4,0.898337185382843
snidpujjti.mp4,0.20329806208610535
snjcinquse.mp4,0.5126732587814331
snjgutkulg.mp4,0.9858115911483765
snkpjieurz.mp4,0.9895920753479004
snkrtwndpc.mp4,0.9770936965942383
snkwzajnab.mp4,0.9886454939842224
snlhedivvu.mp4,0.11643090099096298
snliqflqyq.mp4,0.8522682189941406
snlkormodl.mp4,0.6439853310585022
snnimrntco.mp4,0.9891400337219238
snnipswsol.mp4,0.9851000308990479
snodvycutq.mp4,0.25117042660713196
snphwtfljw.mp4,0.9900000095367432
snqfngvbqz.mp4,0.8340095281600952
snqseknzpx.mp4,0.11238241195678711
snrgbdpxag.mp4,0.9120565056800842
snrmqmqsfe.mp4,0.1384151130914688
snrpgvxncx.mp4,0.9700813293457031
snrvdywggj.mp4,0.46446070075035095
snsgacnmvy.mp4,0.8696326613426208
snsgnxrygs.mp4,0.7305416464805603
snskjzblqd.mp4,0.13994106650352478
snsrdzneby.mp4,0.9896126985549927
snttyfdjsu.mp4,0.6376835703849792
snucmecdyr.mp4,0.9645885825157166
snugcdumnl.mp4,0.8549445867538452
snupjxpwcy.mp4,0.9899999499320984
snuxbdurdj.mp4,0.302668958902359
snuznpiumj.mp4,0.9708186388015747
snwvzbrgvg.mp4,0.9638426303863525
snwwydmiyh.mp4,0.9802616238594055
snwzkbimkr.mp4,0.9429503083229065
snxejjcjkx.mp4,0.9893556237220764
snzfbtmchf.mp4,0.1126159131526947
snzgrhwegl.mp4,0.9776601195335388
snzyifwhot.mp4,0.982934832572937
soafivngii.mp4,0.8191755414009094
soamkgxcum.mp4,0.9334360361099243
soauthuntn.mp4,0.7877258658409119
sobgfhhcam.mp4,0.9714121222496033
socandsxpw.mp4,0.9319077730178833
socbtjsjze.mp4,0.12486148625612259
sochasndqj.mp4,0.7637861371040344
socnoafqic.mp4,0.9707860350608826
socvglqdgm.mp4,0.9143622517585754
soegooiqam.mp4,0.41459038853645325
soellqnrep.mp4,0.15245434641838074
soescagcut.mp4,0.663196325302124
sofgwqaoti.mp4,0.9663490056991577
sofsttmbpk.mp4,0.6473658680915833
sogeignvip.mp4,0.5
sogpjykjlz.mp4,0.8690410852432251
sohvhralvd.mp4,0.8469151854515076
soipgztqut.mp4,0.9858500957489014
soiutmwegq.mp4,0.8650893568992615
sojicsvmej.mp4,0.9899999499320984
sokqvwhjwh.mp4,0.17291367053985596
soladmqunl.mp4,0.9900000691413879
solgarzvhx.mp4,0.9735164046287537
solncvzbgn.mp4,0.30914363265037537
somlurimwl.mp4,0.10857399553060532
somqriispa.mp4,0.11390125751495361
sondipaqyg.mp4,0.10986414551734924
sookyepgdl.mp4,0.8376200795173645
sopashzpkk.mp4,0.669721782207489
sopmqwhfrn.mp4,0.9897550940513611
sopuwjzgpq.mp4,0.9697412252426147
soqxyqltcn.mp4,0.8895660042762756
sorhdrehkz.mp4,0.9660124778747559
sorxgzzrmg.mp4,0.9898473620414734
sosbijzxbb.mp4,0.9883791208267212
sotclwmskg.mp4,0.8909798264503479
sotfronkgb.mp4,0.14199507236480713
souczoeetc.mp4,0.9593170285224915
soufokgujx.mp4,0.9778909087181091
sovawuhact.mp4,0.9365248084068298
sovkehyqry.mp4,0.9893984198570251
sowargwatp.mp4,0.9611316323280334
sowmxypmbs.mp4,0.9862093925476074
sowuyjudky.mp4,0.2934914231300354
soyrktqznj.mp4,0.9147725701332092
sozoqczsux.mp4,0.7852548956871033
sozpcjmebz.mp4,0.9873800873756409
spajtbokup.mp4,0.9681082367897034
spastqbytw.mp4,0.9890705943107605
spccmwkksz.mp4,0.24385811388492584
spcdbvjeir.mp4,0.9142375588417053
spcmarknmw.mp4,0.8963289260864258
spdjblprnu.mp4,0.8539178371429443
spelnjjqqo.mp4,0.7670227885246277
spfbdwnnvk.mp4,0.9900001287460327
spgmcfrisi.mp4,0.13230152428150177
spigbvvxgf.mp4,0.08795785903930664
spjhfgahuw.mp4,0.9900000095367432
spjlpgrvwg.mp4,0.9879574775695801
spkgpjvbfh.mp4,0.969387412071228
spkopdnnkf.mp4,0.9547024965286255
spkorcenyh.mp4,0.9677798748016357
spkpmiozgf.mp4,0.7469592094421387
spnaichhhe.mp4,0.9486995935440063
spnpdtvuyr.mp4,0.9900000095367432
spoushvthu.mp4,0.9852743148803711
spqcmedyou.mp4,0.6564555168151855
spqjmzvjtv.mp4,0.15397250652313232
spqqrjvrlf.mp4,0.9333937168121338
sprbzuxvns.mp4,0.9623538255691528
sprejlmapw.mp4,0.9303258657455444
sprylmddah.mp4,0.9900000691413879
spscubqzrl.mp4,0.26316991448402405
spswtgazix.mp4,0.8125054836273193
sptqnpgeys.mp4,0.9326785206794739
sptqsljymy.mp4,0.9146410226821899
spuinvajyz.mp4,0.8449332118034363
spukimfmxx.mp4,0.9879572987556458
spumxhysym.mp4,0.950539767742157
spvgqcprzb.mp4,0.9851985573768616
spvkgtkjvh.mp4,0.9841659665107727
spvwezgsru.mp4,0.9865108728408813
spvzwtearm.mp4,0.9765074849128723
spxxylhqyh.mp4,0.9886246919631958
spyksrxwuh.mp4,0.7532490491867065
spylpkmhwj.mp4,0.828588604927063
spytdimvtn.mp4,0.699187159538269
spywfjcdga.mp4,0.9823715090751648
spyywqsozg.mp4,0.9696605205535889
spyzdfjgts.mp4,0.9647120833396912
spzchgewcf.mp4,0.6123305559158325
spzdrkbtol.mp4,0.9877267479896545
spzimtziqe.mp4,0.7218390703201294
spzmteogiy.mp4,0.9861959218978882
spzooclodg.mp4,0.9654428958892822
spzrkdkkte.mp4,0.08869393169879913
sqbbihqvaz.mp4,0.7142652273178101
sqbggtbiah.mp4,0.1477847546339035
sqbuqpxvtt.mp4,0.8915891647338867
sqcryidszu.mp4,0.9707309007644653
sqdykqrxtb.mp4,0.9547702074050903
sqfftygvgp.mp4,0.9344894886016846
sqhjpqcnjv.mp4,0.8840051293373108
sqhniznryi.mp4,0.8843058943748474
sqhodapoug.mp4,0.9584063291549683
sqhtbcpgtz.mp4,0.9066900014877319
sqhxvknkvb.mp4,0.7863591909408569
sqhzwhqthe.mp4,0.9492813944816589
sqichkhscx.mp4,0.6688258051872253
sqiwlaezeo.mp4,0.9817654490470886
sqjeadluoe.mp4,0.9881274700164795
sqjuzztmxk.mp4,0.988335132598877
sqkgesaxlh.mp4,0.9900000691413879
sqlipvvjgu.mp4,0.18466390669345856
sqlobantyy.mp4,0.23518896102905273
sqlorbbbgm.mp4,0.856697678565979
sqmarjoyas.mp4,0.9580599069595337
sqmvtmdteh.mp4,0.9300428032875061
sqnlfpydsm.mp4,0.8615850806236267
sqnstcwydo.mp4,0.9900000095367432
sqnxpftnzf.mp4,0.9069517254829407
sqoapfxtpk.mp4,0.9622512459754944
sqpevzmjpt.mp4,0.9859095215797424
sqqamveljk.mp4,0.1806754767894745
sqqzvxjviz.mp4,0.3406809866428375
sqrjoqavds.mp4,0.9252651333808899
sqroobfhid.mp4,0.9713850021362305
sqsbuaptuj.mp4,0.8700538873672485
sqsiohuulc.mp4,0.9684481024742126
sqsufyhscy.mp4,0.9878228306770325
sqsxyvqjdq.mp4,0.6536789536476135
sqtolgjqgy.mp4,0.9812569618225098
sqtujfkdfd.mp4,0.9888931512832642
squxcnsyam.mp4,0.9899975657463074
sqvijifncv.mp4,0.1342281550168991
sqvstmunit.mp4,0.9063088893890381
sqwbentvzg.mp4,0.10377594828605652
sqwihacezb.mp4,0.6748960614204407
sqxylnymep.mp4,0.9070286750793457
sqybetzlkm.mp4,0.894434928894043
sqyvwvexrr.mp4,0.8674732446670532
sqyvzzmimv.mp4,0.964295506477356
sqyyclnwas.mp4,0.1781141459941864
sqzembikvw.mp4,0.15818814933300018
sqzyhhhgii.mp4,0.5839679837226868
sqzzafvbxy.mp4,0.40955424308776855
sradvolkvk.mp4,0.9860551953315735
srawpiehbc.mp4,0.8019462823867798
srbddtbigw.mp4,0.9255905151367188
srcohkaswn.mp4,0.3866613805294037
srdpkrzyew.mp4,0.9900000095367432
sreffgmknl.mp4,0.9900000691413879
sreiqrloia.mp4,0.3062628209590912
srfptlpwyr.mp4,0.9900000095367432
srfvwcbegl.mp4,0.9899998903274536
srgbuihjgq.mp4,0.9755116105079651
srhulryoad.mp4,0.9464080333709717
sricfzqjtp.mp4,0.9847437739372253
srioodmtmm.mp4,0.849070131778717
srjaoppiqr.mp4,0.9858165979385376
srjkmsfwin.mp4,0.984798789024353
srkhkdnule.mp4,0.14050006866455078
srkrptntea.mp4,0.9704620242118835
srkxvsdvdn.mp4,0.9694286584854126
srlbhqggbu.mp4,0.8856827616691589
srlilcjhaf.mp4,0.7330880761146545
srlnuziqxc.mp4,0.9889740347862244
srlxrlvpbk.mp4,0.9584630131721497
srmsbgbeqi.mp4,0.23153893649578094
srnjwggrnt.mp4,0.18063883483409882
srnwomifzx.mp4,0.9413453936576843
sropiogmvg.mp4,0.981424868106842
sropjlupxe.mp4,0.9543731212615967
srpehzessc.mp4,0.08595863729715347
srqdeqtxmw.mp4,0.7585971355438232
srqkmuobpy.mp4,0.18155108392238617
srqmqibqed.mp4,0.9858956336975098
srrhsfcpcr.mp4,0.0811225026845932
srrtsgtkip.mp4,0.7735527753829956
srruzmpcpz.mp4,0.9259267449378967
srsadmspmy.mp4,0.9688307642936707
srscvsfyei.mp4,0.9891635775566101
srsustslnp.mp4,0.9121249318122864
srtwhbzzlr.mp4,0.9678601026535034
srtwszxrqc.mp4,0.2480309009552002
srvunlalon.mp4,0.9838206171989441
srwiwctzng.mp4,0.787281334400177
srwzavkija.mp4,0.9848611354827881
srxigfckvw.mp4,0.9896597862243652
sryzapzbbw.mp4,0.9878436326980591
srzatvffqu.mp4,0.5641469359397888
srzmayhxen.mp4,0.9052566289901733
srzrquplty.mp4,0.11190911382436752
ssbotgnhqb.mp4,0.9706580638885498
ssbzkbrcto.mp4,0.921847939491272
sscbgwhmru.mp4,0.7932823300361633
sscrakrzom.mp4,0.15215426683425903
sseaemazyk.mp4,0.8132326006889343
ssebqpbtir.mp4,0.9285117983818054
ssfrqmkeoo.mp4,0.9787463545799255
ssicvpawtz.mp4,0.4730924367904663
ssizsnovcj.mp4,0.9898107051849365
ssjpogjprj.mp4,0.9694784283638
sskrmxktha.mp4,0.8592938184738159
ssktcfblwf.mp4,0.8582571744918823
sskuuyfrmu.mp4,0.9455368518829346
sslobhtwdy.mp4,0.7783529162406921
sslrtrxyaj.mp4,0.9897290468215942
sslsctgqve.mp4,0.9849364757537842
ssluyhpcqp.mp4,0.9846864938735962
ssmsaqcwou.mp4,0.9457753300666809
ssngqzuzig.mp4,0.5239949822425842
ssogfzhjyl.mp4,0.5986306667327881
ssoranznrw.mp4,0.8676210641860962
ssoutkswgl.mp4,0.9158468246459961
ssouvrkjhl.mp4,0.16734616458415985
ssovnbhhid.mp4,0.9761946201324463
ssoyfcbatv.mp4,0.15353578329086304
sspgsqwcdr.mp4,0.9275612831115723
ssplazhosb.mp4,0.9071208834648132
sspmqvcejh.mp4,0.9141349196434021
ssqpuzwjsg.mp4,0.9867627620697021
ssrnztvqbz.mp4,0.9211559295654297
ssrztvkhdi.mp4,0.9773129820823669
sssrdltekp.mp4,0.8382718563079834
ssttgbbvni.mp4,0.9900000691413879
ssumpmrbdi.mp4,0.5602582693099976
ssuztxupnh.mp4,0.9894450902938843
ssvwugigpz.mp4,0.9836345314979553
sswasyoxlg.mp4,0.9438511729240417
sswbgeyxmx.mp4,0.19849872589111328
sswhgeqjrt.mp4,0.2345997393131256
sswnqnmdub.mp4,0.7467278838157654
ssxiuiksqx.mp4,0.9760290384292603
ssxnvxdpur.mp4,0.983778715133667
ssxqypkahm.mp4,0.9565542936325073
ssxwzxmmzc.mp4,0.8698326945304871
ssxyggaqxc.mp4,0.8622753024101257
ssyaqyuyxa.mp4,0.9738775491714478
ssyfgvngrn.mp4,0.9383438229560852
ssztffswml.mp4,0.9829886555671692
sszvuoxyuc.mp4,0.8295732736587524
stamaaoxht.mp4,0.9803266525268555
staykvhzvl.mp4,0.9366157054901123
stbgmbcqid.mp4,0.9070400595664978
stdavraahk.mp4,0.2104254812002182
stdgophtxj.mp4,0.9785663485527039
stehhhvplr.mp4,0.9333593249320984
stfqbsbvfy.mp4,0.9633057117462158
stfsoattfs.mp4,0.9372639060020447
sthjxgskpg.mp4,0.15027916431427002
stjcaikbkq.mp4,0.8824208974838257
stkqpavaxn.mp4,0.3364064693450928
stkxixvyub.mp4,0.9844555258750916
stldzhoszg.mp4,0.8523992300033569
stmmmyhjxl.mp4,0.9216258525848389
stmqpsakem.mp4,0.7259386777877808
stmwtebvpy.mp4,0.3307436406612396
stnaintcgr.mp4,0.9374250769615173
stnccawemg.mp4,0.8141764998435974
stnzxqrspy.mp4,0.5198943614959717
stodmioasm.mp4,0.9554413557052612
stomqqpyct.mp4,0.985859751701355
stopgeenru.mp4,0.979867160320282
stpjxyxagl.mp4,0.22597703337669373
stqifjbqsh.mp4,0.9572070837020874
stqkltbfvp.mp4,0.9898377060890198
stqvudqrdo.mp4,0.9200964570045471
stsqvujmwd.mp4,0.3209088444709778
sttgmrqpec.mp4,0.6881961822509766
sttjzwvvnu.mp4,0.37756863236427307
sttoamngtq.mp4,0.21659210324287415
stwaypekwh.mp4,0.1527056246995926
stwviayefj.mp4,0.9550885558128357
styfekwufb.mp4,0.9582352042198181
stylurlpxy.mp4,0.9392667412757874
styopusbgb.mp4,0.9893991351127625
styrkhiknj.mp4,0.966977059841156
stzjetaupj.mp4,0.11582834273576736
suazhhjuky.mp4,0.9412606954574585
sucjotwrhv.mp4,0.39095714688301086
sucwanurae.mp4,0.814848005771637
sudsxgrwba.mp4,0.11498712748289108
sudzolvppu.mp4,0.23146836459636688
suekqxrbni.mp4,0.9867753386497498
suemlhslqm.mp4,0.2597147226333618
sufadfttzf.mp4,0.9651117324829102
sufgpikzsg.mp4,0.443487286567688
suficmeiul.mp4,0.15717244148254395
sufjxebsut.mp4,0.7618907690048218
sufujtnmxd.mp4,0.11221817880868912
suglpnnlng.mp4,0.9762117266654968
sugshhjwsn.mp4,0.8076460957527161
suheohirvj.mp4,0.9884481430053711
suicnzjtcc.mp4,0.7045930624008179
suigngiafa.mp4,0.9849831461906433
suikcitbln.mp4,0.9359533786773682
suixjnubqo.mp4,0.9841287732124329
sujpsdbziz.mp4,0.9514706134796143
sujzalcsvb.mp4,0.9890683889389038
sukzzxgxvh.mp4,0.7850543260574341
suljkkkfwc.mp4,0.9900000095367432
sulxgycexe.mp4,0.960104763507843
suohrphvbe.mp4,0.7529510855674744
suohvxwqcy.mp4,0.14911465346813202
suorubswku.mp4,0.9322615265846252
suosinpxee.mp4,0.957493782043457
suoxrhzujc.mp4,0.15807001292705536
supzxjddnc.mp4,0.49734875559806824
surdndtyhp.mp4,0.8018964529037476
surihbpbeg.mp4,0.9885326027870178
surnrvfnae.mp4,0.9680295586585999
sursqqaznx.mp4,0.9304698705673218
surxrjjvfg.mp4,0.8809651136398315
susdceyusi.mp4,0.9478731155395508
sutlgxydvi.mp4,0.719349205493927
sutpvknvml.mp4,0.5929865837097168
sutxeagjoo.mp4,0.9698278903961182
suujykbbdx.mp4,0.8801196217536926
suunedqyxl.mp4,0.9893653392791748
suuohkqlkb.mp4,0.9872925877571106
suuozdgqgv.mp4,0.9900000691413879
suurdgtysl.mp4,0.8143258094787598
suuvjyupkt.mp4,0.977491557598114
suvvyowajw.mp4,0.8828018307685852
suwioqfhdm.mp4,0.9771268963813782
suwndzsylo.mp4,0.9632990956306458
suwwmmypru.mp4,0.9888204336166382
suxhgeshgd.mp4,0.9395638704299927
suxlwssckc.mp4,0.9882404208183289
suyjqrvoon.mp4,0.8130165338516235
suyvzrnihk.mp4,0.9768534302711487
suzowftflr.mp4,0.7005746960639954
svafvyukgb.mp4,0.324939489364624
svayozshlw.mp4,0.7608616948127747
svbdiucoph.mp4,0.7035579085350037
svdlbqqjlf.mp4,0.9891422390937805
svduthpfjd.mp4,0.9899746775627136
svdzgbnpjj.mp4,0.9752566814422607
svehemyhnb.mp4,0.9710202813148499
svehewpgdc.mp4,0.8592790365219116
svemdbepfv.mp4,0.8772640824317932
svfecjdcxx.mp4,0.9311104416847229
svfxtdzvtv.mp4,0.9789661765098572
svggomahgg.mp4,0.9848766326904297
svgtieoevd.mp4,0.9899999499320984
svhamkfnya.mp4,0.9897740483283997
svhskhpjde.mp4,0.958823561668396
sviexytuuo.mp4,0.5985521674156189
svjmgnhaiw.mp4,0.8873155117034912
svjwnflmfw.mp4,0.12110666930675507
svlmacfffr.mp4,0.38116195797920227
svlrwdshik.mp4,0.7694876790046692
svmgbkjvhz.mp4,0.1821456402540207
svmhzxlabo.mp4,0.8910861611366272
svmscjzeyo.mp4,0.921210527420044
svngfajlmf.mp4,0.9732905626296997
svodvlwnpg.mp4,0.981563150882721
svofzaylsp.mp4,0.985832154750824
svpjthtuss.mp4,0.9859516024589539
svpniozebk.mp4,0.9877816438674927
svpquewaph.mp4,0.9541530609130859
svqhsezhiv.mp4,0.9831318855285645
svqkfjfucw.mp4,0.9740688800811768
svqrpveliu.mp4,0.9786401391029358
svquzcvxvt.mp4,0.9698236584663391
svqymonojx.mp4,0.2111319601535797
svrhfpcdws.mp4,0.9357284903526306
svsqmlgoch.mp4,0.9865760803222656
svtcfskbrf.mp4,0.9778217077255249
svtffdosqc.mp4,0.1567709743976593
svtnilogao.mp4,0.7655075192451477
svuccelljy.mp4,0.7330759763717651
svufiqglan.mp4,0.9607883095741272
svwfjarqgy.mp4,0.9798608422279358
svwpjzdgvv.mp4,0.9378824830055237
svwudbkbxq.mp4,0.10540192574262619
svwvmjonbp.mp4,0.9446033835411072
svxnxjcxwb.mp4,0.833156943321228
svxsnwkvdt.mp4,0.8452820777893066
svygeyqbor.mp4,0.9453796148300171
svyrunawef.mp4,0.8900949358940125
svznqnzzqj.mp4,0.9896758198738098
svzuyqhqmn.mp4,0.98775315284729
swadapvqlf.mp4,0.298482745885849
swbiogmgun.mp4,0.12564830482006073
swbkiqkbaz.mp4,0.9604461193084717
swciiqrzor.mp4,0.9898390173912048
sweeqbjgrm.mp4,0.9681122303009033
sweozakmmi.mp4,0.24527662992477417
swfcriykur.mp4,0.9697448015213013
swfifgmhev.mp4,0.9507293105125427
swhkpualmx.mp4,0.9478285908699036
swhwvoopzb.mp4,0.7439569234848022
swidhipsqt.mp4,0.9899828433990479
swidxlhpft.mp4,0.7685818672180176
switcinffz.mp4,0.9675912857055664
swjecizpwt.mp4,0.8416138291358948
swjenidcez.mp4,0.9877110123634338
swjwcrfkbo.mp4,0.9814381003379822
swktkvkwcp.mp4,0.8246068954467773
swktwteccp.mp4,0.08167974650859833
swkyzqsmoq.mp4,0.9847069382667542
swmkcwcmdh.mp4,0.9833783507347107
swmreanmmk.mp4,0.711877167224884
swmstxyjbg.mp4,0.9702644348144531
swmxertoxu.mp4,0.9616848230361938
swogbtsrkk.mp4,0.9825125932693481
swqmnvzkgv.mp4,0.980276346206665
swqtkkpdkq.mp4,0.7873350977897644
swrnkafksr.mp4,0.8724135756492615
swrxkntcpi.mp4,0.10824646055698395
swskulmtas.mp4,0.9900000095367432
swsvmalmmz.mp4,0.8276801109313965
swsyliplgf.mp4,0.6194044947624207
swucolsqxc.mp4,0.1407662332057953
swugkajjis.mp4,0.08861791342496872
swujnifgsf.mp4,0.9723978638648987
swuuzrjsbb.mp4,0.9816677570343018
swuvceecmj.mp4,0.9356995820999146
swwkljegll.mp4,0.15264548361301422
swwudagxer.mp4,0.9622449278831482
swxoosqtkl.mp4,0.17317606508731842
swykyghrpt.mp4,0.4273633360862732
swyucxjgbj.mp4,0.9821944236755371
swzqsqbbuz.mp4,0.10775049030780792
sxacwoqctx.mp4,0.9631447792053223
sxahdsbpsa.mp4,0.17254222929477692
sxannttcvw.mp4,0.4129708409309387
sxavyfcdcq.mp4,0.19400961697101593
sxaxltemxl.mp4,0.9759714007377625
sxbfdmebrp.mp4,0.13315869867801666
sxbffmmoqo.mp4,0.9656713604927063
sxdmqrhrzn.mp4,0.976254940032959
sxebhsszpr.mp4,0.9897735118865967
sxebnpmpjh.mp4,0.8712228536605835
sxfeteoqpr.mp4,0.8122135996818542
sxfkdrznan.mp4,0.517298698425293
sxfoaajecn.mp4,0.10707107931375504
sxfxiyffyj.mp4,0.8092654943466187
sxgdjvfkgj.mp4,0.8806557059288025
sxgvftmczr.mp4,0.872596800327301
sxhcthylvd.mp4,0.9541512727737427
sxhexjgzdl.mp4,0.9897034168243408
sxhtbljghi.mp4,0.9229408502578735
sxhvpfpkgs.mp4,0.9557251930236816
sxkcactoic.mp4,0.6001338958740234
sxketjxinx.mp4,0.9479297399520874
sxkffuoxyi.mp4,0.9899314641952515
sxkkwgghqz.mp4,0.9315961599349976
sxlgqmhstj.mp4,0.8102224469184875
sxltuzpcxj.mp4,0.8244619965553284
sxlywoqfic.mp4,0.9609372615814209
sxmggjuqhi.mp4,0.9757336974143982
sxmjhbrswr.mp4,0.33698856830596924
sxmqvznwwq.mp4,0.12414754927158356
sxnhvmsjje.mp4,0.9739817380905151
sxnqynxdpd.mp4,0.7149069905281067
sxnvaogirf.mp4,0.19192001223564148
sxobmauqtc.mp4,0.8355633616447449
sxovehtehh.mp4,0.9897705912590027
sxpbnfsqgj.mp4,0.965827226638794
sxpdhycvie.mp4,0.967134416103363
sxpegjsjzy.mp4,0.9869047403335571
sxpufxocnw.mp4,0.0938839539885521
sxsbxvtrtw.mp4,0.9371289014816284
sxucmzlqvu.mp4,0.9815093278884888
sxuvpygveh.mp4,0.9042733311653137
sxuzdfzoon.mp4,0.9896532297134399
sxviarxvdv.mp4,0.9064812064170837
sxvuibwyki.mp4,0.9785018563270569
sxwjyxvozg.mp4,0.9898594617843628
sxxklmhcma.mp4,0.13095299899578094
sxxksrnvld.mp4,0.1251438409090042
sxxzkpmwfb.mp4,0.8928395509719849
sxyydjyziy.mp4,0.9878959059715271
sxzbmbaqhs.mp4,0.8735330104827881
sxzddbulvt.mp4,0.24540013074874878
sxzpkemmcc.mp4,0.9869006872177124
sxzqyvwgkd.mp4,0.9899999499320984
sxzrrnxzzs.mp4,0.9247152805328369
sxztqqxouc.mp4,0.9696980118751526
syaggwdftn.mp4,0.9073102474212646
syaspnptuk.mp4,0.9888870120048523
syauamddit.mp4,0.9574087262153625
sycdyrhpxh.mp4,0.7859560251235962
sycnsgxyxp.mp4,0.6420262455940247
sydmxkinkc.mp4,0.9296440482139587
syeabhanwc.mp4,0.8682973980903625
syeeipcyhk.mp4,0.9466376304626465
syemrecplt.mp4,0.9757958650588989
syemxznzhs.mp4,0.8587259650230408
syewknbemq.mp4,0.24190054833889008
syfasdjogh.mp4,0.3496023118495941
syfzjjdmxh.mp4,0.6309600472450256
sygqcvmttw.mp4,0.4628719389438629
sygwvvspiu.mp4,0.1254863142967224
sygzgdyvpq.mp4,0.9837687611579895
syhcgmzbeg.mp4,0.9733321070671082
syhzdgxcne.mp4,0.21410422027111053
syijbkakrt.mp4,0.7714576125144958
syijyhegoo.mp4,0.972983181476593
syjugbmlfh.mp4,0.8592522144317627
sykcwrqtxy.mp4,0.9154787063598633
sykgxdxhzv.mp4,0.4817914664745331
sykzeetoct.mp4,0.9327817559242249
sylaknjpkx.mp4,0.9838348031044006
sylkeidflp.mp4,0.753171443939209
sylpwdycuf.mp4,0.9094167947769165
synotequif.mp4,0.9897013306617737
synptkekgs.mp4,0.9840731024742126
syosxhfgyr.mp4,0.38497477769851685
syperuofbv.mp4,0.8896045684814453
syrbvskdhj.mp4,0.95816969871521
syszyewbet.mp4,0.3489267826080322
sytahoqhsj.mp4,0.8119120597839355
sytddqezij.mp4,0.25540342926979065
syubdrkovi.mp4,0.9688603281974792
syueovtetw.mp4,0.20588287711143494
syuroytdoc.mp4,0.15444022417068481
syvjvjafek.mp4,0.08305589854717255
syvkqrbglh.mp4,0.15928064286708832
sywiuziyod.mp4,0.9644158482551575
sywjkrzcvf.mp4,0.9898064732551575
sywkyamfnm.mp4,0.1117716133594513
sywqailxvn.mp4,0.9640591740608215
syxbjyxzoq.mp4,0.49200886487960815
syxbztmoim.mp4,0.9805822372436523
syxljrfocr.mp4,0.8855432868003845
syxlmynhsi.mp4,0.6609702706336975
syyqagkkyk.mp4,0.9677538871765137
syyzlkofif.mp4,0.9854461550712585
syzbpbevar.mp4,0.666262686252594
syznvceaek.mp4,0.9821366667747498
syzpgcndwj.mp4,0.9899016618728638
szaauyjmbh.mp4,0.9198065996170044
szabeuxytk.mp4,0.9873999357223511
szagmsazfa.mp4,0.8287976384162903
szcvjbhcny.mp4,0.6234522461891174
szepuhspue.mp4,0.9674596190452576
szfcaayjrk.mp4,0.9748207926750183
szfifyvsso.mp4,0.987000048160553
szgfwvswck.mp4,0.6239796280860901
szghjhivxf.mp4,0.6292407512664795
szgjbfwnxs.mp4,0.9707746505737305
szgjfwphhd.mp4,0.9763288497924805
szgzhidgrq.mp4,0.5607108473777771
szhamvioqz.mp4,0.9164631366729736
szivkpgcki.mp4,0.9841529130935669
szjajlmyex.mp4,0.988804042339325
szjbkskyph.mp4,0.985672116279602
szjrtznnfy.mp4,0.8021413087844849
szkeyhways.mp4,0.9484236240386963
szkkfzcwlv.mp4,0.9642770886421204
szklntqqjo.mp4,0.9802698493003845
szksmgxzna.mp4,0.6703464984893799
szmaoqvhlj.mp4,0.9084432721138
szmluuycej.mp4,0.9900001287460327
szmogtxlmp.mp4,0.9038345217704773
szmtulcofq.mp4,0.9884546995162964
szmxyslsmn.mp4,0.8704748153686523
sznecnvrct.mp4,0.17481426894664764
sznmcgvxxz.mp4,0.9892569184303284
szqfeoofmy.mp4,0.664371907711029
szrxkdmvfy.mp4,0.13556525111198425
szscmixwxe.mp4,0.6337519884109497
szukrqabpm.mp4,0.9885474443435669
szumpozalo.mp4,0.9548569917678833
szuynagefb.mp4,0.9063683748245239
szwhgmrrhm.mp4,0.6889707446098328
szxpllkpde.mp4,0.9352176785469055
szxtveuqia.mp4,0.885769248008728
szydvlynjc.mp4,0.9487868547439575
szypruzige.mp4,0.537920355796814
szzdkrmelh.mp4,0.9834169149398804
szzglsjjyj.mp4,0.9900000691413879
taamavklfw.mp4,0.9900000691413879
taanizhqhp.mp4,0.9873009920120239
taaqdtzfxm.mp4,0.8923913836479187
taatmjkyfb.mp4,0.8461630940437317
taavlhagzv.mp4,0.9598836302757263
tabakzihxq.mp4,0.23083122074604034
tacsodsdoo.mp4,0.21286310255527496
tacsprppyp.mp4,0.746894359588623
taddtnnipk.mp4,0.9545527100563049
tadhbhquye.mp4,0.9522431492805481
tafbvqzrvm.mp4,0.9766085147857666
tahvzvozxo.mp4,0.9836105704307556
taikzedkhg.mp4,0.7013947367668152
takaqlmhbp.mp4,0.9674553275108337
takedfkvfq.mp4,0.988122820854187
taktxpevnm.mp4,0.9342767000198364
tamazprxch.mp4,0.9887255430221558
tambojjank.mp4,0.989162802696228
tamjlthbdh.mp4,0.8381518721580505
tamtqnnvtg.mp4,0.9873905777931213
tamygoiadq.mp4,0.8747509717941284
tannobxohn.mp4,0.9233942031860352
tanrvtsims.mp4,0.9529743790626526
tanyuloluq.mp4,0.9710538387298584
taoodjkink.mp4,0.1374257504940033
taoxcdrpai.mp4,0.6076075434684753
tapcwiwwde.mp4,0.9574549794197083
taphiyetvs.mp4,0.8305490612983704
taprhjnthk.mp4,0.9212480187416077
tarfpxmjah.mp4,0.9898764491081238
tarncgrswp.mp4,0.20899802446365356
tarxyjfpae.mp4,0.951092004776001
taskwbtdje.mp4,0.8565493822097778
tassvtxamo.mp4,0.08310209214687347
tasungjnnu.mp4,0.9777198433876038
tatkioybgo.mp4,0.9854906797409058
tatwoazjzb.mp4,0.8544216752052307
tavvipinca.mp4,0.12246842682361603
tavvtdshty.mp4,0.979175865650177
tawirwpzve.mp4,0.8780207633972168
taxjrcmkcz.mp4,0.5053644776344299
taxovsvycj.mp4,0.9872636198997498
taxspqhwsv.mp4,0.9205120205879211
taxszvyhbm.mp4,0.11404207348823547
tayacfzhpw.mp4,0.9635571837425232
tayblsnzzd.mp4,0.9815182685852051
taymbteuhy.mp4,0.9768920540809631
taypzfeooe.mp4,0.9616640210151672
tayykmblhg.mp4,0.6567822098731995
tazlckybzu.mp4,0.11815202981233597
tazqvhawmt.mp4,0.40064099431037903
tazytufpcv.mp4,0.9721928834915161
tbafqcfvje.mp4,0.9898240566253662
tbbeuurvrv.mp4,0.9727134704589844
tbbmfttmab.mp4,0.9768611192703247
tbbpzrunpp.mp4,0.13089820742607117
tbbsipbdoe.mp4,0.981465756893158
tbbykjmrvv.mp4,0.9729560613632202
tbcynlkyog.mp4,0.41919150948524475
tbdgixstek.mp4,0.9811868071556091
tbeimqpjjk.mp4,0.7705894112586975
tbejulqtdp.mp4,0.6640059351921082
tbeqvpohue.mp4,0.11217658966779709
tbhdqgntcp.mp4,0.8371385335922241
tbhepxzopw.mp4,0.9881777763366699
tbhhdfqdst.mp4,0.7716627717018127
tbhnggstuk.mp4,0.9895066618919373
tbhsvpythc.mp4,0.9595481753349304
tbhzygwwto.mp4,0.9899574518203735
tbibvnzmxw.mp4,0.9900000095367432
tbkfdwfuzu.mp4,0.9526381492614746
tbklxweian.mp4,0.9307423233985901
tbksxjjzso.mp4,0.9884145259857178
tbkttmmeyw.mp4,0.45005691051483154
tbmkxkbpoh.mp4,0.9900000691413879
tbncewrofv.mp4,0.5
tbohivnzoe.mp4,0.7922993898391724
tbpdvtuuci.mp4,0.939458966255188
tbpvxyjsbs.mp4,0.9382940530776978
tbpybcxdrt.mp4,0.9284477829933167
tbqnvxmtga.mp4,0.9730039238929749
tbqogksrgg.mp4,0.8528051376342773
tbqrwehekx.mp4,0.23715627193450928
tbqxswvzxl.mp4,0.571835458278656
tbrwatytdp.mp4,0.9894103407859802
tbrwzjrusk.mp4,0.5749101042747498
tbtsmhfrvr.mp4,0.7858137488365173
tbutqcgnht.mp4,0.26869115233421326
tbvgvnhhhb.mp4,0.9868863224983215
tbwmgqjere.mp4,0.9876865744590759
tbwunjmpir.mp4,0.9552879929542542
tbxqdlgvor.mp4,0.9871945977210999
tbydswthsu.mp4,0.9667686223983765
tbygbthxzv.mp4,0.9217425584793091
tbyjzlqslc.mp4,0.2039942890405655
tbyojhbkvj.mp4,0.9734615087509155
tbzplzkowt.mp4,0.9867644309997559
tbzwpkwvxz.mp4,0.9287384748458862
tcbkjjwzcr.mp4,0.3661081790924072
tcbksssubn.mp4,0.07973875850439072
tcboepkimy.mp4,0.8153393268585205
tccilmeshf.mp4,0.13552148640155792
tccvrdqlta.mp4,0.9773334860801697
tccyyuzjrt.mp4,0.7882598638534546
tcdiqwnynu.mp4,0.9722738265991211
tcdjcvrumn.mp4,0.13640490174293518
tcdnrwuayp.mp4,0.06753990054130554
tcecvksptw.mp4,0.9875799417495728
tcehhsqclx.mp4,0.8933979868888855
tcgmdvqlvk.mp4,0.9723272919654846
tcgnhvozuc.mp4,0.8223212361335754
tcguvulxvo.mp4,0.0981391966342926
tcheayssmx.mp4,0.9272556304931641
tchonhsifc.mp4,0.8599767684936523
tchqfddubz.mp4,0.7867211699485779
tchshfguii.mp4,0.8498613834381104
tciyjjvzsf.mp4,0.9627660512924194
tcizhqxeak.mp4,0.9498409032821655
tcjbxyygjk.mp4,0.9668843746185303
tcjgcbgsjy.mp4,0.4365400969982147
tcknbmalyc.mp4,0.9699856042861938
tcmghpeuwp.mp4,0.9889624714851379
tcmmobbkrf.mp4,0.9861561059951782
tcmqazqrcv.mp4,0.9899999499320984
tcmstiljkk.mp4,0.9288597702980042
tcmupscyya.mp4,0.22099879384040833
tcnakvondn.mp4,0.6559908390045166
tcnbwcphju.mp4,0.9851798415184021
tcnehflodv.mp4,0.9253147840499878
tcnfhhzoqb.mp4,0.9891419410705566
tcnhkcuntk.mp4,0.985618531703949
tcoktfjdkf.mp4,0.9890355467796326
tcovatotee.mp4,0.767130970954895
tcpibudrje.mp4,0.9209980368614197
tcpmfbaoht.mp4,0.9899499416351318
tcpnyzwdpk.mp4,0.9188475608825684
tcpvkevoqb.mp4,0.9579302072525024
tcpvkgfoet.mp4,0.9865209460258484
tcqmtsbhwy.mp4,0.9896920323371887
tcqvduwwao.mp4,0.9889092445373535
tcrjgukmpt.mp4,0.9348137974739075
tcsdjwbihw.mp4,0.140053391456604
tcsgpsjohj.mp4,0.7976775765419006
tcsovevfpf.mp4,0.681365430355072
tcspzuexlr.mp4,0.9895552396774292
tcsvwqybes.mp4,0.9100130200386047
tcthryshxe.mp4,0.7449327707290649
tctowpuweb.mp4,0.7268266677856445
tcuafsexvn.mp4,0.6068935990333557
tcvltppkps.mp4,0.9896341562271118
tcwhwssdnv.mp4,0.08345414698123932
tcwuysqwav.mp4,0.9886801838874817
tcwwdvkcrg.mp4,0.9581020474433899
tcwyxrvdpe.mp4,0.12315193563699722
tcxbfjtdkp.mp4,0.9716649651527405
tcxuahxiho.mp4,0.977048933506012
tcxzhmlony.mp4,0.9678633213043213
tcychsyltm.mp4,0.07157915085554123
tcykppgtjg.mp4,0.16197632253170013
tczoejbcza.mp4,0.9494262933731079
tdahgbtenl.mp4,0.6421988010406494
tdakbtkudn.mp4,0.9876183867454529
tdalkowcza.mp4,0.8364130854606628
tdasoyknaq.mp4,0.2613695561885834
tdatdohgji.mp4,0.7984510660171509
tdctqkptov.mp4,0.7667378187179565
tddmodqmse.mp4,0.8521595001220703
tddutikadt.mp4,0.6330865621566772
tdefnlqmvn.mp4,0.9897477626800537
tdfeprqwjw.mp4,0.8879836201667786
tdfpfdlavl.mp4,0.9326147437095642
tdgbgdtbcg.mp4,0.9403004050254822
tdgktlbblz.mp4,0.8772686123847961
tdgmgoaxxp.mp4,0.9675998091697693
tdhkvlavhr.mp4,0.22851788997650146
tdhrfgmeje.mp4,0.9254407286643982
tdiqexdmty.mp4,0.9836506843566895
tdjkglamco.mp4,0.9892747402191162
tdjxvtjlox.mp4,0.9804841876029968
tdknsiihhe.mp4,0.8307024240493774
tdkufbnrgy.mp4,0.3503200113773346
tdkywbcgnk.mp4,0.9872174263000488
tdlzglwrpb.mp4,0.9822189807891846
tdmiovbpwa.mp4,0.9900000691413879
tdmlkhupqc.mp4,0.988730251789093
tdmuayoqzu.mp4,0.1036314144730568
tdmyjvptzv.mp4,0.9620231986045837
tdmzhfsvty.mp4,0.9792822599411011
tdmzwkhpha.mp4,0.9897873401641846
tdnezvbjpd.mp4,0.9404271841049194
tdnlwffywn.mp4,0.986413300037384
tdnwkwomgs.mp4,0.9846065640449524
tdpxawxzll.mp4,0.9753780364990234
tdqmvqupgs.mp4,0.9576014876365662
tdroxiiqcu.mp4,0.9526188373565674
tdrraoezra.mp4,0.08324083685874939
tdsczpygqq.mp4,0.9077179431915283
tdshyxifhx.mp4,0.9391323924064636
tdsyddjkgu.mp4,0.9900000691413879
tdtgsaspxk.mp4,0.17494522035121918
tdtveiyyfs.mp4,0.9726853966712952
tdutibbied.mp4,0.9897710084915161
tdvtkdcwwg.mp4,0.8592463135719299
tdwheeczve.mp4,0.8470275402069092
tdwmarckcn.mp4,0.25427815318107605
tdxetyllcj.mp4,0.9850686192512512
tdxhbefjky.mp4,0.965897798538208
tdyihpfdba.mp4,0.9789612889289856
tdzigpfhzf.mp4,0.6691105961799622
tdzsgrdneg.mp4,0.13006047904491425
tdzwjjnqzl.mp4,0.6176514625549316
teawobmgqy.mp4,0.9900000691413879
tebattlfrp.mp4,0.956423282623291
tebbjilzmb.mp4,0.8588266968727112
teblnhhyir.mp4,0.989612877368927
tebrwhkckg.mp4,0.8000165820121765
tecgrspzjb.mp4,0.9734769463539124
tecrulzonc.mp4,0.9896764755249023
tecvfjzers.mp4,0.19461646676063538
tedgsjuecs.mp4,0.9899581074714661
tedwxoqtxk.mp4,0.7461230158805847
tedztempns.mp4,0.961627185344696
teeqojzbxq.mp4,0.9865617156028748
teerjkkneb.mp4,0.09045574814081192
teffiqocch.mp4,0.8953397274017334
tegagsjkub.mp4,0.9893262386322021
tegpkzcxcj.mp4,0.8497165441513062
tehioveyjl.mp4,0.7393688559532166
tehzmpadre.mp4,0.7899169921875
teihmxslwz.mp4,0.9131558537483215
teiwamzqsl.mp4,0.8378377556800842
teiysliahp.mp4,0.9113106727600098
tejvwdmylq.mp4,0.9400213360786438
tekkprdnas.mp4,0.9636556506156921
tektnsvmkf.mp4,0.9754233956336975
telhwxhfvz.mp4,0.9805884957313538
telpqfxjnz.mp4,0.9502577781677246
temrdtxzgo.mp4,0.9836347103118896
tenetlqiwg.mp4,0.7266526222229004
tenfyxwvms.mp4,0.9696817994117737
tenofxnuww.mp4,0.9887247681617737
tenvpttihf.mp4,0.9899999499320984
teoqafxonh.mp4,0.9482768774032593
teosxnspck.mp4,0.9399107694625854
tepxybfdas.mp4,0.9807620048522949
teqqkfnyxf.mp4,0.959744393825531
teqtxbuuvq.mp4,0.7810311913490295
teqtxtbzkn.mp4,0.9611710906028748
terdojzqpc.mp4,0.9677993059158325
terfjrpehg.mp4,0.5402575731277466
tergpjcdbq.mp4,0.19853201508522034
terpscrqhy.mp4,0.7795668840408325
tesktkddpk.mp4,0.9900000095367432
tespazgblv.mp4,0.4829942584037781
tesxxazgrc.mp4,0.7276010513305664
tetaptwulo.mp4,0.9665077328681946
tetcmnvwah.mp4,0.9755477905273438
tetjtnqxfq.mp4,0.9045053720474243
tetssskfkx.mp4,0.3319171965122223
tetybxirys.mp4,0.960692822933197
teulinjcdd.mp4,0.9244954586029053
teuwvkvnzg.mp4,0.9864126443862915
tevefbheon.mp4,0.9872982501983643
tevixrowti.mp4,0.19926361739635468
tevneuhohv.mp4,0.9892569780349731
tewxrlxaim.mp4,0.985675036907196
texnarygjk.mp4,0.58555668592453
texuagukbg.mp4,0.9767588376998901
tfbgohkzzz.mp4,0.42790791392326355
tfceaqvefa.mp4,0.8838233351707458
tfcibjtfhs.mp4,0.9868116974830627
tfcsdfdsgq.mp4,0.9514032006263733
tfdtzsmmok.mp4,0.8746762275695801
tfeguxahut.mp4,0.9634031057357788
tfevairenr.mp4,0.9859943389892578
tfezuwyrbh.mp4,0.933650016784668
tffeskkazq.mp4,0.9180588722229004
tffoedqaxq.mp4,0.9680790305137634
tffpdgvdko.mp4,0.9235823750495911
tffuqbqshe.mp4,0.25627219676971436
tfgowstawg.mp4,0.9836790561676025
tfgrohwcbq.mp4,0.2241983264684677
tfhrnoapsg.mp4,0.12182021886110306
tfhzvfpqzg.mp4,0.8651471734046936
tfifxsnqyo.mp4,0.9803890585899353
tfimzhkhfr.mp4,0.9374445080757141
tfiyuzgwqw.mp4,0.9532973170280457
tfjuxlncqx.mp4,0.3224598169326782
tfkhefgiqw.mp4,0.9837003350257874
tfkjujxssl.mp4,0.46382537484169006
tfknwgmsnd.mp4,0.9116631746292114
tfkrpxgipy.mp4,0.9900000691413879
tfmbfmwwyb.mp4,0.66941237449646
tfnitflqff.mp4,0.4238094985485077
tfntoycadg.mp4,0.9897737503051758
tfnuiwjlxd.mp4,0.5971861481666565
tfosakjvyu.mp4,0.9866044521331787
tfphynshks.mp4,0.9863584637641907
tfpsnwsdgo.mp4,0.08169086277484894
tfqbmnfdtm.mp4,0.9899370670318604
tfrkyaosws.mp4,0.9118587970733643
tfrmveqota.mp4,0.9093860983848572
tfrquxdoxy.mp4,0.5200515389442444
tfsbglocei.mp4,0.9774047136306763
tfskkxxpfl.mp4,0.9661974310874939
tfstrtpqgr.mp4,0.9890723824501038
tftevdpqob.mp4,0.9828535318374634
tfuevrpfbb.mp4,0.8006078600883484
tfvdgxheph.mp4,0.9832497835159302
tfvgejoqwt.mp4,0.9892221689224243
tfvpheeyyq.mp4,0.9893984198570251
tfvuuqqlkp.mp4,0.9788420796394348
tfwdbkwvgz.mp4,0.1817929446697235
tfwgohpnlv.mp4,0.9841530323028564
tfwguyebqt.mp4,0.09940033406019211
tfwojzhzsr.mp4,0.9886917471885681
tfxdjbczua.mp4,0.06424126774072647
tfxkhcttdz.mp4,0.10227113962173462
tfxmcthwmd.mp4,0.9826228022575378
tfyefacxnu.mp4,0.9835494160652161
tfyfppivdw.mp4,0.45901721715927124
tgatardsah.mp4,0.6441637873649597
tgbdepcnzc.mp4,0.6962380409240723
tgbjtksars.mp4,0.9177869558334351
tgbxaqrsxp.mp4,0.28397637605667114
tgccbkmgxr.mp4,0.5420055389404297
tgdmlshtgn.mp4,0.97984379529953
tgdphqvvnb.mp4,0.9256449341773987
tgdvnjxqiq.mp4,0.13601204752922058
tgdwaawqyu.mp4,0.9548231363296509
tgeqlltfiy.mp4,0.9878515005111694
tgfqhupkvy.mp4,0.9805912375450134
tgfrvltqgb.mp4,0.12787280976772308
tgglcwjxez.mp4,0.884470522403717
tggyqzqwpg.mp4,0.21104058623313904
tggzienvlz.mp4,0.6855834126472473
tghrnzeomv.mp4,0.9870015382766724
tgjeihxolq.mp4,0.10602967441082001
tgkjhdyxww.mp4,0.964357852935791
tglgmfwwus.mp4,0.9875227212905884
tglxshkgjx.mp4,0.9821265935897827
tgmbhvxfik.mp4,0.943308413028717
tgmqfzsznf.mp4,0.20614811778068542
tgmsusdydi.mp4,0.9839494228363037
tgmvreobsz.mp4,0.9891627430915833
tgncpfpqop.mp4,0.9640856385231018
tgnuyyuzay.mp4,0.961897611618042
tgnvfnpdcp.mp4,0.946000874042511
tgnynnlgym.mp4,0.7549968361854553
tgobqutmvi.mp4,0.8409592509269714
tgpqkhbvhz.mp4,0.9095662832260132
tgpuqooahy.mp4,0.9893256425857544
tgshggdnzq.mp4,0.7396929860115051
tgshlaaskm.mp4,0.9871783256530762
tgsnckjmjb.mp4,0.5892465114593506
tgtilqdelb.mp4,0.3024580478668213
tgtlaidaij.mp4,0.9702439904212952
tguafotcqk.mp4,0.9789113402366638
tgubqgefyz.mp4,0.06673970073461533
tguhkxelik.mp4,0.989158570766449
tgumgzbpql.mp4,0.9717480540275574
tguxjwlqiu.mp4,0.9833258986473083
tgvsnyronj.mp4,0.9678190350532532
tgwjmhotdf.mp4,0.1544881910085678
tgwncsjkyr.mp4,0.9793872237205505
tgwpcoljin.mp4,0.1642986536026001
tgxnsbwlcm.mp4,0.9756641387939453
tgxpotsudo.mp4,0.13652892410755157
tgxryxiyay.mp4,0.9899999499320984
tgyfipzczb.mp4,0.19424767792224884
tgyqwaclzv.mp4,0.949703574180603
tgzcwemgsn.mp4,0.730584979057312
tgzjeolcta.mp4,0.9031190872192383
tgzscowxdm.mp4,0.9222056865692139
tgzyaxustu.mp4,0.15924784541130066
thbcyriycr.mp4,0.8711919784545898
thbpurlwnf.mp4,0.8587907552719116
thdhkgjztp.mp4,0.9900001287460327
thdpnshbmm.mp4,0.9825373291969299
thdpsjnzjr.mp4,0.7498910427093506
thehtluqor.mp4,0.9900000691413879
thfjhumgbp.mp4,0.7552490830421448
thfoujygtn.mp4,0.9788857698440552
thgdukjjbc.mp4,0.1773083359003067
thhdwkbsya.mp4,0.9813675880432129
thhfbcekyp.mp4,0.9863080382347107
thhnijsuoy.mp4,0.18437092006206512
thiciviobx.mp4,0.8310969471931458
thigerzepj.mp4,0.9700161814689636
thiudmdydz.mp4,0.9899282455444336
thiwfkrjae.mp4,0.968870222568512
thjfoawfgz.mp4,0.9528063535690308
thjugpbwcv.mp4,0.3699514865875244
thkdzpjesm.mp4,0.8840404748916626
thkennrhfz.mp4,0.9812320470809937
thlgymarlx.mp4,0.9848082661628723
thluuropvl.mp4,0.9583986401557922
thlzaujkbk.mp4,0.15291139483451843
thlzutaroj.mp4,0.9734011292457581
thmvnybdje.mp4,0.6248854994773865
thmzcnvwbn.mp4,0.9263660311698914
thnehpctli.mp4,0.9216579794883728
thnflydbas.mp4,0.8710123896598816
thngpalfbb.mp4,0.13066977262496948
thnjlpwbte.mp4,0.7966173887252808
thnvuwfgaw.mp4,0.21399334073066711
thnywrwayf.mp4,0.9891735315322876
thodjevvjy.mp4,0.14521417021751404
tholihuyvc.mp4,0.989993691444397
thomfdglym.mp4,0.6795276403427124
thoutipzpm.mp4,0.47600045800209045
thpjwmvayl.mp4,0.16757507622241974
thrdjkzvcg.mp4,0.971802830696106
thrscnnsws.mp4,0.9860592484474182
thrwnbldwv.mp4,0.9900000095367432
thscnjkqdk.mp4,0.3596864640712738
thubwixidp.mp4,0.9899999499320984
thumialdgv.mp4,0.9900000691413879
thuqxmuhib.mp4,0.9898301362991333
thuzabuggs.mp4,0.9577206969261169
thwdckrmkm.mp4,0.5898882150650024
thwftysuwz.mp4,0.9827293157577515
thyhbnqitj.mp4,0.9791584014892578
thylhxljlh.mp4,0.9900000095367432
thypmfwbbk.mp4,0.10770449787378311
thzhsmszle.mp4,0.0816577598452568
thzpzzrfzt.mp4,0.927614152431488
tiaatozsiv.mp4,0.5936117768287659
tiacxnwmle.mp4,0.9898508191108704
tibcdluugm.mp4,0.9692556858062744
tibqizvosh.mp4,0.9655541777610779
ticavyanwu.mp4,0.9861540198326111
ticjmleyoz.mp4,0.9898202419281006
ticjnwfzmb.mp4,0.4215605854988098
ticpxguaeh.mp4,0.9806122183799744
tidvyvpsyk.mp4,0.9900000095367432
tidymxhejr.mp4,0.985443115234375
tieigjtpaq.mp4,0.9899998307228088
tienmuhffw.mp4,0.8157254457473755
tiewzptsfi.mp4,0.765068769454956
tigpnyqrcj.mp4,0.9881147742271423
tigrqefect.mp4,0.9865887761116028
tihatezxmw.mp4,0.9803695678710938
tihbjbojbf.mp4,0.438671350479126
tihcdjinxj.mp4,0.15095049142837524
tihgxlmfcj.mp4,0.09640031307935715
tiibmzthaq.mp4,0.9898257851600647
tiidnvaqax.mp4,0.9883368015289307
tiiiyglzkz.mp4,0.9752721786499023
tijqcwetii.mp4,0.9870602488517761
tilhfrpkgb.mp4,0.9553337097167969
tiluljwptt.mp4,0.1758863925933838
timeyvktbt.mp4,0.9197441339492798
timwuzokks.mp4,0.9687350392341614
tinbwdmmlh.mp4,0.9549973011016846
tinydluywq.mp4,0.9899312257766724
tiofbsmhhz.mp4,0.14481121301651
tiphfpmdfv.mp4,0.9821205735206604
tipncxzpeb.mp4,0.6978252530097961
tipzfawsdj.mp4,0.9581640958786011
tiqieyohsm.mp4,0.9166246056556702
tirjsoiyne.mp4,0.9857825040817261
tirwgtjajt.mp4,0.9183604121208191
tisirplzzo.mp4,0.8972896337509155
titjbmfwzl.mp4,0.8672446608543396
titljuwzlf.mp4,0.8247252702713013
titmmjeogu.mp4,0.9402028322219849
tiugxrlamh.mp4,0.961873471736908
tiwddyinoj.mp4,0.9724393486976624
tiwqjqaclx.mp4,0.9787784218788147
tiwvgmuvnq.mp4,0.9809495210647583
tiwwduuhpa.mp4,0.9855301976203918
tixrviqupu.mp4,0.691612720489502
tixvsvgxaq.mp4,0.9899999499320984
tiyauksfos.mp4,0.9880455136299133
tiyulgywmb.mp4,0.9140477180480957
tiyxrljqrm.mp4,0.9464406967163086
tizglmxtyw.mp4,0.8622151613235474
tjahyhforn.mp4,0.9649589657783508
tjaipfsjpq.mp4,0.4867987632751465
tjakcacjok.mp4,0.1973557025194168
tjbcivkwta.mp4,0.9900000095367432
tjcctwqdzu.mp4,0.6636266112327576
tjckidsjfm.mp4,0.9665246605873108
tjcnczgdni.mp4,0.20748552680015564
tjcovoruiy.mp4,0.866330623626709
tjdvvlhdpq.mp4,0.9818188548088074
tjeoezbhzb.mp4,0.901439905166626
tjeyrzuutd.mp4,0.9900000095367432
tjffaohwru.mp4,0.9618355631828308
tjfqfpsvgx.mp4,0.980627715587616
tjgjfhzvqh.mp4,0.8212883472442627
tjgjttqiok.mp4,0.9894589185714722
tjgjzurayi.mp4,0.7834942936897278
tjhnmnhrhm.mp4,0.847533643245697
tjhzgrwfqu.mp4,0.9758314490318298
tjijyivqji.mp4,0.9893631935119629
tjimpfdnta.mp4,0.9826027154922485
tjioyscshr.mp4,0.8882137537002563
tjjbchgfgp.mp4,0.8794454336166382
tjjblctjfx.mp4,0.2944648563861847
tjjiejdbgx.mp4,0.5481348633766174
tjjjtkqrfz.mp4,0.9892895221710205
tjjzuotxny.mp4,0.9864493608474731
tjkbgkuupe.mp4,0.9888869524002075
tjkldszijv.mp4,0.8241682052612305
tjkpazonti.mp4,0.8622581362724304
tjkxdsvhtn.mp4,0.9854481816291809
tjldzakzpk.mp4,0.9314597249031067
tjlmkaxsxp.mp4,0.9604381918907166
tjlrvidbxw.mp4,0.8942198157310486
tjlvyydprd.mp4,0.984150767326355
tjmaadclla.mp4,0.9876779317855835
tjmjjbucuc.mp4,0.9899999499320984
tjmvfygfoc.mp4,0.9317628145217896
tjnkvikkpv.mp4,0.5547962188720703
tjnlcylcoe.mp4,0.2277820110321045
tjohfabohy.mp4,0.982650101184845
tjpqsayhgq.mp4,0.864034116268158
tjprllvjkl.mp4,0.9893046617507935
tjpvhgsjxt.mp4,0.9900000691413879
tjrbfcehzg.mp4,0.9837833046913147
tjsaerauij.mp4,0.9784554243087769
tjsndnmeco.mp4,0.987819254398346
tjsosawkmq.mp4,0.9894666075706482
tjtedxfyhc.mp4,0.9548038244247437
tjtjzhwfjp.mp4,0.885466992855072
tjuflztium.mp4,0.9879790544509888
tjuwinphzn.mp4,0.9899960160255432
tjvzanqulh.mp4,0.9257290363311768
tjvzjpyrfz.mp4,0.9884186387062073
tjwdnagiqh.mp4,0.9898955821990967
tjwpcbaehz.mp4,0.5947666168212891
tjwqlokmpf.mp4,0.9708876013755798
tjxsvrqlka.mp4,0.9661059975624084
tjycbocbwa.mp4,0.984458327293396
tjymgkuijg.mp4,0.9899381399154663
tjyuudtkme.mp4,0.16719958186149597
tjzkzoslxc.mp4,0.8939406275749207
tjzyonelqc.mp4,0.9559673070907593
tkaithblic.mp4,0.9859846830368042
tkakcsqqyv.mp4,0.8317340016365051
tkauikwgbs.mp4,0.9812837243080139
tkaxsaterw.mp4,0.8801174163818359
tkaybnjwhg.mp4,0.9900000691413879
tkbbhoknpf.mp4,0.9663066864013672
tkbdkceeug.mp4,0.15154124796390533
tkcthfzrqa.mp4,0.12365002185106277
tkcwbxfroj.mp4,0.9789245128631592
tkdficpqyr.mp4,0.950598955154419
tkdmuzzpbn.mp4,0.9448404908180237
tkdtonbpsd.mp4,0.0916847363114357
tkeicxruuf.mp4,0.2678726315498352
tkejctiioh.mp4,0.5587849020957947
tkfgoklkww.mp4,0.7649544477462769
tkfgrkrbks.mp4,0.8805029988288879
tkfptgeuyy.mp4,0.9693717360496521
tkgbjtcxyl.mp4,0.9217946529388428
tkgukulixj.mp4,0.4444405138492584
tkhhlzmdaf.mp4,0.9899144172668457
tkhydmjnyq.mp4,0.11354130506515503
tkhzovatiu.mp4,0.7556979060173035
tkijogebio.mp4,0.9869450330734253
tkiktkqbxg.mp4,0.17200537025928497
tkjkbcpisg.mp4,0.6931872367858887
tkkpzptjrz.mp4,0.13814018666744232
tkkqofqtsd.mp4,0.9898184537887573
tkkvtispnh.mp4,0.9599580764770508
tkldxtsuya.mp4,0.09273827075958252
tkllmcerhz.mp4,0.9888929724693298
tklxusbjpt.mp4,0.983580470085144
tkmbufybhs.mp4,0.8640398979187012
tknitojdwb.mp4,0.9422359466552734
tknpxhxidq.mp4,0.9254646301269531
tkoxrtmcoy.mp4,0.7946449518203735
tkozmpfutn.mp4,0.342099666595459
tkplsqobra.mp4,0.261411190032959
tkpqyqmtgk.mp4,0.9486706852912903
tkpykqxedq.mp4,0.979607105255127
tkqergsqqw.mp4,0.981235146522522
tkqmsrgjgp.mp4,0.9493435025215149
tkqozrpqsr.mp4,0.7569201588630676
tkqqrbkngb.mp4,0.9653702974319458
tkqrrhksya.mp4,0.894136905670166
tkrksosymh.mp4,0.09682478755712509
tkrworlkkq.mp4,0.5241348147392273
tksnplchfd.mp4,0.9900000691413879
tkstcnzimo.mp4,0.9701498746871948
tktitjrdsu.mp4,0.9772635698318481
tktlbalbag.mp4,0.8839455842971802
tktvlncybw.mp4,0.9891189336776733
tktynuruzc.mp4,0.9773560166358948
tkvlargohf.mp4,0.9534060955047607
tkvnkezsqq.mp4,0.9719411730766296
tkvpbgiiva.mp4,0.7858240008354187
tkwingrnrn.mp4,0.960809051990509
tkxblcleyd.mp4,0.2330162078142166
tkxdnlvyzw.mp4,0.9257930517196655
tkxnrnsitp.mp4,0.7753748893737793
tkxrrgkgmo.mp4,0.9358118772506714
tkygmnaifp.mp4,0.9176645278930664
tkzbljeboq.mp4,0.9639721512794495
tkzhajldax.mp4,0.6280419230461121
tkzxqyoiue.mp4,0.8757433891296387
tlasuabguz.mp4,0.9769006371498108
tlbyzmdejy.mp4,0.9822313189506531
tldekrvqhs.mp4,0.9578356742858887
tldnpwxdxw.mp4,0.40756887197494507
tlhoxbeehz.mp4,0.3070412278175354
tlhttqvjxa.mp4,0.2117326855659485
tlkdwclwsq.mp4,0.17034085094928741
tlkynujfqr.mp4,0.9608996510505676
tlkyzhqnwf.mp4,0.9116779565811157
tlmhfrpnmz.mp4,0.9893799424171448
tlmhxzgnfc.mp4,0.1579643338918686
tlnpnxtbqu.mp4,0.8655545115470886
tlnuxwsnrh.mp4,0.9878137707710266
tlogreulov.mp4,0.9355666637420654
tloowiyedz.mp4,0.9775552749633789
tlpmkrjfoe.mp4,0.5169175863265991
tlqfwajlot.mp4,0.6994407176971436
tlqigrtcnz.mp4,0.8747068047523499
tlqsngfust.mp4,0.23610688745975494
tlrhhressm.mp4,0.9452493190765381
tlsmzutdvy.mp4,0.9871470928192139
tlsoagxovk.mp4,0.5117511749267578
tltfrzoyio.mp4,0.9099659323692322
tltwgtjupw.mp4,0.6079413890838623
tltydwaogq.mp4,0.9729606509208679
tltyusajlj.mp4,0.9833274483680725
tluuhsbvta.mp4,0.9741591811180115
tluzxvwbrb.mp4,0.9710833430290222
tlvkzntvto.mp4,0.878753662109375
tlvotdrkfa.mp4,0.9692736864089966
tlvzteofzw.mp4,0.6633241772651672
tlvzwceawu.mp4,0.9892013669013977
tlwfjlqtzo.mp4,0.964093804359436
tlxgwzheli.mp4,0.8702892661094666
tlzaxoslci.mp4,0.9619419574737549
tlzazugfnm.mp4,0.9900000095367432
tlzordotqw.mp4,0.20177195966243744
tlzukjppsl.mp4,0.9826278686523438
tmaxjkfgnc.mp4,0.9811814427375793
tmbjwevprb.mp4,0.9648764133453369
tmbkyxtzrn.mp4,0.34931954741477966
tmddpwraco.mp4,0.7917380928993225
tmdnbdlobz.mp4,0.8251737356185913
tmdsctfqyi.mp4,0.9898082613945007
tmefslcfod.mp4,0.7893598675727844
tmepwrldlk.mp4,0.9584866166114807
tmfcuimhqe.mp4,0.9897447228431702
tmfschpvyo.mp4,0.18550191819667816
tmfvbrktwj.mp4,0.9876195788383484
tmfvsxrxnk.mp4,0.9473976492881775
tmgdrjjalz.mp4,0.9889386892318726
tmgmbnzrrz.mp4,0.17103636264801025
tmgtoheynj.mp4,0.9738237857818604
tmgxdytvqm.mp4,0.9797021746635437
tmhbfupaiu.mp4,0.5990219116210938
tmhnjscqou.mp4,0.9492363929748535
tmhvwyjjou.mp4,0.9899999499320984
tmiafnveuk.mp4,0.9705097079277039
tmihgwwbia.mp4,0.8899334669113159
tmkmabjsix.mp4,0.9864357709884644
tmkszgtymf.mp4,0.9900000691413879
tmktocmjsz.mp4,0.8964236974716187
tmmakbzbqw.mp4,0.919492244720459
tmmjeiysan.mp4,0.15524908900260925
tmnqlzvuxo.mp4,0.8924747705459595
tmodfqaizl.mp4,0.1440371572971344
tmoocljjtx.mp4,0.13623163104057312
tmowslyblf.mp4,0.9740179181098938
tmptblijnb.mp4,0.9900000095367432
tmpzveqsou.mp4,0.07875962555408478
tmqdjzeblu.mp4,0.7176294922828674
tmqiddrjil.mp4,0.9461230635643005
tmqjqhiqfi.mp4,0.9900000095367432
tmrdfiljrk.mp4,0.983859658241272
tmrfqhjiwd.mp4,0.4688084125518799
tmruxcnrhn.mp4,0.9337618350982666
tmsmicganv.mp4,0.9889324307441711
tmsvonxpnz.mp4,0.9650139212608337
tmtalkfxuu.mp4,0.9861388802528381
tmtfovkvfb.mp4,0.9892520904541016
tmtmecuvho.mp4,0.9781211018562317
tmtoypmqwt.mp4,0.11167318373918533
tmuecenxah.mp4,0.9900000095367432
tmughcavoo.mp4,0.09600824117660522
tmuysfibsq.mp4,0.9470893740653992
tmvocpxkqu.mp4,0.8257308602333069
tmvqmdzyln.mp4,0.4719340205192566
tmvzwabeun.mp4,0.8522287011146545
tmwarctiim.mp4,0.9816175103187561
tmwaynxgyc.mp4,0.9899999499320984
tmwgrforma.mp4,0.6884894967079163
tmxdrhjrix.mp4,0.980398952960968
tmxryudjcy.mp4,0.13848049938678741
tmyjpyhogx.mp4,0.9785683155059814
tmywsxixwd.mp4,0.17099910974502563
tmyzzxmhip.mp4,0.9346246123313904
tmzcvtlrae.mp4,0.9796033501625061
tmzfczmlsr.mp4,0.6011046767234802
tmzkhlbwyh.mp4,0.9860677719116211
tnacrktmoc.mp4,0.9830769896507263
tnaeehpcnb.mp4,0.9900000691413879
tnafseauhv.mp4,0.7630849480628967
tnanzxfyik.mp4,0.9347483515739441
tnbongyrve.mp4,0.07463416457176208
tncpuhxtic.mp4,0.9343530535697937
tncqrbwumb.mp4,0.9804644584655762
tncyfgrahd.mp4,0.9899999499320984
tndcrdrcde.mp4,0.746147632598877
tndnhmfswg.mp4,0.9894585609436035
tndudimvjx.mp4,0.1376316100358963
tneakfgnzj.mp4,0.9557269811630249
tnetytnegv.mp4,0.10887325555086136
tngeakdmrf.mp4,0.9857358336448669
tnggazmfhc.mp4,0.34236687421798706
tngkmevcot.mp4,0.5710171461105347
tnguddazae.mp4,0.5201532244682312
tngyzdnwyu.mp4,0.9015529751777649
tngzrrpncl.mp4,0.8758634328842163
tnilmodraj.mp4,0.8710172176361084
tnkmovifrb.mp4,0.8740646839141846
tnktchngfa.mp4,0.9505163431167603
tnllrflsez.mp4,0.9878090023994446
tnmjwnwhnz.mp4,0.9779009819030762
tnmmihprvw.mp4,0.20947176218032837
tnmolkboei.mp4,0.8337759971618652
tnmuokilgt.mp4,0.27786895632743835
tnnawsjmhb.mp4,0.9889493584632874
tnnjexhjay.mp4,0.9223425388336182
tnoqgdnpdz.mp4,0.9629591107368469
tnoqjyqtbw.mp4,0.5962949991226196
tnoraqksrz.mp4,0.9742026329040527
tnoubmcodq.mp4,0.8746545910835266
tnpczxignn.mp4,0.9843743443489075
tnpetaxalw.mp4,0.7817826271057129
tnpwvkcdyv.mp4,0.8841607570648193
tnqmmhqzbi.mp4,0.38822758197784424
tnqqzpebqc.mp4,0.9611906409263611
tnqvokgiym.mp4,0.9883199334144592
tnrcyxvdqs.mp4,0.9857690930366516
tnrdnomwxx.mp4,0.642055332660675
tnrjilxomb.mp4,0.8042077422142029
tnrntugxdo.mp4,0.7404947876930237
tnrvfrjpfa.mp4,0.8349290490150452
tnrxvsvaak.mp4,0.9525444507598877
tntgawrlwl.mp4,0.9282355308532715
tntlxehwfv.mp4,0.9824931025505066
tntxsmeghn.mp4,0.8554595708847046
tntykiphjw.mp4,0.9881705641746521
tnuqsfassf.mp4,0.9763017892837524
tnvabkfjpw.mp4,0.9174945950508118
tnxiykdwwh.mp4,0.8212480545043945
tnxrfejwrt.mp4,0.9896296262741089
tnxxvepdsr.mp4,0.9488273859024048
tobdgusxij.mp4,0.9866084456443787
toccypftya.mp4,0.17817401885986328
todmxhamgy.mp4,0.15125001966953278
todrmsqplr.mp4,0.9039871692657471
todweadblm.mp4,0.9655574560165405
toezvafnih.mp4,0.9211329817771912
toferwxcvj.mp4,0.9893863201141357
tofnqucttl.mp4,0.9808720946311951
tofvcolfpg.mp4,0.6443490386009216
toggbitvfd.mp4,0.960496723651886
togtvbfjrt.mp4,0.9848310947418213
togyrprqnl.mp4,0.9396791458129883
tohigipsdo.mp4,0.9145032167434692
toiicedekh.mp4,0.9594413638114929
toiqsyjwpt.mp4,0.9612597227096558
tojojaisaw.mp4,0.09451384097337723
tojoplavae.mp4,0.9846166968345642
tojvnsuila.mp4,0.988896906375885
tokjqgjbfs.mp4,0.9899628162384033
tokpamhwdj.mp4,0.6119405031204224
tokxnbqgdj.mp4,0.8797454833984375
tolfmxowsr.mp4,0.9889589548110962
tolotyowoy.mp4,0.9732679724693298
tolvrmiumn.mp4,0.7892874479293823
tomgjjgdia.mp4,0.9533801674842834
tonpeevxck.mp4,0.5921460390090942
tonppbqxmd.mp4,0.947618842124939
tonyntkkvq.mp4,0.08985970914363861
toosouurcv.mp4,0.9540789127349854
tootdqyzdc.mp4,0.9285049438476562
topxckuyhd.mp4,0.13314776122570038
toqkidvyxp.mp4,0.8569011688232422
toqmgncqsw.mp4,0.9546411037445068
toqsroahdz.mp4,0.09875894337892532
torbdovazx.mp4,0.9531093239784241
torlanoeip.mp4,0.9689953327178955
torqggyeyg.mp4,0.9316881895065308
torskymphz.mp4,0.7960724830627441
torsvjlmtk.mp4,0.9889944195747375
tostmagsiq.mp4,0.828317403793335
totujkiwgd.mp4,0.9882609248161316
touinthtia.mp4,0.1762525588274002
tousyjnhic.mp4,0.982830286026001
tovclebrnw.mp4,0.7562459707260132
towgiiqjty.mp4,0.6528115272521973
towijyksqo.mp4,0.9704290628433228
townkrjaub.mp4,0.20997659862041473
townqlsvhu.mp4,0.9759597778320312
toxhdspkmy.mp4,0.9711017608642578
toxsrzsksc.mp4,0.9255363345146179
tozyxrqqfz.mp4,0.9895137548446655
tpbderjkpc.mp4,0.9752703309059143
tpbyccqemm.mp4,0.9887556433677673
tpeiuavlfd.mp4,0.9711230397224426
tpetnotlbj.mp4,0.9827510714530945
tpeuljqyua.mp4,0.9875757694244385
tpeyllulxl.mp4,0.6264117360115051
tpezzzvsip.mp4,0.9900000095367432
tpfcwgtsrr.mp4,0.9667073488235474
tpgbpkksxs.mp4,0.6150686144828796
tpgcdzyzic.mp4,0.7727691531181335
tpgfecmnia.mp4,0.9891183972358704
tphoyfxmpo.mp4,0.9821326732635498
tpiddeudvc.mp4,0.9825814366340637
tpifqwnpzj.mp4,0.9897871613502502
tpimxrtuxf.mp4,0.18523503839969635
tpiohdvwyf.mp4,0.25186148285865784
tpipudybft.mp4,0.9738779067993164
tpjqvldpao.mp4,0.948897659778595
tpjydgkvdt.mp4,0.1798734962940216
tpksbvlosr.mp4,0.9780588746070862
tpllvuidve.mp4,0.9900000095367432
tpngcvxqen.mp4,0.9899999499320984
tpnxlnuzsn.mp4,0.805910587310791
tpohuvtilk.mp4,0.9900000691413879
tpragfcvet.mp4,0.958818256855011
tprjeaqlqe.mp4,0.8747565746307373
tprzawmxem.mp4,0.12520690262317657
tptrzibaxl.mp4,0.6338142156600952
tpuaaqksjs.mp4,0.8831915259361267
tpuymkcccq.mp4,0.9864807724952698
tpxkhzhqjk.mp4,0.08762814849615097
tpyiiojxzj.mp4,0.9747688174247742
tpzcpkffia.mp4,0.45182642340660095
tqabzfvspv.mp4,0.8718764185905457
tqaeohwrxx.mp4,0.9885265827178955
tqawydaamw.mp4,0.9900000095367432
tqbpwjicex.mp4,0.9809852242469788
tqcddzwrby.mp4,0.9693617224693298
tqcvwosock.mp4,0.11805342137813568
tqddjtiqzc.mp4,0.8652227520942688
tqdixfliwk.mp4,0.9900000095367432
tqeaflmnhr.mp4,0.8940042853355408
tqfhvnxumz.mp4,0.07642504572868347
tqhwoaaydq.mp4,0.93142169713974
tqhxvnqfkc.mp4,0.9630836248397827
tqicffjnbl.mp4,0.7002044916152954
tqitexxknw.mp4,0.9820854067802429
tqjqiwshyb.mp4,0.9642746448516846
tqjxjwhhlb.mp4,0.5660027861595154
tqjzblvsnk.mp4,0.8836098909378052
tqkfdvizsl.mp4,0.9300665855407715
tqkjwiwcbc.mp4,0.8413824439048767
tqkmtqxtwh.mp4,0.989224374294281
tqkxwtpwpc.mp4,0.8986064791679382
tqlzfqaxci.mp4,0.989741325378418
tqmhshfxom.mp4,0.9750743508338928
tqmnlkgypb.mp4,0.26966094970703125
tqnpopdflm.mp4,0.871774435043335
tqnrzvkumn.mp4,0.8747299313545227
tqnytsurko.mp4,0.23187005519866943
tqoblsshku.mp4,0.9900000095367432
tqohkhnjgr.mp4,0.8500113487243652
tqolhfajpr.mp4,0.9870267510414124
tqpgqgxufi.mp4,0.9381883144378662
tqpxjalcgw.mp4,0.9313125014305115
tqriwfsqnm.mp4,0.9644209146499634
tqrizlvlgd.mp4,0.8599866032600403
tqrjmasczr.mp4,0.6884294748306274
tqsbfvillb.mp4,0.9696872234344482
tqsirljhpd.mp4,0.9879879951477051
tqtatnepzi.mp4,0.9622059464454651
tqtrbwrjwg.mp4,0.9521251916885376
tqttmlubzr.mp4,0.49942705035209656
tqtushrgev.mp4,0.9443225264549255
tqunzyxiwd.mp4,0.9757670760154724
tquojygjmf.mp4,0.9757992625236511
tqvgtimyiu.mp4,0.9711908102035522
tqvqaxdatc.mp4,0.22621159255504608
tqvtvuvuoz.mp4,0.9586008787155151
tqvubheeue.mp4,0.12259678542613983
tqwpnyunye.mp4,0.988128662109375
tqxmhyrglp.mp4,0.7905980348587036
tqxmxvofpt.mp4,0.8194275498390198
tqxrfjvcdw.mp4,0.28233617544174194
tqymjlgdsf.mp4,0.8863515853881836
tqyveduvez.mp4,0.982318639755249
tqzgzujrij.mp4,0.636294960975647
tqzmwyzfxe.mp4,0.9526097178459167
tradwugucx.mp4,0.9893273115158081
trbaxqmbrj.mp4,0.9833184480667114
trbflipdvl.mp4,0.9754540324211121
trbfvzvpgo.mp4,0.8331620097160339
trbofhwxqn.mp4,0.7049874067306519
trbxbafikz.mp4,0.9900000691413879
trbzvrewvx.mp4,0.5331571102142334
trcmcqzilk.mp4,0.558600127696991
trczberdjl.mp4,0.895160436630249
trdeyteyky.mp4,0.9492104053497314
trdmmncyhp.mp4,0.9432358145713806
trecjopqxv.mp4,0.8896493911743164
treklubxvy.mp4,0.14473561942577362
treocxijvi.mp4,0.7681110501289368
trerignfto.mp4,0.9516757726669312
trfddvqdid.mp4,0.9490216374397278
trgfnzdvdu.mp4,0.9766390323638916
trginvkaom.mp4,0.849193811416626
trgixtifng.mp4,0.6016734838485718
trhpvvybkf.mp4,0.9334336519241333
trhuvltfko.mp4,0.9593327045440674
trhygiyufe.mp4,0.932969331741333
trihrpvpir.mp4,0.9712967872619629
triirhugvj.mp4,0.9144433736801147
trimxjevrn.mp4,0.4431484043598175
trisvgyxtn.mp4,0.974775493144989
triwebzkhc.mp4,0.9855831265449524
trkkrhirav.mp4,0.9867015480995178
trkmqwysym.mp4,0.9899998903274536
trkzaxcjdq.mp4,0.45360440015792847
trlsaggttc.mp4,0.3340323567390442
trltdpitif.mp4,0.9898049235343933
trmalppcgd.mp4,0.9861006736755371
trmrimvmfc.mp4,0.5117628574371338
trmviebthh.mp4,0.5
trmviskqet.mp4,0.9858266711235046
trndgdtwte.mp4,0.9874200820922852
trnznvybjo.mp4,0.9115055203437805
trolxesysi.mp4,0.5992817878723145
trpujbpppb.mp4,0.9687037467956543
trpvqatyjq.mp4,0.9894533753395081
trpxkgffug.mp4,0.8442977666854858
trpyxikerg.mp4,0.9900000691413879
trqrbkihfm.mp4,0.8947656750679016
trqwyehsmg.mp4,0.8933960795402527
trrenlxfwz.mp4,0.9899430274963379
trsomgqkyu.mp4,0.9900000095367432
trspwbjkkp.mp4,0.9839051961898804
trtlxaiklz.mp4,0.9829193353652954
trtrgmaieb.mp4,0.910862147808075
trtwtgnsii.mp4,0.986470103263855
trtxfafvta.mp4,0.20955778658390045
truremwrti.mp4,0.9842284917831421
trvmsmpdcb.mp4,0.9828348755836487
trvnfzxofg.mp4,0.9011725783348083
trvqryiuqr.mp4,0.11804067343473434
trxnelqpyr.mp4,0.9632901549339294
trxnflrfwu.mp4,0.9899010062217712
trxunwqklo.mp4,0.98675936460495
trxvyohffm.mp4,0.9823474884033203
trzdsncewk.mp4,0.7386453747749329
tsajvpfjdk.mp4,0.9342807531356812
tsakdikwxd.mp4,0.8739596009254456
tsalzbhvze.mp4,0.9608968496322632
tsbaaxtcby.mp4,0.9882848858833313
tsbczzhory.mp4,0.07022810727357864
tsbjjiafmc.mp4,0.8427730798721313
tsbsvwxfye.mp4,0.1447817087173462
tscucodjsf.mp4,0.864423930644989
tsdyxxkswk.mp4,0.9596630334854126
tsdznnygdu.mp4,0.12060092389583588
tsemmqvtch.mp4,0.08800052851438522
tseoopukua.mp4,0.9118637442588806
tsevwssfmm.mp4,0.7674187421798706
tsfjumuayd.mp4,0.9836884140968323
tsfoxavpig.mp4,0.9894987940788269
tsgbactcqh.mp4,0.7824513912200928
tsgcssoqur.mp4,0.10443515330553055
tsgrfwkrpq.mp4,0.9550003409385681
tshzrrgznx.mp4,0.9776530265808105
tsidhveryz.mp4,0.7058242559432983
tsiybxecpy.mp4,0.9836639761924744
tskjnnvjsa.mp4,0.24512562155723572
tslmzdlrwt.mp4,0.3545210361480713
tslqtmoybi.mp4,0.9864052534103394
tslvvfelkq.mp4,0.5829104781150818
tsoqqcbsmx.mp4,0.8593335151672363
tsphyuydjj.mp4,0.9761450886726379
tsqacaahpj.mp4,0.19486242532730103
tsquvmborq.mp4,0.6500145792961121
tsrhomotnw.mp4,0.7232692241668701
tsrturndzh.mp4,0.39635202288627625
tsssvunxbs.mp4,0.1276310235261917
tssvjchlwe.mp4,0.9339337348937988
tstdqksicl.mp4,0.2158758044242859
tstuuttitb.mp4,0.9773699045181274
tsueokowln.mp4,0.9900000095367432
tsuqgeekdl.mp4,0.9899813532829285
tsuwjokkra.mp4,0.9736272692680359
tsvblzbrhz.mp4,0.8223949074745178
tsvivpurjs.mp4,0.9232003688812256
tsvtztuzyv.mp4,0.08611186593770981
tswmtnhfmn.mp4,0.9528106451034546
tswxrzbmrg.mp4,0.9580293893814087
tsxdgndtjs.mp4,0.9776743054389954
tsxkpsxzeo.mp4,0.9658609628677368
tsycwnssva.mp4,0.9262964129447937
tsysmawzmi.mp4,0.800072431564331
tsyterbepz.mp4,0.88728928565979
tsywoxwcyg.mp4,0.9879501461982727
tsyxvaseol.mp4,0.9343108534812927
tsyzjopkwc.mp4,0.6299835443496704
tszlmblfyi.mp4,0.9590892791748047
tszpeiqmlj.mp4,0.9474506974220276
ttaatgafav.mp4,0.9853442311286926
ttarpmofov.mp4,0.31448546051979065
ttaxezvfah.mp4,0.8846497535705566
ttbazvtelg.mp4,0.9773236513137817
ttckjjxzlq.mp4,0.21380531787872314
ttcpopibvv.mp4,0.8289316296577454
ttdeiwijfl.mp4,0.8913993239402771
ttdoufpizp.mp4,0.9634929299354553
ttdqufypgq.mp4,0.9765334129333496
ttdyyyurmb.mp4,0.9808951616287231
ttejnjklwk.mp4,0.9597037434577942
ttetdytpgh.mp4,0.9798942804336548
ttgfxftmyx.mp4,0.9899998903274536
ttgyygmioj.mp4,0.9842824339866638
ttgzukzxnw.mp4,0.9793401956558228
tthbqtxjzn.mp4,0.9884416460990906
tthdbizdpd.mp4,0.9713815450668335
tthtrbbwqc.mp4,0.6050959229469299
tthzwvzcir.mp4,0.11984456330537796
ttikysnxik.mp4,0.9833338856697083
ttizjhiwdt.mp4,0.942107617855072
ttjxosproz.mp4,0.20125636458396912
ttkhxwvmkm.mp4,0.96101975440979
ttlzknpenh.mp4,0.9843835234642029
ttmcywlhft.mp4,0.929975152015686
ttmvvejsem.mp4,0.9555076360702515
ttnabjytup.mp4,0.9833196997642517
ttnajmkchw.mp4,0.9841283559799194
ttneifrdwi.mp4,0.9229372143745422
ttnkdaeegv.mp4,0.9706580638885498
ttnpcklnuy.mp4,0.9813001751899719
ttnpjbugkg.mp4,0.9895471334457397
ttnqevvpjd.mp4,0.4944843351840973
ttobmbsfoo.mp4,0.269142210483551
ttparldmom.mp4,0.8936027884483337
ttpmnmfqyu.mp4,0.9643792510032654
ttpnpcrksg.mp4,0.1525336503982544
ttptjkbgfl.mp4,0.9578781127929688
ttpuegajcg.mp4,0.6354559063911438
ttqivwztsp.mp4,0.7907459735870361
ttrojbjmwb.mp4,0.9514647722244263
ttrvldfybz.mp4,0.8266602754592896
ttshpcbltc.mp4,0.10595670342445374
ttslztqwhg.mp4,0.9731220006942749
ttspguaped.mp4,0.9005222916603088
ttspsxomfi.mp4,0.9844849705696106
ttszqfsoki.mp4,0.9163879752159119
tttnfmobkg.mp4,0.9887980222702026
ttuihqevkr.mp4,0.9700685143470764
ttupsdiplu.mp4,0.942888081073761
ttuvdnmyue.mp4,0.9567094445228577
ttwtyqfhgo.mp4,0.8457090854644775
ttwzibdyja.mp4,0.9540510177612305
ttxgzyncay.mp4,0.9856947064399719
ttxxlrsjio.mp4,0.8978005051612854
ttyivknbzg.mp4,0.8223928213119507
ttzdwuqjuj.mp4,0.9825512766838074
ttzfojkcna.mp4,0.2189907282590866
ttzyhkkugz.mp4,0.9866024255752563
tualcoeyyu.mp4,0.941148042678833
tubdgpgrrl.mp4,0.9557684659957886
tucfsmbiop.mp4,0.20734567940235138
tucgexaclt.mp4,0.4902271628379822
tudhvzaumf.mp4,0.682138979434967
tudppsopzl.mp4,0.9891943335533142
tuedmfsldt.mp4,0.9898569583892822
tuehqilqlm.mp4,0.8434585928916931
tuejnxflke.mp4,0.977096676826477
tuexsjexvl.mp4,0.9879533052444458
tufbiaohaq.mp4,0.8892518877983093
tuhacvtkxk.mp4,0.7634949684143066
tuhmfvuxbe.mp4,0.9378958940505981
tuhplfgyig.mp4,0.9655864238739014
tuhxnjowwx.mp4,0.9724060297012329
tuiamailyy.mp4,0.6424989700317383
tukcocanpj.mp4,0.9899507761001587
tukjsxgkgq.mp4,0.9761875867843628
tunmsjunhl.mp4,0.9842635989189148
tuofsfbqfa.mp4,0.9898569583892822
tuohbdljsz.mp4,0.9869676828384399
tuokutdaqu.mp4,0.9899798035621643
tuonorfbpp.mp4,0.9091356992721558
tuowlpbeyy.mp4,0.9899999499320984
tupbtdthgn.mp4,0.9830702543258667
tuqdlhdizi.mp4,0.9425687193870544
tuqgljzqex.mp4,0.966698944568634
tuqgsyrvsj.mp4,0.9718919396400452
tuqxtlnsit.mp4,0.9878717064857483
turcfqzohb.mp4,0.6496096849441528
turhmezheg.mp4,0.40422219038009644
tuseenotyk.mp4,0.9890997409820557
tuspqonrmz.mp4,0.9884234666824341
tuspwtbyku.mp4,0.9421884417533875
tusyeuetbe.mp4,0.9887217283248901
tuvlavlccd.mp4,0.9898291230201721
tuwpwnleww.mp4,0.9314106106758118
tuxcettlkx.mp4,0.3279336988925934
tuxilwesnn.mp4,0.8917147517204285
tuxkqcphyd.mp4,0.935215175151825
tuxwejoxwa.mp4,0.9495317339897156
tvaqsqaiwp.mp4,0.9816107153892517
tvaucrpjyu.mp4,0.9554789662361145
tvazrcdkpq.mp4,0.9864867329597473
tvccutphzk.mp4,0.9784186482429504
tvcthtkrvc.mp4,0.9898330569267273
tvddjqbhho.mp4,0.3375622034072876
tvffpggbrc.mp4,0.12241609394550323
tvfyjxvmsi.mp4,0.9268636107444763
tvgalilkud.mp4,0.7186565399169922
tvgmcyuucu.mp4,0.9871724247932434
tvifqcgorm.mp4,0.9831265211105347
tvivpiqlcq.mp4,0.8205287456512451
tvizjprigb.mp4,0.8998150825500488
tvjccircgt.mp4,0.9555463790893555
tvjpcgbjnc.mp4,0.9824992418289185
tvkomshbiu.mp4,0.9717990756034851
tvkwgcxaaq.mp4,0.8438965082168579
tvkxahpxci.mp4,0.9529572129249573
tvldikzfgo.mp4,0.9578147530555725
tvleyudzsu.mp4,0.6059756875038147
tvltuhtylm.mp4,0.9563066959381104
tvmeuhemsm.mp4,0.9860242605209351
tvmzuxpluu.mp4,0.13414879143238068
tvnhbhcmra.mp4,0.9226639270782471
tvnhmwpqwt.mp4,0.974524974822998
tvnisvybvq.mp4,0.22147467732429504
tvnrihazgp.mp4,0.9876276254653931
tvnxbxkepd.mp4,0.9142194390296936
tvowbquorj.mp4,0.8046783804893494
tvowfywxab.mp4,0.9836633801460266
tvoyqshutk.mp4,0.16221344470977783
tvprrlprkh.mp4,0.7372631430625916
tvpvwxxfhw.mp4,0.8741605877876282
tvqawxstdq.mp4,0.7480173110961914
tvqmbcohnp.mp4,0.9816555380821228
tvrmnmnnjr.mp4,0.9672802686691284
tvrpxmyzky.mp4,0.9689536690711975
tvshbatdmr.mp4,0.9241455793380737
tvtomisfeo.mp4,0.7337701916694641
tvtrxluaca.mp4,0.5
tvuhwarvfv.mp4,0.9892783164978027
tvuoohmsvl.mp4,0.6468194127082825
tvutdegicm.mp4,0.9755539298057556
tvwyjnvbff.mp4,0.941802442073822
tvxnfvjtvw.mp4,0.9899999499320984
tvxrrbkzog.mp4,0.9826799035072327
tvxzanebzx.mp4,0.8788735270500183
tvyetovusc.mp4,0.47311437129974365
tvyrciwxjy.mp4,0.9452273845672607
tvyynmqlll.mp4,0.19919240474700928
tvzcqaoiok.mp4,0.9642975926399231
tvzlpdplrs.mp4,0.9899999499320984
tvzpuvfhxk.mp4,0.37589749693870544
twbbmcwkuj.mp4,0.9394935369491577
twbzqhwfug.mp4,0.9846407771110535
twdjnmqbwa.mp4,0.3367690145969391
twedxghltu.mp4,0.9723756313323975
twehitrqam.mp4,0.9872881174087524
twetrtahtt.mp4,0.9606151580810547
twfjiqvgpk.mp4,0.9400290846824646
twfknwahjz.mp4,0.12916070222854614
twftutgael.mp4,0.9755865931510925
twgnqdszeg.mp4,0.6158884167671204
twgsxvgxvq.mp4,0.9883043766021729
twgvbzaecy.mp4,0.2375258058309555
twgvxxxnqv.mp4,0.8434163331985474
twhbdcavuv.mp4,0.9672420024871826
twhmxneift.mp4,0.76715087890625
twhnhiaflq.mp4,0.9611689448356628
twhwouycfg.mp4,0.8259015679359436
twhzxprcqy.mp4,0.9605153799057007
twidckwatq.mp4,0.9862216114997864
twjasxgdxb.mp4,0.9846080541610718
twjbujrhxb.mp4,0.8155098557472229
twjdckwave.mp4,0.9623710513114929
twjrrqxque.mp4,0.9849409461021423
twkpeqxiww.mp4,0.9208975434303284
twmdeprxla.mp4,0.9365383386611938
twnjzqvlnn.mp4,0.885857105255127
twogaebjzx.mp4,0.307182252407074
twondkoqsr.mp4,0.9899376630783081
twoypgmkjj.mp4,0.9786165356636047
twpcdzcffq.mp4,0.8698946237564087
twqjktiolh.mp4,0.9899999499320984
twqzvsfqpj.mp4,0.9774240255355835
twsblybdag.mp4,0.968967616558075
twsijynhay.mp4,0.5659338235855103
twskdfzqqg.mp4,0.9816343784332275
twtqbhgjlm.mp4,0.9899608492851257
twtrgjvbic.mp4,0.738070011138916
twtuhwhglv.mp4,0.9527269601821899
twuetomiis.mp4,0.9688031673431396
twuyxulwye.mp4,0.9714277982711792
twvvpbtdzm.mp4,0.9900000095367432
twwqomtcld.mp4,0.8623325824737549
twwxfkocjh.mp4,0.4275434911251068
twwyffjbsq.mp4,0.8751395344734192
twxgdwreye.mp4,0.687339723110199
twxhtqqvsy.mp4,0.3676857054233551
twyqjppxhj.mp4,0.7008686661720276
twyxajmmud.mp4,0.9700365662574768
twznnuzhuh.mp4,0.771727979183197
txboupeqha.mp4,0.9339669346809387
txcbqzervc.mp4,0.04988197982311249
txdhkcamyp.mp4,0.9756574630737305
txdlctsgnz.mp4,0.9779022932052612
txdpukhdbs.mp4,0.9898563623428345
txeflzyhit.mp4,0.9481335282325745
txfhiwipsr.mp4,0.12392062693834305
txfozivwlq.mp4,0.16572482883930206
txgnvdjpfl.mp4,0.9571383595466614
txgpzepsiq.mp4,0.9899999499320984
txgvmnalxq.mp4,0.8854169845581055
txhibvcheh.mp4,0.9896542429924011
txhxcswliu.mp4,0.9897393584251404
txiegxfhjs.mp4,0.9825919270515442
txilgtwyvc.mp4,0.9781458377838135
txitsdxsby.mp4,0.9811755418777466
txjymvxbgf.mp4,0.9599712491035461
txkiaghiuj.mp4,0.9451299905776978
txkmfseehd.mp4,0.9385416507720947
txlbaahrjw.mp4,0.9763991832733154
txlvflemac.mp4,0.9798626899719238
txplcagttp.mp4,0.9696342945098877
txpsdrqaqv.mp4,0.9856827855110168
txpwiknfnx.mp4,0.9277054071426392
txpybjybdh.mp4,0.9852895140647888
txqeizhvzf.mp4,0.8876784443855286
txqjviakef.mp4,0.8091692924499512
txrjrakxll.mp4,0.988752543926239
txrosoxcab.mp4,0.9181442260742188
txrpnykqqy.mp4,0.9352810382843018
txrsqajykv.mp4,0.954432487487793
txshgvrava.mp4,0.11814730614423752
txsqtuwbqf.mp4,0.9013193845748901
txtbpgfzzi.mp4,0.9900001287460327
txtcnkprtn.mp4,0.9859412908554077
txueqmcalh.mp4,0.2111721634864807
txvaqhlhts.mp4,0.98825603723526
txvfdvoxfa.mp4,0.9523353576660156
txxebsjqvw.mp4,0.9040298461914062
txxevapkkh.mp4,0.968646228313446
txxswotlzl.mp4,0.8716583847999573
txybycxcxq.mp4,0.9864879250526428
txywmpduxj.mp4,0.1943206787109375
txzydhejdx.mp4,0.951179027557373
txzzgoudlf.mp4,0.9883304238319397
tyakheorkb.mp4,0.9246366024017334
tyatbyiulg.mp4,0.5636491179466248
tycakarvpn.mp4,0.30961599946022034
tycckhxejh.mp4,0.9801884293556213
tycnpummbw.mp4,0.9767212867736816
tycvfrhzlq.mp4,0.8973487615585327
tydgbpqhws.mp4,0.12193910032510757
tydwfsugaq.mp4,0.6606422662734985
tyeqemuntr.mp4,0.9295834302902222
tyeylevexm.mp4,0.6333954334259033
tyezdclxvc.mp4,0.2103089541196823
tyfkqgzvhn.mp4,0.9895214438438416
tygdxvvjlk.mp4,0.9783963561058044
tyglqjlgmo.mp4,0.9854272603988647
tygltdzubn.mp4,0.989861786365509
tygwurlgrs.mp4,0.9899998307228088
tyhcyogsop.mp4,0.9789023995399475
tyheigivpq.mp4,0.9613893032073975
tyhpiabguv.mp4,0.9506641030311584
tyhrtgjmoa.mp4,0.8117015361785889
tyhykbqbab.mp4,0.10060925781726837
tyiazydvns.mp4,0.9782822132110596
tyiezazgug.mp4,0.9900001287460327
tyijqmixbp.mp4,0.8252623081207275
tyiwrbwibo.mp4,0.9900000691413879
tyjdtibczq.mp4,0.9885267615318298
tyjxmknivy.mp4,0.5789471864700317
tykghgkrpm.mp4,0.9085537195205688
tyktzdbkjg.mp4,0.36654219031333923
tyluelydzm.mp4,0.9319297671318054
tylvugyyfy.mp4,0.9552847743034363
tymcuyunhe.mp4,0.271470308303833
tymhvqkpdp.mp4,0.9898967146873474
tymyjhafis.mp4,0.9848591685295105
tyocdxkstw.mp4,0.9744284749031067
typcleiyai.mp4,0.9786041975021362
typtqkjnva.mp4,0.9071281552314758
tyqjqawlyu.mp4,0.9890274405479431
tyqziqvxhw.mp4,0.9697616100311279
tyrhexxoge.mp4,0.9762263894081116
tyrkdrfzsg.mp4,0.9458557963371277
tyrzltyeet.mp4,0.7142050862312317
tyshwhdnti.mp4,0.9776192903518677
tyspjrtmot.mp4,0.2990342676639557
tyswjkrowg.mp4,0.9145016670227051
tytlxfqksf.mp4,0.9423085451126099
tyuiftjksw.mp4,0.9879330396652222
tywrqoumuc.mp4,0.6949104070663452
tyxiuohdfk.mp4,0.9387524724006653
tyxsgbghyz.mp4,0.977897584438324
tyyijtlgys.mp4,0.7856038212776184
tyzqpgyhhp.mp4,0.5524788498878479
tzafafmqrl.mp4,0.9585270881652832
tzaicpbnog.mp4,0.6568121314048767
tzbnbzlpoh.mp4,0.8720273971557617
tzbrooiwuk.mp4,0.9874752163887024
tzdbqhknxg.mp4,0.9888611435890198
tzdozaagcd.mp4,0.9833440780639648
tzectnaqyj.mp4,0.22812239825725555
tzeushzkoj.mp4,0.40041396021842957
tzewrcebfr.mp4,0.3142511248588562
tzflghmsed.mp4,0.713529109954834
tzgaghfpww.mp4,0.8584848046302795
tzhbdzcrbt.mp4,0.7166333794593811
tzhcjdvaoi.mp4,0.9695196151733398
tzhqbgyftz.mp4,0.9897405505180359
tzhvatiemi.mp4,0.9139825701713562
tzieufabln.mp4,0.1103743463754654
tzkglkvofq.mp4,0.9803187847137451
tzkkqywuqz.mp4,0.4321226179599762
tzmizwnrky.mp4,0.6078317165374756
tzmjpwetxk.mp4,0.5114231705665588
tzmqfjsfxp.mp4,0.9865989685058594
tznfndhciu.mp4,0.22329939901828766
tzodxkvvdq.mp4,0.6665185689926147
tzopbjhajl.mp4,0.7042282819747925
tzowhyhbvu.mp4,0.46937987208366394
tzowwbwfwe.mp4,0.17592571675777435
tzqacklzyt.mp4,0.9827160239219666
tzrmdeizco.mp4,0.9881908893585205
tzrwnpqyev.mp4,0.837725043296814
tztayrjnhd.mp4,0.9692735075950623
tztczcujqt.mp4,0.9836509823799133
tztehbwdcg.mp4,0.1355939358472824
tzuooyvbgp.mp4,0.8887544274330139
tzuqmumzrs.mp4,0.989936888217926
tzvifcoosi.mp4,0.13976819813251495
tzvvzcdldj.mp4,0.9432135820388794
tzwitggfhn.mp4,0.9675799012184143
tzwjkdgfcy.mp4,0.9895913600921631
tzwjmlybpn.mp4,0.9672496914863586
tzwjstiltl.mp4,0.9842668175697327
tzwrmkepyc.mp4,0.7369575500488281
tzwthejbpe.mp4,0.9814455509185791
tzybvmvyyd.mp4,0.9325568675994873
tzyhepkkew.mp4,0.28330621123313904
tzzkpikzcx.mp4,0.44730910658836365
tzzowhqrfw.mp4,0.9898996949195862
tzzpofvhji.mp4,0.9770191311836243
tzztpzvjik.mp4,0.9887896776199341
tzzwqaxtrk.mp4,0.982945442199707
uaatopoexy.mp4,0.9899792671203613
uacorxsmpx.mp4,0.6507678627967834
uacpdaskeu.mp4,0.862170934677124
uacueksmdr.mp4,0.9566934704780579
uadjqcpazo.mp4,0.9899998903274536
uadqvxwsxp.mp4,0.9850183129310608
uafpckeiyf.mp4,0.32388734817504883
uagkrixiwa.mp4,0.9756062030792236
uagswfjjsm.mp4,0.9899999499320984
uagwnsoszd.mp4,0.9498583674430847
uahckunyap.mp4,0.9294939637184143
uahedawjmj.mp4,0.9370548129081726
uahmcdqhgo.mp4,0.9817215204238892
uahxrmkpkt.mp4,0.987750768661499
uaivywpfxw.mp4,0.9267206192016602
uakyftdzes.mp4,0.7294099926948547
ualxzvqonf.mp4,0.7730780243873596
uamozyuslc.mp4,0.9869809150695801
uannnudkig.mp4,0.981427788734436
uanuuvqwnt.mp4,0.9786632061004639
uaocvaeghd.mp4,0.9888197779655457
uaonslxgtx.mp4,0.9899999499320984
uapnddxvjk.mp4,0.9300357103347778
uaprallcni.mp4,0.9483956098556519
uaqsajoudl.mp4,0.45030006766319275
uaqurcripg.mp4,0.9885499477386475
uaqvffouxp.mp4,0.7985236644744873
uarfnpuayt.mp4,0.9808645248413086
uarkueisee.mp4,0.174138605594635
uarqstmana.mp4,0.19288574159145355
uasondsxfr.mp4,0.842111349105835
uasrnbxdby.mp4,0.9879346489906311
uatsfwahwn.mp4,0.13106438517570496
uauaqljioo.mp4,0.9672094583511353
uavnqivqas.mp4,0.7233370542526245
uavwpeximn.mp4,0.8355527520179749
uavxwetbmp.mp4,0.9896262884140015
uawcwshloc.mp4,0.9829640984535217
uawnxfdeof.mp4,0.9829214215278625
uaxmqpmswz.mp4,0.08334503322839737
uayodrbpyi.mp4,0.8349271416664124
uazxeiwcrh.mp4,0.8772173523902893
ubaczmonai.mp4,0.9896012544631958
ubaeqdbaut.mp4,0.8387332558631897
ubasafrfsx.mp4,0.9091707468032837
ubbqzreokx.mp4,0.8112984895706177
ubbwxjtcxo.mp4,0.9850899577140808
ubbzrfgzer.mp4,0.14044833183288574
ubdouhkxfs.mp4,0.8352892994880676
ubdvfljeha.mp4,0.12682147324085236
ubeftiwrrg.mp4,0.2384503334760666
ubeujmdnbg.mp4,0.9562930464744568
ubewydpmgn.mp4,0.9755925536155701
ubgbencriw.mp4,0.9818597435951233
ubgvhnlxkb.mp4,0.9792861342430115
ubhxbrmrhk.mp4,0.9899999499320984
ubjqfjmljw.mp4,0.84242182970047
ubkjgqjzwl.mp4,0.819622814655304
ubkykpofff.mp4,0.754111111164093
ubkznqreys.mp4,0.7835183143615723
ubmugwqfol.mp4,0.9734102487564087
ubnevwpkgd.mp4,0.9900001287460327
ubnfluppcb.mp4,0.9899972677230835
ubopcfrdsf.mp4,0.9568507671356201
ubqpakoobv.mp4,0.9424784779548645
ubrvtqznom.mp4,0.5653022527694702
ubtdgoxibk.mp4,0.3108454644680023
ubtikiqoeg.mp4,0.9896425008773804
ubutlicfsd.mp4,0.9576274752616882
ubvbukkwmo.mp4,0.9654761552810669
ubvetbtujo.mp4,0.9900000691413879
ubvnwlwuky.mp4,0.9729931950569153
ubvugaiutf.mp4,0.9761790633201599
ubxljabbvc.mp4,0.9544093012809753
ubydbjxdmr.mp4,0.1738436073064804
ubyrgvlqlz.mp4,0.9746110439300537
ubzwpartrm.mp4,0.8134531378746033
ucazfkenjx.mp4,0.9895625114440918
ucbakeloqw.mp4,0.9597181081771851
ucbfsyxnuu.mp4,0.8356361985206604
ucbgfvxgcf.mp4,0.9813908934593201
ucbzlaiaut.mp4,0.9779398441314697
ucdcxqjxxy.mp4,0.9720199704170227
ucdxdikiee.mp4,0.9779329299926758
ucexeajwns.mp4,0.9829516410827637
ucfczepxoq.mp4,0.7640669345855713
ucfoqnytpf.mp4,0.13848823308944702
ucfuqbrrcc.mp4,0.24076271057128906
ucgookdwqm.mp4,0.9899999499320984
uchjyaeqnm.mp4,0.9569355845451355
uchuazawmt.mp4,0.9548733830451965
ucijajsrtu.mp4,0.53834068775177
ucinamccsx.mp4,0.9900000691413879
ucipjeryff.mp4,0.6818938851356506
ucjdnexpkr.mp4,0.9642106294631958
ucjzvclvrq.mp4,0.9506145715713501
uckscgssmu.mp4,0.3136354982852936
uclacnshpd.mp4,0.09058672189712524
ucljktpwrh.mp4,0.7560040950775146
uclzxnftij.mp4,0.9433505535125732
ucmaekqmxy.mp4,0.7577279806137085
ucmfbukrkj.mp4,0.16414344310760498
ucmgkukqpg.mp4,0.08014673739671707
ucmjjvdmzf.mp4,0.9302414059638977
ucmxzhjjio.mp4,0.9827539324760437
ucnehbdydg.mp4,0.3633378744125366
ucotuvlloo.mp4,0.09665520489215851
ucpnuwaszw.mp4,0.981315016746521
ucputfupah.mp4,0.2199074923992157
ucqrttbieb.mp4,0.864953339099884
ucqvmegfci.mp4,0.9790942668914795
ucrcbovlbu.mp4,0.963425874710083
ucrpkxqxoy.mp4,0.8361067771911621
ucryyubbqk.mp4,0.5420992374420166
ucsxrkwjeu.mp4,0.9144441485404968
ucteqgplkr.mp4,0.9375138878822327
uctnnuqyxe.mp4,0.9893713593482971
uctzrohtlt.mp4,0.9140117168426514
ucufuvhwqv.mp4,0.9216742515563965
ucugtwgmrt.mp4,0.9530472755432129
ucuicuxuum.mp4,0.956170916557312
ucuziogliw.mp4,0.971781849861145
ucwqruljku.mp4,0.9711270332336426
ucxdacbmhu.mp4,0.9877771139144897
ucxnaqenaw.mp4,0.1863020807504654
ucxowzeosz.mp4,0.984065592288971
ucxvmskxnq.mp4,0.9810788035392761
ucyuwurana.mp4,0.8231036067008972
uczjjwgkoz.mp4,0.9280543327331543
uczpqizegg.mp4,0.97580885887146
udaltwcgch.mp4,0.9024819135665894
udbqzbqoty.mp4,0.9865828156471252
udbygnpoix.mp4,0.9088428020477295
udcpjfvqro.mp4,0.8477805256843567
udcvbjmalz.mp4,0.9851394891738892
uddhsafcuq.mp4,0.16028471291065216
uddmjkewsv.mp4,0.885043740272522
udfiqkaajp.mp4,0.9891030788421631
udfmgkjhnq.mp4,0.9474157691001892
udgxoewuqf.mp4,0.8721600770950317
udhjcljtxr.mp4,0.10979735106229782
udiapjqeaf.mp4,0.9645457863807678
udiekxzeus.mp4,0.9735482931137085
udkrxqdbmx.mp4,0.9848016500473022
udlbacrypm.mp4,0.9855062961578369
udlhyjwokj.mp4,0.9885149598121643
udmeldbnbc.mp4,0.9820173382759094
udmlfkqvrz.mp4,0.9777200818061829
udmyftnraz.mp4,0.9900000691413879
udondgvmxg.mp4,0.9795247912406921
udopdmkptf.mp4,0.9859321713447571
udoprmzaws.mp4,0.8701640963554382
udovtbsosl.mp4,0.9899998903274536
udqmtqsfgp.mp4,0.9202792644500732
udsaeobgzy.mp4,0.9374990463256836
udtlwsptql.mp4,0.957587480545044
uduhjboqul.mp4,0.9460391402244568
uduidrxdge.mp4,0.9885766506195068
udvbdqsfdj.mp4,0.46040138602256775
udvjwmiwlr.mp4,0.17920391261577606
udvkbiatof.mp4,0.9900000095367432
udvrglbfcm.mp4,0.9817509651184082
udvyumbltk.mp4,0.8254730105400085
udvzsjgjjv.mp4,0.9459906220436096
udwfnpifkh.mp4,0.9601512551307678
udxlfkswse.mp4,0.5769116282463074
udygaigkzn.mp4,0.8779230713844299
udykwnzior.mp4,0.989910364151001
udynwctfkp.mp4,0.980056643486023
udzgjsohky.mp4,0.9041589498519897
udzpbdfxxq.mp4,0.9899815320968628
udzqgcvpyc.mp4,0.9448556303977966
ueaexetysz.mp4,0.9790959358215332
ueatdgjfmi.mp4,0.9527804851531982
uebkyvdovg.mp4,0.23599036037921906
uebtnuadbc.mp4,0.9824085235595703
uedejxevad.mp4,0.8425552845001221
uedhrkjsts.mp4,0.9531358480453491
ueepreoehb.mp4,0.13788127899169922
ueetmeckna.mp4,0.9800437092781067
uefibkzmxf.mp4,0.8567929267883301
ueftcpewmr.mp4,0.9033088684082031
uefyogluva.mp4,0.9893596172332764
uegbdtjxgz.mp4,0.08436524122953415
uegcobaebi.mp4,0.9859881401062012
uegkvbnpwm.mp4,0.3221404552459717
uehbcgdudu.mp4,0.12582482397556305
ueibdvpitk.mp4,0.9852370619773865
ueidqotxkz.mp4,0.9810448288917542
ueigtgcuwb.mp4,0.9532585144042969
uejyfbbyzy.mp4,0.9862044453620911
uekbdxgnip.mp4,0.1289718598127365
uekjzshnwo.mp4,0.973623514175415
uelanbinme.mp4,0.9694719314575195
uemrhunqfg.mp4,0.965357780456543
uemxcwafyc.mp4,0.9898579120635986
uenjyupjyj.mp4,0.9835034012794495
uenwpeiaev.mp4,0.5071523189544678
ueonhdvfdb.mp4,0.9887266159057617
ueoosdrklc.mp4,0.9404890537261963
uepnpgrhzn.mp4,0.963319718837738
uepsmvfvyy.mp4,0.9753841757774353
uepzadisje.mp4,0.9899998307228088
ueqdjrngyo.mp4,0.8859203457832336
uerapqglmr.mp4,0.6119028329849243
uerfbpgdbq.mp4,0.972410261631012
uernqkytai.mp4,0.9405302405357361
uerpntagly.mp4,0.9884383082389832
uersnquxyv.mp4,0.6374468803405762
uesajynrjx.mp4,0.9191957712173462
uescttvvue.mp4,0.17019273340702057
ueshqvntrl.mp4,0.989202618598938
uespfgstut.mp4,0.9156608581542969
uesyklfgjj.mp4,0.6110140085220337
ueszxbwgkz.mp4,0.9843780398368835
uetfcmaryk.mp4,0.1599070280790329
uetiqgpkut.mp4,0.8444674611091614
uetqkzhzyq.mp4,0.9849690794944763
ueubtanxdy.mp4,0.18107803165912628
ueuewllftq.mp4,0.305298388004303
uevfzpgrbk.mp4,0.979796290397644
uevxdeenvj.mp4,0.28278836607933044
uewjjyovkw.mp4,0.6331692337989807
uewrivutuy.mp4,0.945624589920044
uewvyltinv.mp4,0.11315318197011948
uexutnlpdh.mp4,0.8874717950820923
ueypichnye.mp4,0.15360847115516663
ueyqiwnaka.mp4,0.9215242862701416
uezivatpvs.mp4,0.26414138078689575
uezqggbrcf.mp4,0.11272704601287842
ufaeofhqmy.mp4,0.9899998307228088
ufbbmuquvp.mp4,0.9824563264846802
ufbknuufrs.mp4,0.7854536771774292
ufckihneoa.mp4,0.9375102519989014
ufcxtzoxhl.mp4,0.9888503551483154
ufeqnlerfw.mp4,0.6688560247421265
ufeyqlcmqu.mp4,0.9618894457817078
ufezgkiqjy.mp4,0.9554862976074219
uffdtmiwep.mp4,0.3800288438796997
uffpenifmn.mp4,0.9899999499320984
uffsdzapva.mp4,0.9765530228614807
uffvswrkim.mp4,0.8309175372123718
ufhmekgpzq.mp4,0.9765414595603943
ufhsosbhrl.mp4,0.9887475967407227
ufipyxggkp.mp4,0.7299188375473022
ufizpokygp.mp4,0.15363618731498718
ufkkogcskn.mp4,0.9355069994926453
ufkuvxsouo.mp4,0.9816431403160095
ufldhiyoue.mp4,0.9900001883506775
uflmfdrfhb.mp4,0.9900001287460327
ufmaxtcrwz.mp4,0.3737447261810303
ufmhtoqirq.mp4,0.9665417671203613
ufmnipobjc.mp4,0.9703308343887329
ufmoxddxcd.mp4,0.8619672060012817
ufmuprtnyx.mp4,0.9880115985870361
ufnclfkxtl.mp4,0.9899884462356567
ufnjieanun.mp4,0.9660655856132507
ufnufdtqtt.mp4,0.9868143200874329
ufolikvolv.mp4,0.9462081789970398
ufplgyxega.mp4,0.9869420528411865
ufpnuejkxz.mp4,0.9207013249397278
ufptyivwgr.mp4,0.929435670375824
ufqdkwuzeb.mp4,0.24363718926906586
ufqeokijvk.mp4,0.17862604558467865
ufqjmibvkq.mp4,0.8710275292396545
ufqqjghikx.mp4,0.14010602235794067
ufrizjdfqj.mp4,0.9762118458747864
ufryblrohx.mp4,0.9353256225585938
ufsbizfrxl.mp4,0.9478169679641724
ufscdwpbkw.mp4,0.9659253358840942
uftuqhiyzi.mp4,0.9877184629440308
uftzuzdncw.mp4,0.9886098504066467
ufulktfywv.mp4,0.9886772632598877
ufunfswczg.mp4,0.19772197306156158
ufvfndsadp.mp4,0.912280261516571
ufvhgbesxf.mp4,0.9900001287460327
ufwezjezip.mp4,0.9815964698791504
ufwjozzcpd.mp4,0.9883291721343994
ufxafdxpat.mp4,0.05638172850012779
ufyenconbv.mp4,0.9835050702095032
ufyiaejjmt.mp4,0.9753962159156799
ufyrmbxahb.mp4,0.758894681930542
ufyyxquyaa.mp4,0.9865455031394958
ufzpaevwrr.mp4,0.24169938266277313
ufzpkasigm.mp4,0.9899126291275024
ufzrjhsqkw.mp4,0.9799264073371887
ufzrwyudhr.mp4,0.9719557762145996
ufzurbscda.mp4,0.9799176454544067
ufzwbdynqt.mp4,0.8612902164459229
ufzxfkwaxx.mp4,0.9877490997314453
ugaeyybdeg.mp4,0.9436819553375244
ugafqbbxhq.mp4,0.9753294587135315
ugagvibmsu.mp4,0.5207960605621338
ugahgbupwz.mp4,0.9894893169403076
ugamwfwnmq.mp4,0.9834635853767395
ugappgpcty.mp4,0.9810829162597656
ugbqimxwhj.mp4,0.674961268901825
ugbvacemrs.mp4,0.9050950407981873
ugbvcucfwc.mp4,0.7340450882911682
ugcuqdtqqf.mp4,0.8208553791046143
ugcvaezeio.mp4,0.259365051984787
ugdccvnrxi.mp4,0.9891772270202637
ugdepqjmlc.mp4,0.9774373173713684
ugdlazckto.mp4,0.11559579521417618
ugevnsoemv.mp4,0.952136754989624
uggcsrxjxa.mp4,0.9865573048591614
uggjvftuua.mp4,0.5524145364761353
uggnfmqfka.mp4,0.9431104063987732
uggnyxhqbi.mp4,0.7383388876914978
ughzjpnyss.mp4,0.985065758228302
ugitfhliiq.mp4,0.15004050731658936
ugiwnoaltx.mp4,0.9790106415748596
ugkwxruczv.mp4,0.9896135330200195
uglfptoirh.mp4,0.9856850504875183
uglsgrmcbr.mp4,0.9894505143165588
ugndmaamyq.mp4,0.9397653937339783
ugnkgmthhq.mp4,0.5488408803939819
ugnnkhxjsr.mp4,0.8930302858352661
ugnqazwhgb.mp4,0.8386166095733643
ugoiyutczh.mp4,0.6451869606971741
ugooshulwj.mp4,0.17906510829925537
ugpesqbrdu.mp4,0.8803538084030151
ugqbsegika.mp4,0.23548828065395355
ugqlenmrtl.mp4,0.21609941124916077
ugqmwxqgck.mp4,0.16155055165290833
ugqrmagfps.mp4,0.9288389086723328
ugriuqabdp.mp4,0.9598852396011353
ugrkszjion.mp4,0.9127677083015442
ugsngvegeb.mp4,0.9276917576789856
ugteohzsut.mp4,0.9678146243095398
ugtoipqlja.mp4,0.952404260635376
ugujwdhxjd.mp4,0.8470298051834106
ugvurtaxqv.mp4,0.6865467429161072
ugwotrmxag.mp4,0.8737727999687195
ugxoajwoiy.mp4,0.8945635557174683
ugxqwwjrpb.mp4,0.9412174820899963
ugxqzksovp.mp4,0.9742732644081116
ugxzhlqxpf.mp4,0.9900000095367432
ugybuhnuoy.mp4,0.13620051741600037
ugyeuuwkla.mp4,0.09477084130048752
ugygvsdatj.mp4,0.989922821521759
ugzonpnovr.mp4,0.9874152541160583
ugzrhiwigv.mp4,0.5704518556594849
ugzzotnqbh.mp4,0.8773757815361023
uhaozesefw.mp4,0.9476151466369629
uhawwtdxbl.mp4,0.8687517642974854
uhbbfvhnpe.mp4,0.9872662425041199
uhbqewipcd.mp4,0.24577166140079498
uhbxhharht.mp4,0.848372220993042
uhccchvlop.mp4,0.9084334969520569
uhcowpcuok.mp4,0.9653700590133667
uhcyauurnh.mp4,0.9899632930755615
uhcyyrpscf.mp4,0.9609510898590088
uhddzxthgf.mp4,0.9008728861808777
uhdfvpnezl.mp4,0.9648434519767761
uhebylplqw.mp4,0.9826896786689758
uhekljjqtj.mp4,0.9155827164649963
uheoswsuja.mp4,0.3903772234916687
uhfckvfofy.mp4,0.7959839105606079
uhfqabofgg.mp4,0.9819114208221436
uhfrjeyveg.mp4,0.9891430735588074
uhgfhzxdkb.mp4,0.45200926065444946
uhgtynaaxi.mp4,0.9754101037979126
uhhbqnlthf.mp4,0.9867783188819885
uhhfwrqons.mp4,0.7179310917854309
uhhmiswpxi.mp4,0.9269433617591858
uhhochbcgk.mp4,0.5
uhhzxsluka.mp4,0.9536483287811279
uhjvpeoagd.mp4,0.9898339509963989
uhjzkwfeqk.mp4,0.8912121057510376
uhkmsuosni.mp4,0.977902889251709
uhknwoqaxo.mp4,0.9886646866798401
uhksnblalh.mp4,0.9627432227134705
uhmhdbgvwr.mp4,0.9709579944610596
uhmixfmlpt.mp4,0.7582144141197205
uhnaizpqtj.mp4,0.8595188856124878
uhndegdcvw.mp4,0.8596434593200684
uhnhexuqcv.mp4,0.9900001883506775
uhorhpfohw.mp4,0.803878903388977
uhrwuwgcyz.mp4,0.5927067399024963
uhsfwtmkrm.mp4,0.9702644348144531
uhskcqybgm.mp4,0.9554086923599243
uhsplcyhds.mp4,0.7985576391220093
uhssjxjqsb.mp4,0.9899460077285767
uhswpjqirh.mp4,0.985133171081543
uhswwyrhon.mp4,0.6056512594223022
uhtfrxfdfo.mp4,0.9761672019958496
uhtixmsrkw.mp4,0.9409828186035156
uhtnbqrrzx.mp4,0.9449259042739868
uhutmeamhm.mp4,0.9722291231155396
uhvmrfksax.mp4,0.8813249468803406
uhvsrhbtwt.mp4,0.9755299687385559
uhwqhrpkfr.mp4,0.9114471673965454
uhwtmcssjh.mp4,0.921505868434906
uhwvultbtb.mp4,0.9899999499320984
uhyizbpmzk.mp4,0.37907543778419495
uhykndptvh.mp4,0.3264196217060089
uhynwthfhf.mp4,0.3192877471446991
uhyrdsuruo.mp4,0.9751244783401489
uhyujckuan.mp4,0.8985340595245361
uhywfefjth.mp4,0.9881885647773743
uhzfamieuz.mp4,0.9587215185165405
uhzkiwaftk.mp4,0.9865763783454895
uhzlbtrvme.mp4,0.9473739862442017
uhzuqaedfo.mp4,0.988785982131958
uiauimdvsa.mp4,0.9783980846405029
uibsxskypy.mp4,0.9900001287460327
uicmpptfdm.mp4,0.511864960193634
uicwisezwg.mp4,0.3561651110649109
uicxnnhven.mp4,0.9896774888038635
uifapvqsvw.mp4,0.9731910228729248
uifivxqvnp.mp4,0.5791794061660767
uifsaeponw.mp4,0.9882857799530029
uigpzvckuc.mp4,0.9387961030006409
uihhczxmqr.mp4,0.2536834478378296
uihpdaqxau.mp4,0.8946342468261719
uiiefiddbu.mp4,0.9863633513450623
uiiehkxvew.mp4,0.4737361669540405
uiipbgczmx.mp4,0.9159678816795349
uiisqrsxtd.mp4,0.9018818140029907
uijodhxavs.mp4,0.9876712560653687
uijsszexav.mp4,0.37756863236427307
uikdbchdjm.mp4,0.9881772994995117
uikdqlccas.mp4,0.856709897518158
uikhuivfom.mp4,0.9900000691413879
uilypbkthd.mp4,0.9519858360290527
uilzfjlhxb.mp4,0.707065761089325
uimkoyxrjp.mp4,0.6168555021286011
uimvmzaveh.mp4,0.9066001176834106
uinhlopjgs.mp4,0.965653121471405
uinqbonxod.mp4,0.8924652934074402
uioftdjrgq.mp4,0.9788854718208313
uiorebzitw.mp4,0.9870562553405762
uiouplsood.mp4,0.6668108105659485
uioxplbbbt.mp4,0.15630565583705902
uipcqpdyef.mp4,0.3753734529018402
uipnxxcpwk.mp4,0.1165647953748703
uipujsobwe.mp4,0.9162690043449402
uiqmumgafo.mp4,0.9660435914993286
uiqryfrmiy.mp4,0.46131524443626404
uirbjvjowz.mp4,0.8639647960662842
uirbsagvgg.mp4,0.14837731420993805
uirnetlwhl.mp4,0.983664870262146
uirqyhpswp.mp4,0.17633084952831268
uisrispicg.mp4,0.8886932134628296
uitpahefah.mp4,0.9513751268386841
uitpfwppcm.mp4,0.9830003976821899
uiuritmtkl.mp4,0.7782663106918335
uiutzqhdqn.mp4,0.8567101955413818
uivxkfydjx.mp4,0.9347068667411804
uiwxbwiilr.mp4,0.9888439178466797
uiykwgaarz.mp4,0.9793088436126709
uiylhiemwp.mp4,0.987354576587677
ujaehtqxde.mp4,0.9583054780960083
ujaobhugdf.mp4,0.9830515384674072
ujashjvlpt.mp4,0.7385165095329285
ujbdgblolk.mp4,0.9900000095367432
ujbqwvaack.mp4,0.7215721607208252
ujcaowotrc.mp4,0.8379679918289185
ujddfaoxqq.mp4,0.6162800192832947
ujdpypuzmd.mp4,0.9713906049728394
ujdzutgpbr.mp4,0.958439290523529
ujesaqwitp.mp4,0.92747962474823
ujewbyvruv.mp4,0.7771995067596436
ujfebxyvdr.mp4,0.9060625433921814
ujfyfyhfiz.mp4,0.987811803817749
ujgcgqysia.mp4,0.17096039652824402
ujgjwwqebw.mp4,0.9856817722320557
ujhhksskil.mp4,0.9883946776390076
ujhjgutsfc.mp4,0.9424354434013367
ujinondbrv.mp4,0.7421332597732544
ujjkzsdtiz.mp4,0.3372592628002167
ujjlelliwc.mp4,0.9054110050201416
ujkjagqvae.mp4,0.5
ujmgyxgoss.mp4,0.9899201393127441
ujokxjazjz.mp4,0.979346513748169
ujoyxrqwud.mp4,0.25746679306030273
ujqdkbogdl.mp4,0.9878718852996826
ujqlkpuohi.mp4,0.9890206456184387
ujqsadgjxw.mp4,0.944771945476532
ujrmoxcxjz.mp4,0.9775022268295288
ujrybviukn.mp4,0.8564138412475586
ujtagofmfe.mp4,0.8708821535110474
ujtvfxcwqq.mp4,0.9841577410697937
ujtvukaomn.mp4,0.9761912822723389
ujunqskegt.mp4,0.5758391618728638
ujvefgmdbx.mp4,0.6870776414871216
ujvfjetoti.mp4,0.3785841166973114
ujvxohohuq.mp4,0.4925704002380371
ujxtugyffe.mp4,0.9828280210494995
ujxusdbteh.mp4,0.975111722946167
ujxzmdswfk.mp4,0.24848945438861847
ujyeiolabx.mp4,0.8933766484260559
ujysvoqnvq.mp4,0.9896698594093323
ujzduhqgiv.mp4,0.8652746081352234
ukadcylgrg.mp4,0.9899998903274536
ukahuysdcs.mp4,0.9811148047447205
ukapiztezj.mp4,0.9890128374099731
ukbffptlvj.mp4,0.9869765639305115
ukcirjgasd.mp4,0.8334474563598633
ukclynosts.mp4,0.9033417105674744
ukcwgfxugy.mp4,0.8308101892471313
ukcyzdgtcx.mp4,0.9764487147331238
ukddragknx.mp4,0.9851170182228088
ukdkpbfakp.mp4,0.9880004525184631
ukdququojq.mp4,0.10018688440322876
ukdxjfskpf.mp4,0.9871305227279663
ukflzvniyp.mp4,0.9899999499320984
ukfpgxoyyq.mp4,0.9873894453048706
ukhxncuuys.mp4,0.9081375598907471
ukiaaxuliu.mp4,0.27502501010894775
ukirzltdhx.mp4,0.9700577855110168
ukjlzxvlkz.mp4,0.9855837821960449
ukkqbsvhtw.mp4,0.8870317339897156
uklgnlpbsp.mp4,0.27626484632492065
ukmiuwpsif.mp4,0.1395741105079651
ukmurtebpz.mp4,0.8802738785743713
uknlhztnly.mp4,0.9341410398483276
uknoecdzdi.mp4,0.967698335647583
ukoerjqjcj.mp4,0.9869020581245422
ukoocfhise.mp4,0.22177685797214508
ukotfzrlge.mp4,0.17806380987167358
ukpgboldxc.mp4,0.9507189989089966
ukpzcalere.mp4,0.9843177795410156
ukqigddbbz.mp4,0.9633357524871826
ukqmdmrgoh.mp4,0.9775275588035583
ukrebhncqp.mp4,0.9874365329742432
ukrrkladqf.mp4,0.9645009636878967
uktboyfsgn.mp4,0.9899462461471558
ukuhplitcd.mp4,0.9522029161453247
ukuiypccwh.mp4,0.9580645561218262
ukukacghzr.mp4,0.6843456625938416
ukvlzkqutn.mp4,0.936556875705719
ukvtossymq.mp4,0.8119003176689148
ukvuqzbpkr.mp4,0.9900000691413879
ukvzegpclr.mp4,0.9211738705635071
ukwjomvjiq.mp4,0.8790488839149475
ukwmmvpdrd.mp4,0.9893800020217896
ukxfswtgud.mp4,0.7489645481109619
ukxfypqesk.mp4,0.9818868041038513
ukxhrlhlif.mp4,0.7766833901405334
ukxiewpape.mp4,0.9802440404891968
ukzbnlbplu.mp4,0.9673827886581421
ukztifhqwh.mp4,0.9860032796859741
ulazwizska.mp4,0.7012888789176941
ulbuihipbv.mp4,0.9900001287460327
ulbvjauchz.mp4,0.2963956892490387
ulcbmkniuu.mp4,0.9657675623893738
ulcjqkweit.mp4,0.8393667340278625
ulcmsqttol.mp4,0.9649027585983276
ulfppedvdb.mp4,0.9298069477081299
ulftewmdto.mp4,0.9370624423027039
ulfzoinpcs.mp4,0.676426351070404
ulgieqzcoz.mp4,0.9846774935722351
ulgunprcyc.mp4,0.9269546866416931
ulgvqcniwm.mp4,0.46960151195526123
ulhdpsqyub.mp4,0.9885459542274475
ulhxdukmya.mp4,0.8227353096008301
ulibdtoetp.mp4,0.11954475194215775
uliucqioee.mp4,0.9844395518302917
ulkeqdyccf.mp4,0.8247600197792053
ulkeuykkgp.mp4,0.9265879392623901
ulkigpbixj.mp4,0.9860981702804565
ulktozegxh.mp4,0.6197643876075745
ullzxopvgo.mp4,0.9032266736030579
ulnjtimexc.mp4,0.7640249133110046
uloplwbwbk.mp4,0.9530719518661499
ulpyjuxolu.mp4,0.9768391847610474
ulqquwnmsa.mp4,0.6644113659858704
ulqtrnyipb.mp4,0.9725171327590942
ulquclfdjv.mp4,0.9900001287460327
ulrvzaozvl.mp4,0.4199570417404175
ultbygiibk.mp4,0.7534854412078857
ultuzbwtbr.mp4,0.8879372477531433
uluozvjcmr.mp4,0.9096577167510986
ulvnqoxiud.mp4,0.8887237310409546
ulvtnhhfjo.mp4,0.9316938519477844
ulvtuaeutx.mp4,0.3972189724445343
ulvxvhpgvq.mp4,0.5358607172966003
ulwzjpupjd.mp4,0.21587558090686798
ulxdqcjtxu.mp4,0.9878755807876587
ulxovjiijy.mp4,0.8140533566474915
ulxzalaqhb.mp4,0.8475749492645264
ulygywporv.mp4,0.9611881971359253
ulzaghcnza.mp4,0.959168553352356
ulzxfnbqdw.mp4,0.9855311512947083
umandpehef.mp4,0.9900000095367432
umbgeawmln.mp4,0.7370174527168274
umbkerzgab.mp4,0.8442601561546326
umcfiohdme.mp4,0.9857882857322693
umcnwdkero.mp4,0.8844135403633118
umcpoltxeb.mp4,0.9386469721794128
umdmyolede.mp4,0.4033333659172058
umduhcebay.mp4,0.11379396170377731
umensyykfm.mp4,0.8994140028953552
umeprzcdcd.mp4,0.14568814635276794
umerhoubxw.mp4,0.05911390855908394
umesravcvu.mp4,0.9899999499320984
umfjeabksw.mp4,0.19613978266716003
umfwthjpzx.mp4,0.4742077589035034
umgdjzeqke.mp4,0.9184631705284119
umicymstag.mp4,0.38428109884262085
umjzvjtxuw.mp4,0.9900000691413879
umkmlfwwwg.mp4,0.9523308277130127
umkxoagtyp.mp4,0.6025444269180298
umloxyrpbh.mp4,0.9893898963928223
ummamaagbh.mp4,0.9861087203025818
ummeogcaej.mp4,0.9893853664398193
umnejfuhgg.mp4,0.6359453797340393
umnfxsznnt.mp4,0.9808194637298584
umnllhvurx.mp4,0.6528811454772949
umoolxnyzg.mp4,0.7332763075828552
umoutofncx.mp4,0.982365608215332
umovgarcut.mp4,0.37525996565818787
umqmhgjlfo.mp4,0.9899999499320984
umqqxbaxoo.mp4,0.219314843416214
umrabkypsl.mp4,0.1000029444694519
umsaiuhlxj.mp4,0.8819535374641418
umsnfssapq.mp4,0.2552625238895416
umtffiuldt.mp4,0.929193913936615
umtmvguudo.mp4,0.9881789088249207
umtxxlapaw.mp4,0.9839136004447937
umvcmsuhgd.mp4,0.9086394906044006
umvdtehxpn.mp4,0.884250819683075
umvjerzxqr.mp4,0.9702728390693665
umvqhomwpi.mp4,0.7994545102119446
umxyaqeqrs.mp4,0.9863501787185669
umyaxqtbef.mp4,0.8307470679283142
umyrvioygt.mp4,0.9897632598876953
unbnujvson.mp4,0.8777051568031311
unbpdfqagl.mp4,0.9797380566596985
unbshgwprn.mp4,0.9728747010231018
uncyecqmtf.mp4,0.25146064162254333
undrwckwva.mp4,0.9892960786819458
undxbsbrrb.mp4,0.9462012648582458
uneanxojth.mp4,0.9525709748268127
uneattgpli.mp4,0.98489910364151
unemrspjie.mp4,0.9648963809013367
uneskfqnsf.mp4,0.23722977936267853
unffcgnbem.mp4,0.9854059219360352
unfifycdki.mp4,0.9827842712402344
ungifdhsbs.mp4,0.9896793365478516
ungtptaifv.mp4,0.9852529168128967
unhgktaxjr.mp4,0.9879810810089111
unhxlmyozc.mp4,0.9595561027526855
unkqflwzcz.mp4,0.3435635566711426
unltsfsceq.mp4,0.14312507212162018
unlvgutmvv.mp4,0.7194713950157166
unmcqeahzf.mp4,0.9880320429801941
unmjjivnns.mp4,0.987630307674408
unnlprzjvr.mp4,0.9831356406211853
unnreejfhh.mp4,0.9886666536331177
unnvrkthai.mp4,0.1209782138466835
unnxgoshqv.mp4,0.7913227081298828
unnxrzsion.mp4,0.9662273526191711
unoackfdpo.mp4,0.11314333230257034
unotcqwfph.mp4,0.8534916639328003
unpddtkrrf.mp4,0.32065802812576294
unpwttoyhu.mp4,0.9882954359054565
unpxsnhsft.mp4,0.11824522167444229
unqatfflwv.mp4,0.24473285675048828
unqcbybnqp.mp4,0.9554663300514221
unqrsvtogq.mp4,0.14288876950740814
unsktqmhvp.mp4,0.987388014793396
unsuvravsb.mp4,0.987729549407959
untfxruois.mp4,0.9419159889221191
untkllghmh.mp4,0.9900000095367432
untqatuyld.mp4,0.9669130444526672
unttrwvksn.mp4,0.7747958898544312
unuldcgdls.mp4,0.8965664505958557
unusvrwwpc.mp4,0.987231433391571
unvriianzd.mp4,0.9749512076377869
unvxphxtsf.mp4,0.9819381833076477
unwvdugxbj.mp4,0.8881301283836365
unzdswjtwj.mp4,0.9898750185966492
uoajjolmzt.mp4,0.21915054321289062
uoarbqcnkd.mp4,0.7807367444038391
uobcbayafg.mp4,0.9887325167655945
uobyllyroc.mp4,0.9894057512283325
uodarndzsb.mp4,0.15907785296440125
uodiwnpryc.mp4,0.9822914600372314
uodwphygbp.mp4,0.12621097266674042
uogrczqptf.mp4,0.11303923279047012
uogzybnclc.mp4,0.9463515281677246
uohileyyis.mp4,0.6475292444229126
uojgiwhlfg.mp4,0.1208353340625763
uolchgabpf.mp4,0.9569407105445862
uolqmqsgbs.mp4,0.0987449362874031
uomfimsutw.mp4,0.22903460264205933
uomxsreoxx.mp4,0.9898619651794434
uonfozzcon.mp4,0.9829235672950745
uonqfxhjbc.mp4,0.9899030327796936
uonuagldyy.mp4,0.9839571714401245
uoojkbcjoz.mp4,0.9714254140853882
uookxidzxy.mp4,0.9327659606933594
uoosazyhmf.mp4,0.6577420830726624
uootkfuvqq.mp4,0.9892216920852661
uootqjddcw.mp4,0.9892060160636902
uoqivxlorh.mp4,0.8906726241111755
uoqmwwdujw.mp4,0.9900001287460327
uorlyerlzm.mp4,0.9110570549964905
uorpnlhqux.mp4,0.9720441699028015
uossxdapws.mp4,0.9587582349777222
uosucktcpt.mp4,0.9873782992362976
uotxbrzcmg.mp4,0.9554359912872314
uoulbnvlej.mp4,0.9895644187927246
uoulwvrurh.mp4,0.9695177674293518
uovovdpjcf.mp4,0.9881122708320618
uovspumzpe.mp4,0.9650155901908875
uovwbmkbjy.mp4,0.9782189726829529
uowdwfzhss.mp4,0.9888119101524353
uowiocuqqt.mp4,0.9900000095367432
uowkstynct.mp4,0.9871544241905212
uowrnxnqyo.mp4,0.19541101157665253
uoxbglromy.mp4,0.9898651242256165
uoxhfedrpt.mp4,0.3053734004497528
uoxmesdlrc.mp4,0.958311915397644
uoxtopncoo.mp4,0.801068127155304
uoxviglkbm.mp4,0.8842547535896301
uoyiffhkge.mp4,0.9309482574462891
uoyqchrzaa.mp4,0.9730619192123413
uoyzugcsqe.mp4,0.8023751378059387
uozkhsgtfy.mp4,0.9562665820121765
uoznjlqxcj.mp4,0.8965963125228882
uozpugqwfr.mp4,0.9442979097366333
upadewcohq.mp4,0.9755050539970398
upaoluyuab.mp4,0.9881013631820679
upawlovoyb.mp4,0.11079850792884827
upbvukttjs.mp4,0.9816361665725708
upcpqraglb.mp4,0.3944144546985626
updjprrxyi.mp4,0.86737060546875
updmpuotfw.mp4,0.9840172529220581
updsnwikxs.mp4,0.7602651119232178
updxpjzkob.mp4,0.9781128764152527
upekdcbedf.mp4,0.971921980381012
upetjoixvy.mp4,0.9429421424865723
upfazrjlgx.mp4,0.8986758589744568
upfizcpwaf.mp4,0.9595335125923157
upghghmmvt.mp4,0.47632020711898804
upgupickuj.mp4,0.5897576808929443
upgwpxpjew.mp4,0.9899140000343323
uphqywpluy.mp4,0.23646129667758942
uphyxffruw.mp4,0.9899997711181641
upiglnuxww.mp4,0.6555567383766174
upjjvxowtp.mp4,0.9869503378868103
upjsffsjto.mp4,0.9705787897109985
upjvuouney.mp4,0.9847867488861084
upkvltupip.mp4,0.9059907793998718
uplqdmwval.mp4,0.6736820936203003
uplsyyljtv.mp4,0.3808424472808838
upltgkcbzw.mp4,0.9527658820152283
upmiapadtj.mp4,0.9847207069396973
upncganvtg.mp4,0.9892910122871399
upnlaucocm.mp4,0.07386836409568787
upnuwqcgjp.mp4,0.9263143539428711
upnzyzlwnh.mp4,0.09490852057933807
upoqfmefjv.mp4,0.9087430238723755
upoudjfpxr.mp4,0.9483699202537537
upowrtzdno.mp4,0.19579391181468964
upphlazxcl.mp4,0.9434828162193298
uprcnqizdm.mp4,0.9756457209587097
upsqvunimy.mp4,0.949434220790863
uptrderdxw.mp4,0.9199244976043701
upttkhclrb.mp4,0.9647675156593323
uptujieixg.mp4,0.9875359535217285
upubtgycvq.mp4,0.14006350934505463
upumdeuyrn.mp4,0.9854440093040466
upuobpieop.mp4,0.9704806208610535
upvvaqwevl.mp4,0.9843719601631165
upvvwkppgn.mp4,0.9827037453651428
upwqffzusq.mp4,0.9879241585731506
upwsvjdtgo.mp4,0.9890541434288025
upwtmbvqvb.mp4,0.9861087203025818
upwuufxocl.mp4,0.38958942890167236
upwyvqbjlq.mp4,0.9899999499320984
upxozqexfa.mp4,0.9789901375770569
upycebbxjj.mp4,0.9832829833030701
upyvrlsnbl.mp4,0.9752101302146912
upztrqgfmd.mp4,0.8970324397087097
uqadoepiic.mp4,0.09633416682481766
uqajkglnmm.mp4,0.7878056168556213
uqalgbooko.mp4,0.9375953674316406
uqawzjjpre.mp4,0.984603226184845
uqbhdwljtw.mp4,0.9793792963027954
uqbhrsbnip.mp4,0.8617256879806519
uqecltwday.mp4,0.9522983431816101
uqerbjayta.mp4,0.9473076462745667
uqfebqqyan.mp4,0.9174835681915283
uqfgpbmvry.mp4,0.9880622625350952
uqfhskqqrf.mp4,0.9899138808250427
uqgtugqkxj.mp4,0.9237043261528015
uqhoisnxye.mp4,0.8375900387763977
uqhxcvdsfj.mp4,0.9820429086685181
uqiglxjnhz.mp4,0.9721739292144775
uqijkukqyy.mp4,0.5254814028739929
uqiouyadgp.mp4,0.9289214611053467
uqitcsdqra.mp4,0.9514132738113403
uqizqntekg.mp4,0.7807008028030396
uqjnqgregj.mp4,0.33141306042671204
uqkbctetpi.mp4,0.2764250636100769
uqkcqduxfw.mp4,0.6777801513671875
uqkkpcispv.mp4,0.9900000095367432
uqlbzgfhrp.mp4,0.9499111175537109
uqlmwmxmqn.mp4,0.8359205722808838
uqlxndbjuq.mp4,0.9879303574562073
uqmrousaoy.mp4,0.9730936884880066
uqnhilzzey.mp4,0.9517379999160767
uqnjkrcxwh.mp4,0.9307500123977661
uqntkvpntd.mp4,0.9890602827072144
uqoctszbev.mp4,0.97646164894104
uqosmhxymk.mp4,0.8809012174606323
uqpgwzhlvd.mp4,0.9891945719718933
uqpigevvkm.mp4,0.9865713715553284
uqprlobtsn.mp4,0.1609800159931183
uqqrxxgwgd.mp4,0.12363459169864655
uqrcoimmit.mp4,0.9772291779518127
uqrfgxremg.mp4,0.9605420827865601
uqrwgslayc.mp4,0.26038458943367004
uqsfobfhjf.mp4,0.6723279356956482
uqslcsyvqy.mp4,0.985389769077301
uqtezgfjgd.mp4,0.9836215972900391
uqthoawaxk.mp4,0.7431809902191162
uqtscxeeje.mp4,0.2595660984516144
uqumixjkam.mp4,0.9883000254631042
uqumoqocnx.mp4,0.9895067811012268
uqunxvrfhd.mp4,0.20748530328273773
uqvbuptnfv.mp4,0.29991093277931213
uqvlfblttj.mp4,0.9517210721969604
uqvttodxsh.mp4,0.9053891897201538
uqwfmgsrxc.mp4,0.9868090152740479
uqxckixojj.mp4,0.9790184497833252
uqxmskujse.mp4,0.2419356256723404
uqyyookybd.mp4,0.9806268215179443
uqyzdorjos.mp4,0.9829376339912415
uqzgsfqjxw.mp4,0.9692349433898926
uqzkqbdpfx.mp4,0.1869368553161621
urawgdmtzy.mp4,0.982646644115448
urbnivhpsz.mp4,0.23643872141838074
urbulrzowx.mp4,0.47696879506111145
urdbkcaiqo.mp4,0.9120882153511047
urdegesals.mp4,0.9181245565414429
urdgvejrzz.mp4,0.9641322493553162
urdnnksdpz.mp4,0.9895355701446533
urebotcvja.mp4,0.9638338685035706
urevcaskwe.mp4,0.9895186424255371
urfpwxqqif.mp4,0.9899046421051025
urfuhntprf.mp4,0.3882635533809662
urgrdxyooa.mp4,0.9571637511253357
urhafrmeox.mp4,0.25911945104599
urhjflxaxx.mp4,0.9344775676727295
urhnruwybr.mp4,0.989867627620697
uriaxvhlhu.mp4,0.9896733164787292
urjhlwwihm.mp4,0.9866799116134644
urjxsgqdpu.mp4,0.9750328063964844
urkdwctnan.mp4,0.8753605484962463
urkghvdumm.mp4,0.9899797439575195
urlkwrljdo.mp4,0.9868548512458801
urnwbwaocu.mp4,0.2817097306251526
uroeempcme.mp4,0.9117625951766968
urovdzyyff.mp4,0.7046261429786682
urphtccqnm.mp4,0.984053909778595
urpjyivumo.mp4,0.9798769354820251
urpqcasyii.mp4,0.9887812733650208
urprknapog.mp4,0.741693377494812
urqtyxbwce.mp4,0.5384454131126404
urszjvavkl.mp4,0.6594179272651672
urtrdzioob.mp4,0.7501490116119385
urvbhukwqm.mp4,0.9374584555625916
urvmevrjut.mp4,0.1944575011730194
urvpisjzlv.mp4,0.2087726593017578
urwdvnypnf.mp4,0.9483482241630554
urxdctqpqx.mp4,0.24482844769954681
urxifmrcll.mp4,0.3460727035999298
urxkhxietl.mp4,0.758399486541748
urxrgmhqjq.mp4,0.9880788326263428
urybulcjjj.mp4,0.8393190503120422
urydhdejxz.mp4,0.9785725474357605
urygzzowre.mp4,0.7510865330696106
urymjmciep.mp4,0.22506682574748993
uryractxga.mp4,0.8538440465927124
uryuqtrxqu.mp4,0.9746252298355103
urzgrfqlww.mp4,0.7308886647224426
urzvuvzohy.mp4,0.9702419638633728
usaanzxier.mp4,0.3132953941822052
usatwyxmao.mp4,0.8944903016090393
usbzfkhyth.mp4,0.141352578997612
uscvdwdtvp.mp4,0.5876779556274414
usdsqvdgfj.mp4,0.7041842341423035
usdtpjplub.mp4,0.9874936938285828
usfevxqgfb.mp4,0.969300389289856
usfonypnnm.mp4,0.9870549440383911
usfowtggox.mp4,0.9627216458320618
usfwkpursg.mp4,0.9819520115852356
usgumjluzh.mp4,0.9867651462554932
usgzyilrwn.mp4,0.9133733510971069
ushfsgkbit.mp4,0.10117919743061066
ushqdzxdrj.mp4,0.8434568643569946
usjekoukzs.mp4,0.8191512823104858
usjlckywbi.mp4,0.9900001287460327
usjnlahlcj.mp4,0.7767912745475769
usjoggggua.mp4,0.9107905626296997
usjqyfgrpu.mp4,0.10731835663318634
uskjtnuvbd.mp4,0.13569758832454681
uskteiefkc.mp4,0.9557147026062012
uskysinzim.mp4,0.34721118211746216
uslfuhiexh.mp4,0.2219894379377365
uslrdwoywo.mp4,0.9788366556167603
usnkvutfzz.mp4,0.9336970448493958
usopcidiqn.mp4,0.7153822779655457
usorkdoptf.mp4,0.21571782231330872
usowbfpjgv.mp4,0.8563534617424011
usoxrswrap.mp4,0.9439204335212708
uspbvpmuul.mp4,0.9654042720794678
usprpssifn.mp4,0.8306671380996704
usrkylpntf.mp4,0.9597650766372681
usrvunyylx.mp4,0.12274239212274551
ustctvevep.mp4,0.9900000095367432
ustezmxibd.mp4,0.8668917417526245
ustgxpfrze.mp4,0.9467843770980835
usuiydeyqr.mp4,0.9557210206985474
usurlmfkjh.mp4,0.9494478702545166
usvjzoinhn.mp4,0.4038778245449066
usvtrbpqks.mp4,0.9898592829704285
uswgudfwoe.mp4,0.9604424834251404
uswonbndql.mp4,0.3743738532066345
usxbjyowsi.mp4,0.18557816743850708
usxizgqsxx.mp4,0.9834349751472473
usxsdztgzq.mp4,0.893446683883667
usywrisusw.mp4,0.9550729990005493
uszersxejh.mp4,0.9605507254600525
uszmotkxks.mp4,0.9864774346351624
uszudvazae.mp4,0.975908637046814
utbiwnkzct.mp4,0.6737346649169922
utbqagvslm.mp4,0.6857202649116516
utccmvubvy.mp4,0.9900000095367432
utcykgtpfq.mp4,0.8413856625556946
utdcjeaidc.mp4,0.7634243369102478
utdylnarnm.mp4,0.9868013262748718
utebhplinb.mp4,0.948845386505127
utflkdvchw.mp4,0.974079966545105
utfydtrgqo.mp4,0.36781007051467896
utgpfzdlrz.mp4,0.9852756261825562
uthdefddbm.mp4,0.9372700452804565
utiephcocy.mp4,0.936400830745697
utinfiqowk.mp4,0.9899999499320984
utiqzvhbok.mp4,0.5591012835502625
utjayyhely.mp4,0.9897062182426453
utjkrwcexm.mp4,0.5728404521942139
utjrjnqbae.mp4,0.6605901122093201
utkfpuuvop.mp4,0.9664525985717773
utkjvotqni.mp4,0.9899999499320984
utkrusiplj.mp4,0.9886875152587891
utmexpmahh.mp4,0.9883843660354614
utndcmipgm.mp4,0.19745732843875885
utnizyqmri.mp4,0.25538307428359985
utnwupjdpp.mp4,0.13749003410339355
utnwynygrf.mp4,0.9672421216964722
utnxmqunkj.mp4,0.9860879182815552
utnxucbghl.mp4,0.9900001287460327
utowkxstiq.mp4,0.9619144797325134
utqxvfbpok.mp4,0.9148536324501038
utrmwnogjd.mp4,0.18044546246528625
utsawapsbs.mp4,0.5765121579170227
utsmbwigyi.mp4,0.9868330359458923
utsqgwqadw.mp4,0.5072370171546936
uttheobodn.mp4,0.28344985842704773
uttveiwvcq.mp4,0.9364094734191895
utumhfamjb.mp4,0.987709105014801
utuyrqozse.mp4,0.6929638385772705
utvnuhrhxe.mp4,0.13497650623321533
utxxopbcuk.mp4,0.37756863236427307
utzsehqspn.mp4,0.8551748394966125
uuakfvajme.mp4,0.8854178190231323
uuavndpnxs.mp4,0.9351778626441956
uubaefmgxt.mp4,0.9847712516784668
uubfyqtaho.mp4,0.9837877154350281
uubjjckmej.mp4,0.19828221201896667
uubommbnlf.mp4,0.9677084684371948
uubvowiegs.mp4,0.971692681312561
uucnlezlzo.mp4,0.9896778464317322
uudhxrgrix.mp4,0.4148423373699188
uudlbgvuwz.mp4,0.8682428002357483
uudouzhchc.mp4,0.5567281246185303
uuecllezla.mp4,0.9849360585212708
uueofqovjj.mp4,0.9878474473953247
uueykqzcll.mp4,0.12894970178604126
uufxagcqrl.mp4,0.9804549813270569
uugdjzyrqj.mp4,0.9731481671333313
uugsqqrrbr.mp4,0.8321965336799622
uugytivxaq.mp4,0.8817077279090881
uuhnhpsnct.mp4,0.9900000691413879
uuhvxweduw.mp4,0.9623480439186096
uuhzxllyug.mp4,0.952765703201294
uuihvfgqau.mp4,0.13231819868087769
uuilzsbtgz.mp4,0.9837478399276733
uuipomilwe.mp4,0.9885814785957336
uuisaarhzt.mp4,0.10579795390367508
uuixytykuc.mp4,0.16613589227199554
uujdeyaips.mp4,0.9364542365074158
uujtgpehhz.mp4,0.10743304342031479
uukbdjaedq.mp4,0.9215202927589417
uulkdyuvrj.mp4,0.9459090828895569
uulplqqlom.mp4,0.2401427924633026
uumaxedycc.mp4,0.8732985258102417
uumxnzjpzk.mp4,0.9764310717582703
uumylzfykw.mp4,0.98604416847229
uunbmttqbx.mp4,0.9896517992019653
uunsajfqxx.mp4,0.7911006808280945
uuoeukncsv.mp4,0.9900000691413879
uuposvodqz.mp4,0.9660914540290833
uuppqhueun.mp4,0.9816896915435791
uupsepswze.mp4,0.986050009727478
uuqfasulad.mp4,0.9768542647361755
uuqlhitjcx.mp4,0.9808928966522217
uuqtsdgbei.mp4,0.9852466583251953
uurhbyktzw.mp4,0.9846814870834351
uurjvuvaag.mp4,0.9622076749801636
uurpocvenf.mp4,0.8882826566696167
uursiulmds.mp4,0.6826556324958801
uurycrrtfc.mp4,0.1521017700433731
uuscfojzrt.mp4,0.6562458276748657
uusmztzrkb.mp4,0.11398642510175705
uusoeynjla.mp4,0.9560915231704712
uutbvtpkfc.mp4,0.876297652721405
uutchkbwsj.mp4,0.6782629489898682
uutnzoenpv.mp4,0.9662108421325684
uutxmgqajd.mp4,0.20506423711776733
uuulaqwgny.mp4,0.4208015203475952
uuvwzuvbmb.mp4,0.9890979528427124
uuwbuffwpk.mp4,0.9899999499320984
uuwfgichjb.mp4,0.14822250604629517
uuwidltakm.mp4,0.33724749088287354
uuwkcqqhku.mp4,0.5823354125022888
uuwtppisur.mp4,0.9743463397026062
uuxxyhwtqw.mp4,0.9560060501098633
uuyluuzfdd.mp4,0.9463520050048828
uuyrvfvavu.mp4,0.9899999499320984
uuyyezfcnx.mp4,0.17702527344226837
uuzalivrsv.mp4,0.9862836003303528
uuzhgdmkoy.mp4,0.924132227897644
uuzyzglejw.mp4,0.5610834956169128
uuzzmxbjwd.mp4,0.984454333782196
uvarwbjvcv.mp4,0.3961990177631378
uvazygkstj.mp4,0.985396683216095
uvbualonpg.mp4,0.9439981579780579
uvbzzcthwp.mp4,0.6991813778877258
uvcaryazhi.mp4,0.960380494594574
uvcdjksizj.mp4,0.8586390614509583
uvcselqnls.mp4,0.9741199016571045
uvenksrapv.mp4,0.6230005025863647
uveqhhfdnw.mp4,0.9880179762840271
uveucfohux.mp4,0.8916023373603821
uvfiplgrex.mp4,0.9433534741401672
uvfvbjdqrp.mp4,0.9793453216552734
uvfybmqdxc.mp4,0.9894734621047974
uvgjewintf.mp4,0.9402075409889221
uvhgrgeady.mp4,0.9894309043884277
uvhxgaoieh.mp4,0.7358791828155518
uvijfspmjb.mp4,0.9900000095367432
uvijrvbfdi.mp4,0.8931747078895569
uvivqehlky.mp4,0.6560528874397278
uviywgksgd.mp4,0.13339264690876007
uvjapszjxq.mp4,0.13788630068302155
uvjndtihbf.mp4,0.9900000095367432
uvkbpwbvix.mp4,0.8089872598648071
uvkepukszg.mp4,0.9898592829704285
uvlagehhac.mp4,0.7166894674301147
uvlmcgybkk.mp4,0.9173968434333801
uvlpkbwvda.mp4,0.9612997770309448
uvlrgrtggg.mp4,0.6202912926673889
uvmnbnminv.mp4,0.16712668538093567
uvmxltcqxw.mp4,0.6490612626075745
uvmzrydsml.mp4,0.9287682175636292
uvnefxyqsy.mp4,0.05899431183934212
uvngwtikqt.mp4,0.16614283621311188
uvogzfylos.mp4,0.39734190702438354
uvozmhibat.mp4,0.9854636192321777
uvqfmpbxos.mp4,0.561995804309845
uvqgbpumou.mp4,0.9876732230186462
uvqpbzcqtc.mp4,0.23614470660686493
uvroruyqea.mp4,0.807135283946991
uvrxpikmjw.mp4,0.9817078709602356
uvsxysqatj.mp4,0.7645869851112366
uvubglruyj.mp4,0.3021726608276367
uvuioxigps.mp4,0.10133259743452072
uvukxbzevm.mp4,0.9790884256362915
uvuzjfjytj.mp4,0.9850598573684692
uvvnlsgoiu.mp4,0.22717706859111786
uvvzgtmqcm.mp4,0.9899396300315857
uvyjhjlwtu.mp4,0.2193230390548706
uvyvbfhchf.mp4,0.9592044353485107
uvyxhwohay.mp4,0.21237970888614655
uvzktioygx.mp4,0.18146206438541412
uvzlfuxalu.mp4,0.6617436408996582
uvzoyxihnt.mp4,0.5418710708618164
uwaazdihiw.mp4,0.988186240196228
uwaebatuei.mp4,0.9508816003799438
uwazhvyyzh.mp4,0.17617978155612946
uwbhcogubo.mp4,0.1710166186094284
uwccodyhgh.mp4,0.9735852479934692
uwctsjhxyh.mp4,0.9445343017578125
uwdkrptpuk.mp4,0.9849008321762085
uwdmyewvtz.mp4,0.989440381526947
uwfryvyjko.mp4,0.9284133911132812
uwfzqjknes.mp4,0.9533538818359375
uwgayiejac.mp4,0.9805624485015869
uwgbfkztlz.mp4,0.14244095981121063
uwhdqtpvfw.mp4,0.932034969329834
uwhuhyleff.mp4,0.9609760642051697
uwifmjbrkf.mp4,0.988719642162323
uwigpiavvn.mp4,0.08929051458835602
uwjbwegyfx.mp4,0.1268153041601181
uwjldovxhd.mp4,0.9374058842658997
uwjnsouqrr.mp4,0.831686794757843
uwkbtdezji.mp4,0.6588993668556213
uwkgtxowos.mp4,0.6338790059089661
uwlnxywktv.mp4,0.9899730682373047
uwloqhsial.mp4,0.48793140053749084
uwlzegtnya.mp4,0.28652289509773254
uwmejkcemy.mp4,0.11527403444051743
uwnmnneryj.mp4,0.8000869750976562
uwnzdnhohf.mp4,0.985907793045044
uwokjfkknh.mp4,0.9419400691986084
uwoycallmh.mp4,0.5
uwpuaikywj.mp4,0.9530871510505676
uwpvviiste.mp4,0.9833473563194275
uwrjhozxyi.mp4,0.9900000691413879
uwsxymmirf.mp4,0.976292073726654
uwtbceprig.mp4,0.9827642440795898
uwudxxvovh.mp4,0.9569422602653503
uwwfiiqssb.mp4,0.9899467825889587
uwwqocrypp.mp4,0.9235464930534363
uwwuzyshur.mp4,0.5055316686630249
uwxhiebnci.mp4,0.978172779083252
uwyastvevc.mp4,0.9853882789611816
uwyilxpckd.mp4,0.9900000691413879
uwyshkvtgr.mp4,0.2396683692932129
uwyvkyujhg.mp4,0.9560387134552002
uwyyfstznc.mp4,0.9878630638122559
uwznchbfkq.mp4,0.9885810613632202
uwztugirjr.mp4,0.4074974060058594
uwzuaveowu.mp4,0.3223297894001007
uxaavcfujo.mp4,0.9654662609100342
uxaisqejol.mp4,0.7533185482025146
uxalgdwabq.mp4,0.9370723366737366
uxauuygolf.mp4,0.973018229007721
uxbjqnphle.mp4,0.9859806299209595
uxbmpeeqak.mp4,0.9897720813751221
uxcgopzrod.mp4,0.13449935615062714
uxdilljouv.mp4,0.9405708909034729
uxdvzuwlsg.mp4,0.9864894151687622
uxgkqpiykp.mp4,0.2034229338169098
uxhldogxrr.mp4,0.9787989854812622
uxhqwlmtaa.mp4,0.9472759962081909
uxinzynpnn.mp4,0.9702835083007812
uxiwmpsbxe.mp4,0.9133493900299072
uxjdqivotq.mp4,0.8694264888763428
uxjrgfjgtx.mp4,0.9875102639198303
uxkojffbsr.mp4,0.8671871423721313
uxlrcicjge.mp4,0.9893304705619812
uxlwuuaqnc.mp4,0.9397428035736084
uxlzsdgwzt.mp4,0.11729276925325394
uxmjvpcggx.mp4,0.9664489030838013
uxmtuwptvu.mp4,0.8800531625747681
uxncexcmuz.mp4,0.9522156119346619
uxnxhvsyoi.mp4,0.9808334112167358
uxodfhnerf.mp4,0.9725044369697571
uxojdmarwk.mp4,0.9848420023918152
uxollclqvb.mp4,0.767690896987915
uxouojxhlk.mp4,0.9867913126945496
uxpimdnggv.mp4,0.9867885112762451
uxpydukepe.mp4,0.888256311416626
uxraycluin.mp4,0.12403536587953568
uxrfloqltk.mp4,0.6891751289367676
uxsornonck.mp4,0.1779676079750061
uxsxbgombk.mp4,0.9696500897407532
uxtxjtveey.mp4,0.9818217158317566
uxucjnlnby.mp4,0.6100044250488281
uxunebmxvx.mp4,0.09954676777124405
uxuroduqmh.mp4,0.9494339227676392
uxvarukjxl.mp4,0.9487431645393372
uxvbykfxnc.mp4,0.9573361277580261
uxvfyphcoq.mp4,0.9562903046607971
uxvocmsqwu.mp4,0.98917555809021
uxwzngvsyz.mp4,0.8565378189086914
uxwzubexti.mp4,0.15511709451675415
uxxmmyruzq.mp4,0.9859930872917175
uxyahhivjk.mp4,0.9828222990036011
uxzguadsee.mp4,0.9884706735610962
uxzkgvidhz.mp4,0.9871891140937805
uxzxaahtob.mp4,0.9053283333778381
uxzxbkxegt.mp4,0.947442889213562
uxzxnkqqna.mp4,0.9874231815338135
uyaqvalgow.mp4,0.9894651174545288
uybatywocp.mp4,0.3360247313976288
uybsejchpc.mp4,0.9600192308425903
uycqpeidlg.mp4,0.42679834365844727
uycskzxyzw.mp4,0.9331843852996826
uydlsvuore.mp4,0.15812377631664276
uydniprivd.mp4,0.9832582473754883
uydzkjefzg.mp4,0.9711779356002808
uyefddtyth.mp4,0.9295699000358582
uyemjrkiub.mp4,0.1373961865901947
uyeolluenx.mp4,0.8417424559593201
uyfwyhaqrl.mp4,0.9815453290939331
uyhaeqbldf.mp4,0.8227102756500244
uyhbbzgrkq.mp4,0.14068244397640228
uyhkwtjbwb.mp4,0.9479714632034302
uyhmogukwo.mp4,0.986594021320343
uyhyskrotc.mp4,0.8368546366691589
uyicbkmyef.mp4,0.949955940246582
uyiedzttyr.mp4,0.9585374593734741
uyizpqbaxn.mp4,0.9750145673751831
uyjbrbdeoq.mp4,0.5058822631835938
uyjcuvowxm.mp4,0.9899601936340332
uyjfsnpryr.mp4,0.9521235227584839
uykggjjozu.mp4,0.9900001883506775
uylajhuozd.mp4,0.9886376857757568
uylcifbyvw.mp4,0.935526967048645
uymeandgmh.mp4,0.9424152970314026
uymriggagi.mp4,0.9462819695472717
uynhhjdjlk.mp4,0.6453539133071899
uyntcoigrn.mp4,0.7006285190582275
uynzprsvko.mp4,0.9797770977020264
uyoghxdsym.mp4,0.6130300760269165
uyopjtrmul.mp4,0.21689936518669128
uyoqozgdcy.mp4,0.9886693954467773
uyoznxqkbk.mp4,0.9165308475494385
uypatuhzra.mp4,0.9872990846633911
uypcizndsr.mp4,0.9821602702140808
uyphplhfmc.mp4,0.9584228992462158
uyplcsfgjg.mp4,0.9332857131958008
uypopceldq.mp4,0.9893903732299805
uyqdtftimc.mp4,0.9773357510566711
uyrvxhvljs.mp4,0.10978885740041733
uysrvriege.mp4,0.7793765068054199
uyszohikoe.mp4,0.9764673113822937
uytabnlzvw.mp4,0.9821109175682068
uytlxiwnqz.mp4,0.9070055484771729
uytwclomcl.mp4,0.9697182178497314
uyuftqkzff.mp4,0.9608542919158936
uyuhvubudu.mp4,0.522244393825531
uyujqzncws.mp4,0.6584073901176453
uyumolhfdh.mp4,0.9835456609725952
uywdjgfgqr.mp4,0.8640322089195251
uywjkfvrwn.mp4,0.9893710017204285
uyxbonjytu.mp4,0.788566529750824
uyxhvcnczz.mp4,0.9718965888023376
uyxszqnrtv.mp4,0.8615400195121765
uyzfnhqppa.mp4,0.48863402009010315
uyzvpvxclu.mp4,0.14485345780849457
uzabmrkzvk.mp4,0.9886611700057983
uzacaxnoda.mp4,0.6279751658439636
uzawooqxrq.mp4,0.9879510998725891
uzcnpkyrjh.mp4,0.9187204241752625
uzcoipkltv.mp4,0.8294929265975952
uzddlnfdzh.mp4,0.9896162152290344
uzdmxmfcqe.mp4,0.9835544228553772
uzdzrjkjsd.mp4,0.9643935561180115
uzeidqykos.mp4,0.9062822461128235
uzejpnkuap.mp4,0.9810490608215332
uzfhsugpal.mp4,0.93070387840271
uzgrffkifk.mp4,0.6519194841384888
uziqxnmrvm.mp4,0.9790353178977966
uzishruvmm.mp4,0.9605745077133179
uzkpplcmxg.mp4,0.5887560844421387
uzkrgmuqti.mp4,0.9857327342033386
uzkzdvavdx.mp4,0.7224687933921814
uzlatnjxop.mp4,0.9415675401687622
uzmqxbulvn.mp4,0.9873456358909607
uzmssdmeje.mp4,0.9896854162216187
uzmuovkewv.mp4,0.9896520972251892
uzngntvcto.mp4,0.9696502089500427
uznlkerdwl.mp4,0.7580831050872803
uzoixvnqjd.mp4,0.9630605578422546
uzoodbatvz.mp4,0.9899999499320984
uzperzaawk.mp4,0.985771119594574
uzpnbfhzmg.mp4,0.9725160002708435
uzqdjsfrix.mp4,0.9505441188812256
uzqerpapft.mp4,0.16163329780101776
uzqwcknfrc.mp4,0.9631967544555664
uzrauzmgas.mp4,0.9796333909034729
uzrejiuxtl.mp4,0.9776920676231384
uzstcuseii.mp4,0.9900001287460327
uztiycslpc.mp4,0.7715116143226624
uztyuhpmrb.mp4,0.9234643578529358
uzulwctbpf.mp4,0.9361615777015686
uzusitvarg.mp4,0.15683822333812714
uzvjmjjqgz.mp4,0.9831681847572327
uzwhknkitr.mp4,0.9396583437919617
uzwoxtyzzh.mp4,0.723149836063385
uzxixpvmcg.mp4,0.8656952977180481
uzxuezozjx.mp4,0.17134380340576172
uzxurqcdis.mp4,0.8009624481201172
uzybvjyhsk.mp4,0.9900000691413879
uzyfjvbstv.mp4,0.9835350513458252
uzyxwskhxx.mp4,0.9893728494644165
vaaqnxwsbs.mp4,0.9897962808609009
vaaxmeltki.mp4,0.9805935025215149
vaaxzughpn.mp4,0.8418739438056946
vabnxszwug.mp4,0.11860726773738861
vacfdybetb.mp4,0.8761159777641296
vacgglejhw.mp4,0.9878823161125183
vacpjvuxfa.mp4,0.9122675657272339
vadksrlcod.mp4,0.11766660213470459
vadnlydzua.mp4,0.9214305281639099
vafcspnrcg.mp4,0.9611573219299316
vafnyfogcz.mp4,0.9515315294265747
vafqiijgxh.mp4,0.9863573908805847
vahicbizml.mp4,0.13673456013202667
vaibbkpvps.mp4,0.9093422889709473
vaicfyqaje.mp4,0.11857191473245621
vaidoqeblk.mp4,0.9890574216842651
vaiedvrqrr.mp4,0.5866676568984985
vaikesmhcv.mp4,0.40121302008628845
vaikntoixi.mp4,0.9802967309951782
vaimtkgxia.mp4,0.7463337779045105
vaketglffj.mp4,0.8629456162452698
vakyowiikg.mp4,0.9313839673995972
valgtwitdo.mp4,0.7058743238449097
valhijoqtd.mp4,0.9872596859931946
valoivtdaw.mp4,0.9856454730033875
valphjeyoj.mp4,0.9816713929176331
vamckfoaxg.mp4,0.8939153552055359
vamickgkfv.mp4,0.8654011487960815
vamnclfdhf.mp4,0.9854099750518799
vamxkrwasc.mp4,0.9593587517738342
vansmfbqdl.mp4,0.7692974805831909
vaoahwryzb.mp4,0.9360901117324829
vaobozpotd.mp4,0.4384264349937439
vaodijuuyp.mp4,0.9747986197471619
vapuddgzcr.mp4,0.9059377312660217
vapuelkdug.mp4,0.6902894377708435
vapxptvubq.mp4,0.7544545531272888
vaqrevufsk.mp4,0.9385360479354858
varfagexso.mp4,0.11427674442529678
varfxelcfa.mp4,0.2734721004962921
varksutsvk.mp4,0.988609254360199
varoylcnht.mp4,0.8799982070922852
vartdbvmir.mp4,0.9471312761306763
vatnapxxqy.mp4,0.9836422204971313
vatyutluaw.mp4,0.646798312664032
vauhwngubd.mp4,0.33829763531684875
vaukfhcafc.mp4,0.9750730395317078
vauwkkjikv.mp4,0.24410071969032288
vavmtgexqo.mp4,0.09843394160270691
vawlbsbqxj.mp4,0.9852413535118103
vawotznxqn.mp4,0.5832222104072571
vawzzxehog.mp4,0.980337381362915
vaxswdxebr.mp4,0.9397114515304565
vaydtpnudn.mp4,0.9895312786102295
vaysrqhdzb.mp4,0.9568157196044922
vazoblhsmf.mp4,0.9404946565628052
vbacamczvk.mp4,0.9384713768959045
vbajpmxfrw.mp4,0.2364349514245987
vbatwpbewy.mp4,0.9767591953277588
vbbxmmnlry.mp4,0.38501590490341187
vbcaefsitt.mp4,0.9874976277351379
vbcobttbuh.mp4,0.8641102910041809
vbcpcaigmu.mp4,0.8444827795028687
vbcqmyshxr.mp4,0.33828550577163696
vbddzrqlfg.mp4,0.9851112365722656
vbdeoxobdv.mp4,0.9898936748504639
vbdhzukhjs.mp4,0.2991715371608734
vbdzuwcfvh.mp4,0.9884154796600342
vbfjacamax.mp4,0.9402557611465454
vbfxqmhmrs.mp4,0.25253140926361084
vbgkguxrvy.mp4,0.3860229253768921
vbglsnijhh.mp4,0.90104079246521
vbguoacpun.mp4,0.9616137742996216
vbigmimfjp.mp4,0.24859698116779327
vbioetqfii.mp4,0.9690433144569397
vbisvunrwd.mp4,0.9467546939849854
vblkpyrktq.mp4,0.9405913949012756
vblmiqnntb.mp4,0.6311585307121277
vblnxpxxqc.mp4,0.946427047252655
vbmezehlps.mp4,0.20169082283973694
vbmlhiuiof.mp4,0.8881904482841492
vbmunhsxhr.mp4,0.8773439526557922
vbmvaucztq.mp4,0.9888431429862976
vbmwwdmhzu.mp4,0.39804038405418396
vbocreoktm.mp4,0.9349143505096436
vbodsguxxt.mp4,0.9787197113037109
vbolzlkcxa.mp4,0.9808760285377502
vbpdwvkvxs.mp4,0.06628485023975372
vbpmwpmooy.mp4,0.9871069192886353
vbputtjekp.mp4,0.3357350528240204
vbqpkjauhb.mp4,0.9206392765045166
vbrjnuoxmx.mp4,0.9880726337432861
vbrplsozds.mp4,0.9888622164726257
vbrviucyqc.mp4,0.7424669861793518
vbrwjqueqz.mp4,0.9683355689048767
vbrzbcqrnw.mp4,0.986924946308136
vbslxobktu.mp4,0.9528049826622009
vbsqhusjhp.mp4,0.9720584154129028
vbtdoaemke.mp4,0.9877938628196716
vbtnqbjuux.mp4,0.9476967453956604
vbtvivcsaw.mp4,0.9899163246154785
vbujjjzgxs.mp4,0.6181214451789856
vbuklpogen.mp4,0.2941834330558777
vbvoqmpjkk.mp4,0.9894083142280579
vbwgtabpcv.mp4,0.21401958167552948
vbwpcarauq.mp4,0.926918625831604
vbwtdnstsq.mp4,0.3142690658569336
vbwtnyqttl.mp4,0.12236759811639786
vbwwhcmfwx.mp4,0.9666581749916077
vbxorsxlpg.mp4,0.9630436301231384
vbxztkvyhi.mp4,0.8413676023483276
vbyhlwimwy.mp4,0.6995638608932495
vbymgzprqg.mp4,0.9899999499320984
vbywxlwjka.mp4,0.19489222764968872
vbyzamqzkt.mp4,0.9613703489303589
vbzbfhzyku.mp4,0.9503180384635925
vbzdlbcxwf.mp4,0.15168453752994537
vbzxgqhbhn.mp4,0.9887865781784058
vbzzpkwnet.mp4,0.1434270292520523
vcaajjqosr.mp4,0.9899757504463196
vcatxbnsck.mp4,0.9687302708625793
vcbfvmjtbp.mp4,0.9850079417228699
vcblbuxbpk.mp4,0.9843807816505432
vcbyffaxac.mp4,0.4242830276489258
vceahbarjg.mp4,0.9880000948905945
vcenwynstv.mp4,0.9866657853126526
vcfmwusghg.mp4,0.9193704724311829
vcfowchmxz.mp4,0.14639851450920105
vcgelshrli.mp4,0.169476717710495
vcgupjrrmo.mp4,0.9471898078918457
vchdlpsjjn.mp4,0.985636830329895
vchlzzsbyp.mp4,0.13826091587543488
vchpmjyero.mp4,0.9707536101341248
vcioownnuq.mp4,0.9882151484489441
vcklvvpait.mp4,0.9872854351997375
vckrtidobg.mp4,0.7585780024528503
vclisimdvl.mp4,0.9282214641571045
vcmdjpepdv.mp4,0.9899998903274536
vcmhigfrbk.mp4,0.9829586148262024
vcnekqcsgm.mp4,0.5607917904853821
vcnlzqulvk.mp4,0.9880397915840149
vcnqejrxhr.mp4,0.8693830370903015
vcnwrcwqcs.mp4,0.9717503786087036
vcnwszucoi.mp4,0.9076088070869446
vcoxcsxkmq.mp4,0.1811603605747223
vcoxhbyfgw.mp4,0.9900000095367432
vcqcervdzi.mp4,0.973684549331665
vcqdmzirff.mp4,0.8174715042114258
vcqgfemqgt.mp4,0.9847089648246765
vcqgihwpvz.mp4,0.9754335880279541
vcrjcvfmuf.mp4,0.9514902234077454
vcrmlccwlo.mp4,0.09908115863800049
vcrpfwfyxw.mp4,0.9489185810089111
vcrsbaumvo.mp4,0.9602820873260498
vcsnxzuwmz.mp4,0.08011408150196075
vctwucgixu.mp4,0.988621711730957
vcumowlzxb.mp4,0.9476749300956726
vcupnuytpb.mp4,0.9899999499320984
vcuwljflau.mp4,0.9899265766143799
vcuyjclura.mp4,0.9747889041900635
vcvnxynkfu.mp4,0.8745606541633606
vcvqfkaatg.mp4,0.8363445401191711
vcwhqingpg.mp4,0.19927401840686798
vcxjnsrgqh.mp4,0.9893462061882019
vcydvlacqr.mp4,0.95894455909729
vcyiqndlpr.mp4,0.9830899238586426
vczmpcsqga.mp4,0.11268383264541626
vczqlbiqzt.mp4,0.919773280620575
vdaeabtran.mp4,0.8089688420295715
vdaiwsswzr.mp4,0.7487097382545471
vdajzsoqat.mp4,0.949432909488678
vdarshgprl.mp4,0.9778439402580261
vdbgwbysyz.mp4,0.987701952457428
vdblyisner.mp4,0.9029183983802795
vdbvsvobgq.mp4,0.9519497156143188
vdcxojkuvk.mp4,0.975501298904419
vddddtoqhw.mp4,0.631576657295227
vddmjkvitf.mp4,0.9466632604598999
vddzflpeat.mp4,0.97221440076828
vdevvrpqdk.mp4,0.3048667311668396
vdgaewfami.mp4,0.9859046936035156
vdgefdsrda.mp4,0.6384072303771973
vdgibxqylz.mp4,0.9900000691413879
vdhmwmmdwc.mp4,0.9691357612609863
vdinbayunq.mp4,0.91867995262146
vdjjanykyc.mp4,0.9898413419723511
vdjkiusseu.mp4,0.8861306309700012
vdjyomnhjf.mp4,0.21526718139648438
vdkbgjzjah.mp4,0.5057306885719299
vdkfjetpaa.mp4,0.26155632734298706
vdlchuptjz.mp4,0.9031175374984741
vdltwguhex.mp4,0.6314405798912048
vdmaeysfhq.mp4,0.20715367794036865
vdmbchexkc.mp4,0.08380179852247238
vdmlnjupqm.mp4,0.8895346522331238
vdmpnmnsmv.mp4,0.9893990755081177
vdmsfnbtse.mp4,0.977942943572998
vdniupszfp.mp4,0.9713718891143799
vdotcxvngl.mp4,0.9889072179794312
vdpftwbuzb.mp4,0.8045138716697693
vdpjbtmwtm.mp4,0.9433786273002625
vdprdmbzez.mp4,0.9300423860549927
vdpzavvuam.mp4,0.9450944066047668
vdqdwpcpwd.mp4,0.9893832802772522
vdqlcevfys.mp4,0.13556578755378723
vdqritvjfl.mp4,0.11044537276029587
vdriwbzkqt.mp4,0.8621526956558228
vdsirrbcar.mp4,0.3018614649772644
vdsvkclzcl.mp4,0.9330918192863464
vdtmlbzhwi.mp4,0.12481341511011124
vdtvohankg.mp4,0.2243736982345581
vduqphtrei.mp4,0.21981465816497803
vdvffooule.mp4,0.2320917546749115
vdviepstwv.mp4,0.9835258722305298
vdviynltwo.mp4,0.6788836717605591
vdvqyocatg.mp4,0.989965558052063
vdwhghrocr.mp4,0.8779844045639038
vdwzarbfro.mp4,0.9869188070297241
vdxrhsrtxi.mp4,0.9804908633232117
vdycfwhcnw.mp4,0.9876284599304199
vdyhcesmes.mp4,0.9726172089576721
veasqdjezk.mp4,0.12629882991313934
vebmzzbjmw.mp4,0.6347727179527283
vebqnnskmx.mp4,0.9890010356903076
vecncurxxs.mp4,0.20793858170509338
vecpsduyek.mp4,0.9710009098052979
vedfvbgmlw.mp4,0.8873099088668823
vedptrbvwf.mp4,0.9900001287460327
veebbmwxcy.mp4,0.9770105481147766
veeshygosz.mp4,0.9437171220779419
vefsefzior.mp4,0.10532671958208084
veghrwyrei.mp4,0.9893775582313538
vegikoijyv.mp4,0.8894544839859009
vegxooikmg.mp4,0.9858278632164001
vehavdpudy.mp4,0.8242096304893494
vehfrbzqic.mp4,0.9898566603660583
vehvnfriqh.mp4,0.08932331204414368
veivhympzw.mp4,0.8984668254852295
veixrkjqvi.mp4,0.9896712303161621
veizjojmka.mp4,0.6288911700248718
veizpmvwsd.mp4,0.8460221886634827
vejadazcyr.mp4,0.9740354418754578
vejalpxadv.mp4,0.9758533835411072
vekifszeqs.mp4,0.07313124090433121
vekowwvpdl.mp4,0.9855566620826721
vekvxnlifq.mp4,0.9758841395378113
veljdnicrj.mp4,0.736221432685852
velsbbrsxo.mp4,0.8534479141235352
vemkifcxcn.mp4,0.9296795725822449
vemnbnqoqk.mp4,0.7286536693572998
vemrgsglez.mp4,0.9762769937515259
venacxpweh.mp4,0.9898667335510254
vencojpgda.mp4,0.9345085620880127
venlqferdg.mp4,0.9620465040206909
venocbjbce.mp4,0.9900000095367432
venolarbbi.mp4,0.9396798014640808
veochyfnmr.mp4,0.9871405363082886
veonctwtvy.mp4,0.9203612208366394
veoqevbrix.mp4,0.940688967704773
vepsrhoemi.mp4,0.865247905254364
veptkrjscn.mp4,0.9713591933250427
vepwfvaowm.mp4,0.9826398491859436
veqmbjkpdd.mp4,0.9866690635681152
vequthjwqt.mp4,0.9597069025039673
verjftplzg.mp4,0.9582759737968445
verpxkucoi.mp4,0.9044857621192932
veruihwrka.mp4,0.9843204617500305
vesrpvbeil.mp4,0.9057514071464539
vetgneddor.mp4,0.057200122624635696
vetjxiiqmo.mp4,0.1441064327955246
vetudzjkpl.mp4,0.13370490074157715
vevgmzjwyh.mp4,0.8241248726844788
vevndjwbxp.mp4,0.8942595720291138
vewpuspywj.mp4,0.9211270809173584
vexotpgdtv.mp4,0.9829150438308716
vexrpgxzpx.mp4,0.9900000095367432
vexsmecivv.mp4,0.1827012598514557
veyjifwweq.mp4,0.5563222765922546
veypfxnbmx.mp4,0.8313954472541809
vezmltphcx.mp4,0.8862094283103943
vezunsqqur.mp4,0.6867265105247498
vezvjuniqo.mp4,0.777044951915741
vfaqxbheec.mp4,0.9844487905502319
vfaybygqdj.mp4,0.9817785024642944
vfbfbbcgtc.mp4,0.8218379616737366
vfbqapwssl.mp4,0.9512383341789246
vfbsnuopin.mp4,0.9898475408554077
vfbtsfenme.mp4,0.21186140179634094
vfeszwyzwx.mp4,0.6614261269569397
vffcezqrqs.mp4,0.9489728808403015
vffremtvap.mp4,0.904005229473114
vffrnlprcl.mp4,0.7057879567146301
vfggfuqsou.mp4,0.7045773267745972
vfgsrjoovx.mp4,0.9900000691413879
vfgzsuybfi.mp4,0.9038622379302979
vfhcukrbjz.mp4,0.9900000095367432
vfhfduegkh.mp4,0.7753283977508545
vfiuieuoie.mp4,0.9833343625068665
vfjearzksp.mp4,0.9474974274635315
vfjsxdipsb.mp4,0.9598857760429382
vfkgzfdjsl.mp4,0.9443998336791992
vfkoirexjw.mp4,0.24956302344799042
vflaeohpdd.mp4,0.9189480543136597
vfleyzslul.mp4,0.9715269804000854
vflhlzzokx.mp4,0.9592387080192566
vfmakpzrts.mp4,0.9883500933647156
vfmdtymljv.mp4,0.9804053902626038
vfmhvzgfcs.mp4,0.989418089389801
vfmkuhkbcn.mp4,0.6339341998100281
vfmquywpnx.mp4,0.9899152517318726
vfnhzsxvsg.mp4,0.9894749522209167
vfnrczdlux.mp4,0.982148289680481
vfntfbauih.mp4,0.8775558471679688
vfntqoubyh.mp4,0.37756863236427307
vfqgfbhkzs.mp4,0.2615320086479187
vfqnhruluc.mp4,0.9857708215713501
vfqvlxsefa.mp4,0.10157860815525055
vfrbcotnwe.mp4,0.902396559715271
vfrdxvexlm.mp4,0.7568702101707458
vfrgsynvwy.mp4,0.9893299341201782
vfrlbhvpap.mp4,0.8093662858009338
vfsnvaimdh.mp4,0.9691673517227173
vfszaqentw.mp4,0.8737475275993347
vftavpyqby.mp4,0.6899494528770447
vftbepkuwz.mp4,0.9304972290992737
vftfacniuh.mp4,0.9787891507148743
vftkjmozdj.mp4,0.9874922037124634
vfuhpwyctw.mp4,0.911125123500824
vfuixopjaf.mp4,0.9839189052581787
vfumdcywiu.mp4,0.9695748090744019
vfuvjltxjy.mp4,0.9422264099121094
vfuyhtbwqx.mp4,0.8975268602371216
vfvqptursj.mp4,0.9844369888305664
vfvrydyerz.mp4,0.9327654242515564
vfvuuhbgny.mp4,0.9888550043106079
vfxfouwbyj.mp4,0.9671698212623596
vfxkgrhzpj.mp4,0.502602756023407
vfyctljbef.mp4,0.988610565662384
vfyqgyaucy.mp4,0.9028966426849365
vfyqvklnwa.mp4,0.8988896608352661
vfzgfoovfl.mp4,0.9778730273246765
vfzuwbrzfw.mp4,0.9900000691413879
vgajigcsqw.mp4,0.9416010975837708
vgbflegefs.mp4,0.9802732467651367
vgbzhesioo.mp4,0.8776279091835022
vgcuubwckm.mp4,0.9648342728614807
vgdllmzjcw.mp4,0.7472936511039734
vgdlwfxlrq.mp4,0.9899999499320984
vgdvlvjhod.mp4,0.9892445802688599
vgecwlcakv.mp4,0.9423609375953674
vgehtbkfpe.mp4,0.8971149921417236
vgeowvmdic.mp4,0.13001704216003418
vgepwukqsj.mp4,0.9571114778518677
vgezzdapxd.mp4,0.9820756316184998
vgfdryazlz.mp4,0.9898436665534973
vgfxjwupga.mp4,0.9749545454978943
vgglcdhnoe.mp4,0.9881963729858398
vghtllobjq.mp4,0.9449201822280884
vgiipejkbo.mp4,0.956169605255127
vgimszrkun.mp4,0.9280287623405457
vgiwjhtzcw.mp4,0.8845349550247192
vgjjfhabto.mp4,0.828514039516449
vglpsurlpe.mp4,0.9675850868225098
vglslxotoc.mp4,0.884813129901886
vgmecbdpfr.mp4,0.09855478256940842
vgmvjwslby.mp4,0.9718286395072937
vgmvkrdwjn.mp4,0.9523949027061462
vgmykxblbg.mp4,0.967286229133606
vgmzygrzbx.mp4,0.9898022413253784
vgndywbmgf.mp4,0.11923591047525406
vgnybxowkd.mp4,0.9771336913108826
vgpflbusem.mp4,0.9613778591156006
vgpjbehlzv.mp4,0.957011878490448
vgqeucbdzh.mp4,0.9899999499320984
vgqihhasxp.mp4,0.2291175127029419
vgqlrclkbd.mp4,0.9619908332824707
vgrbygvlvs.mp4,0.9675322771072388
vgrhobnbfo.mp4,0.9690037965774536
vgrrhhfdof.mp4,0.9797242879867554
vgrrktbveh.mp4,0.9891248941421509
vgrscvxomm.mp4,0.9890766143798828
vgrvobnbyc.mp4,0.9835284948348999
vgsnqqagqx.mp4,0.7263765335083008
vgsvlukfad.mp4,0.9739816784858704
vgtggjgbez.mp4,0.9775959849357605
vgtlvzefkj.mp4,0.9597772359848022
vgucxgaxth.mp4,0.9893319010734558
vgujrwpdkv.mp4,0.13978618383407593
vguyewjvsd.mp4,0.8768740892410278
vgvzbxfqay.mp4,0.9895911812782288
vgwaolvigk.mp4,0.9716605544090271
vgwhrgaefk.mp4,0.9899999499320984
vgxeuvagxh.mp4,0.9610484838485718
vgxvfzwdgb.mp4,0.9899879693984985
vgybiuwawn.mp4,0.9774530529975891
vgycmueljc.mp4,0.9849671721458435
vgzvuhpcnc.mp4,0.8616183400154114
vhapgiijym.mp4,0.822012186050415
vhazbwqznu.mp4,0.5886659622192383
vhbakkudnn.mp4,0.9875273704528809
vhbfhsqcwf.mp4,0.9748342633247375
vhcghhjkul.mp4,0.5851704478263855
vhcnckkcmb.mp4,0.9258831143379211
vhcnfrupqk.mp4,0.1940038949251175
vhcrrcszbc.mp4,0.10116885602474213
vhecaycdri.mp4,0.8373452425003052
vhelobkunu.mp4,0.9777076244354248
vhfnsnwmjg.mp4,0.9164479970932007
vhgemrfnpy.mp4,0.6059924364089966
vhheakzdyz.mp4,0.9900000691413879
vhhjovigpz.mp4,0.8470163345336914
vhhrdwqayw.mp4,0.9891826510429382
vhidioegvr.mp4,0.9507664442062378
vhifhryrmv.mp4,0.984239935874939
vhihjnunqv.mp4,0.9880577325820923
vhipamioud.mp4,0.10310006141662598
vhirvynhnq.mp4,0.9874848127365112
vhjcnhzejg.mp4,0.9807597398757935
vhjpgqtmlk.mp4,0.9887973070144653
vhmrtrnhnk.mp4,0.9804744720458984
vhoiiowhsz.mp4,0.6087737083435059
vhorpvvjow.mp4,0.9867842793464661
vhpfejhytt.mp4,0.9617034792900085
vhphdqsajw.mp4,0.15328674018383026
vhphtddasg.mp4,0.9696998000144958
vhpinxcqhj.mp4,0.2565179765224457
vhpmqlnxyu.mp4,0.9831121563911438
vhqaiwbumb.mp4,0.988879382610321
vhqgeyngzg.mp4,0.8395648002624512
vhqsrhweef.mp4,0.1877395063638687
vhqzxlahov.mp4,0.2161082625389099
vhrsinaqlr.mp4,0.9401511549949646
vhrsrexhgu.mp4,0.7948458194732666
vhrxopyhtm.mp4,0.989372730255127
vhssjeykri.mp4,0.9786211848258972
vhtefwolqi.mp4,0.9885270595550537
vhuqgyiaeq.mp4,0.9672607183456421
vhvfewspbu.mp4,0.9596728086471558
vhwmivkxqp.mp4,0.9878086447715759
vhxilqsezm.mp4,0.9798822402954102
vhxrzboohi.mp4,0.9109827876091003
vhxzlpzvaz.mp4,0.7642174959182739
vhyagubmot.mp4,0.9234769344329834
vhykpqniml.mp4,0.985508143901825
vhynmylwkd.mp4,0.9311051368713379
vhyuqdbzog.mp4,0.9900000095367432
vhyvttctxs.mp4,0.9685519337654114
vhzjmxxnxa.mp4,0.8403241038322449
vibhrvveql.mp4,0.8009372353553772
vicfqzlwfn.mp4,0.9752644300460815
vickoeuevr.mp4,0.9859095215797424
vidbfpiyru.mp4,0.9877941608428955
vidyizdisg.mp4,0.5394434332847595
vieltxisfw.mp4,0.7968087196350098
vififfintx.mp4,0.8190386295318604
vigbdgmudk.mp4,0.12907283008098602
vigevybpbi.mp4,0.7246625423431396
vigikyjcvp.mp4,0.8703020811080933
vignlknrfl.mp4,0.9724695086479187
vigpdarnvy.mp4,0.9734207987785339
vihekzssnq.mp4,0.9705754518508911
vihlzjrfel.mp4,0.606115996837616
vihsdbpbww.mp4,0.8762025237083435
vihykadidr.mp4,0.9896945953369141
viidhkoxyv.mp4,0.1278820037841797
viidtrqxzf.mp4,0.17966468632221222
vijuirxebt.mp4,0.564706563949585
vikbeujczb.mp4,0.987054169178009
vilqffdwwb.mp4,0.9684584736824036
vionhvwqig.mp4,0.9516849517822266
vipuvvczrg.mp4,0.9827995896339417
viqdrqflap.mp4,0.5953999757766724
viqlegaftr.mp4,0.9886411428451538
virufnfelm.mp4,0.987418532371521
visigorggj.mp4,0.9232344031333923
visjxbolmr.mp4,0.9899999499320984
vispdxphpq.mp4,0.9756863117218018
vitervhitc.mp4,0.7835593819618225
vitjdpnfpi.mp4,0.8336832523345947
vityyuvmzw.mp4,0.957695722579956
viukymvgmb.mp4,0.7407252788543701
viwanuestq.mp4,0.8204089999198914
viwcjjwrar.mp4,0.7734098434448242
viwkdohrpx.mp4,0.917730450630188
vixjxycvix.mp4,0.985198974609375
vixugdoqwc.mp4,0.7908704876899719
viylujrvtf.mp4,0.10921422392129898
viyyebjalf.mp4,0.9898232817649841
viznmxrjqi.mp4,0.19246642291545868
vizobysqns.mp4,0.9900000095367432
vjayareydu.mp4,0.7369819283485413
vjbnrukjfu.mp4,0.6036767959594727
vjcxvlunio.mp4,0.8927406668663025
vjdnanakdg.mp4,0.9047697186470032
vjegxiyvla.mp4,0.5511053204536438
vjeutxwxao.mp4,0.9502860903739929
vjeywrdbih.mp4,0.8402930498123169
vjgopjjzmw.mp4,0.9899998307228088
vjgppgbdav.mp4,0.9890329837799072
vjhhaopwjk.mp4,0.14767245948314667
vjhxiwhqnl.mp4,0.9010574817657471
vjiiikrtva.mp4,0.8781994581222534
vjiuppkgns.mp4,0.9465259909629822
vjjicoufhl.mp4,0.9872798919677734
vjjmfkdkla.mp4,0.117763452231884
vjjqrnsosy.mp4,0.9806174039840698
vjjsvmpxul.mp4,0.6488654017448425
vjjueyuaee.mp4,0.954026460647583
vjjuhwczys.mp4,0.9828004837036133
vjkiyqaset.mp4,0.27517327666282654
vjlbticgds.mp4,0.9121260643005371
vjlszitvfu.mp4,0.9852285385131836
vjltcrkyjk.mp4,0.9895374178886414
vjmafouyza.mp4,0.18470726907253265
vjmlyldnnf.mp4,0.9772644639015198
vjnbtebjhv.mp4,0.8903194069862366
vjnmnonubo.mp4,0.8083745241165161
vjoaifuasz.mp4,0.5745441317558289
vjojpjftab.mp4,0.9658790826797485
vjokpmmkhe.mp4,0.09882277250289917
vjowdfxqbq.mp4,0.9896551966667175
vjrkvicvlg.mp4,0.9746254682540894
vjsefhweyg.mp4,0.2262244075536728
vjsepnyvpv.mp4,0.18267571926116943
vjtgjgekwl.mp4,0.9840112924575806
vjtnjuhrkz.mp4,0.528786838054657
vjuametrqy.mp4,0.24931712448596954
vjubqmmqtm.mp4,0.9504799246788025
vjudsbuepu.mp4,0.2087935358285904
vjupencgns.mp4,0.9573472142219543
vjvzihjgrj.mp4,0.9802278280258179
vjwpuuwfyy.mp4,0.8847020864486694
vjwqqugabo.mp4,0.16648904979228973
vjwvgxgydu.mp4,0.17897599935531616
vjwwcunuhh.mp4,0.9887887239456177
vjxmismlde.mp4,0.9445542097091675
vjydkkczpi.mp4,0.8178892731666565
vjymlebfiy.mp4,0.9763513207435608
vjyvxalibt.mp4,0.9843654632568359
vjzdetdusx.mp4,0.9703060388565063
vjzuhhdvuo.mp4,0.632208526134491
vjzxgtimer.mp4,0.9643778204917908
vkavnvgbpa.mp4,0.3694550395011902
vkdjerviml.mp4,0.9756513237953186
vkedlslozl.mp4,0.9857118725776672
vkewcogjuj.mp4,0.791582465171814
vkeyhxykvm.mp4,0.9893760085105896
vkfcgyrnhu.mp4,0.7680627107620239
vkfyqjrtkq.mp4,0.8385693430900574
vkghjeygsg.mp4,0.08351743966341019
vkgzdtoyae.mp4,0.6118342280387878
vkhopttpck.mp4,0.9340190291404724
vkhpaibymp.mp4,0.9721965789794922
vkhuwcfjfn.mp4,0.9751523733139038
vkirqaiuoc.mp4,0.14576031267642975
vkjaxfweqr.mp4,0.9676771759986877
vkkmleainv.mp4,0.5608892440795898
vklggpdnqd.mp4,0.9208970665931702
vkmvqinplq.mp4,0.9456796646118164
vkpdqpqpla.mp4,0.9879484176635742
vkpdzhuvjz.mp4,0.9479132890701294
vkpixamasg.mp4,0.9817705154418945
vkqcvtpefs.mp4,0.08739445358514786
vkqlekiyri.mp4,0.9397327303886414
vkqmzqfrok.mp4,0.989846408367157
vkquzefowk.mp4,0.9825801849365234
vkqxrqpgdi.mp4,0.9706389904022217
vkrfiplcxu.mp4,0.9885937571525574
vkrlcimcda.mp4,0.9886403679847717
vkrwzbgeur.mp4,0.9835770726203918
vksxufnaly.mp4,0.9625654816627502
vktckxpsse.mp4,0.9775975346565247
vkunbdghkb.mp4,0.8677837252616882
vkuoqjhpjs.mp4,0.9755750894546509
vkuxvfwfqu.mp4,0.9886147379875183
vkuymbddlv.mp4,0.9051401019096375
vkvcvpseot.mp4,0.9568755030632019
vkvitobppp.mp4,0.97982257604599
vkvjazreth.mp4,0.9641044735908508
vkvnatqfpn.mp4,0.8352720141410828
vkvzzoimxp.mp4,0.13070158660411835
vkwtbzhxxk.mp4,0.9884719252586365
vkxvyfpuhu.mp4,0.9412705898284912
vkyrtkgpnd.mp4,0.9767017960548401
vlaokifxkp.mp4,0.16186711192131042
vlauwpzgqf.mp4,0.9581518769264221
vlbairfcep.mp4,0.9898120164871216
vlbnnvlydp.mp4,0.9859683513641357
vlbomdvoja.mp4,0.12722112238407135
vlbpkrarqo.mp4,0.10480225086212158
vlcnvhanxr.mp4,0.7244110107421875
vldaezlifv.mp4,0.07291412353515625
vldixcvisy.mp4,0.5531232953071594
vlduixqrjx.mp4,0.9898900389671326
vleicnhecu.mp4,0.9899999499320984
vlgehmytoe.mp4,0.7524489164352417
vlgzgzglih.mp4,0.5575997233390808
vlhrgeyvqy.mp4,0.9813646674156189
vliksucltv.mp4,0.9262835383415222
vliqbnejte.mp4,0.9891024827957153
vljgyqklbz.mp4,0.5173875689506531
vljiptyngb.mp4,0.8784506916999817
vljmsimmbq.mp4,0.9745248556137085
vljumscvtl.mp4,0.6635540723800659
vlkypafsor.mp4,0.914036214351654
vllrgwplce.mp4,0.7925825119018555
vlmcahccjj.mp4,0.9543637633323669
vlmdvzqjyx.mp4,0.9325607419013977
vlmhmxykgr.mp4,0.9404692649841309
vlmkudpvpw.mp4,0.32157719135284424
vlmkusmtnq.mp4,0.35562393069267273
vlmwdogdra.mp4,0.893311619758606
vlneabhohi.mp4,0.9839908480644226
vloauagxet.mp4,0.9198874831199646
vlodycfrfy.mp4,0.989399790763855
vlonumqomf.mp4,0.9881811738014221
vlpfcqtfpr.mp4,0.975883424282074
vlpjjmibwr.mp4,0.934004008769989
vlrozxsbcq.mp4,0.9747321009635925
vlsjqcoqgp.mp4,0.8294376134872437
vlsxutjhqz.mp4,0.9808089137077332
vltexnjcdp.mp4,0.9749475717544556
vltqktpvnx.mp4,0.8903945684432983
vltrakrzec.mp4,0.9833056330680847
vltyfdmvms.mp4,0.7677955031394958
vluhdcpmkh.mp4,0.8660151958465576
vlvqypypgw.mp4,0.9895918965339661
vlvsqekxro.mp4,0.8633589148521423
vlwfwkozzg.mp4,0.9835033416748047
vlwgfksjha.mp4,0.74922114610672
vlwpgauoij.mp4,0.9895601868629456
vlxcdtzgbp.mp4,0.8725324273109436
vlxfyuzygn.mp4,0.7794961929321289
vlxqflgqtr.mp4,0.9849423170089722
vlxzbbftdc.mp4,0.798302173614502
vlypfdqlfy.mp4,0.9841205477714539
vlzwcejywm.mp4,0.1546659618616104
vmapxyjnmb.mp4,0.987138569355011
vmasbhlvba.mp4,0.839661717414856
vmcigumadi.mp4,0.9647651314735413
vmdenkmlhi.mp4,0.9243539571762085
vmdjplxgfj.mp4,0.6617285013198853
vmdkamjafs.mp4,0.23100776970386505
vmdkeczkkh.mp4,0.9867082834243774
vmdtkugivw.mp4,0.1218542531132698
vmfdbgiliv.mp4,0.8647375702857971
vmfuxypvar.mp4,0.9331338405609131
vmgqjmbhuj.mp4,0.752601683139801
vmhscypxba.mp4,0.5657635927200317
vmiiyyefra.mp4,0.9855313897132874
vmirklkeyi.mp4,0.7674145102500916
vmisvhtgjh.mp4,0.730947732925415
vmjqpwgvnq.mp4,0.9506877064704895
vmkqzqtkmu.mp4,0.9862954020500183
vmkracbvkj.mp4,0.2750700116157532
vmksyqbkpl.mp4,0.16250182688236237
vmkuxqxkrz.mp4,0.9641494750976562
vmlelhbuio.mp4,0.8105844855308533
vmluhrimpn.mp4,0.9821586608886719
vmlvpjjrrv.mp4,0.9900000691413879
vmmisgyagl.mp4,0.528232753276825
vmmqqnktlt.mp4,0.315687894821167
vmnmsnhxpj.mp4,0.9826439023017883
vmnqltuzmx.mp4,0.9177125096321106
vmnxuccacc.mp4,0.9525736570358276
vmonvjunsz.mp4,0.9899999499320984
vmowjajdgw.mp4,0.80036860704422
vmqaejhtoa.mp4,0.3725965917110443
vmrtbtwehe.mp4,0.9900000095367432
vmskipiiyt.mp4,0.6538550853729248
vmtymtievb.mp4,0.9899535179138184
vmujlevghf.mp4,0.9748097658157349
vmvjfkbrxs.mp4,0.9830706715583801
vmvmsiktzg.mp4,0.9899998903274536
vmxjsdkuju.mp4,0.9862180948257446
vmxmafazny.mp4,0.8942488431930542
vmxurpilcs.mp4,0.9855367541313171
vmytxryfpl.mp4,0.8745684623718262
vmzrjytbge.mp4,0.9357579946517944
vnactmbahi.mp4,0.9481601119041443
vnatgarprj.mp4,0.5159514546394348
vnatggaafz.mp4,0.9899562001228333
vnawjonjkj.mp4,0.9814225435256958
vndcqexgur.mp4,0.7036749720573425
vnddyrvqer.mp4,0.7483124136924744
vnejvzmoam.mp4,0.09401466697454453
vnfljvkhqz.mp4,0.9553751349449158
vnfyclbwlb.mp4,0.6516203284263611
vnfzyjlehx.mp4,0.988974928855896
vngnujnpzo.mp4,0.6600450873374939
vnjndtraot.mp4,0.8483210802078247
vnjzgroonv.mp4,0.9372133612632751
vnkcpuiuxv.mp4,0.9856321811676025
vnkecdalpd.mp4,0.19102118909358978
vnklmlbjeg.mp4,0.8678595423698425
vnkojjbeek.mp4,0.7376065850257874
vnkszsbmnq.mp4,0.23438513278961182
vnkuonhrlo.mp4,0.9899773001670837
vnnewgevky.mp4,0.975673258304596
vnnfxhegzw.mp4,0.9523143768310547
vnngbicgvx.mp4,0.08984597027301788
vnnzwvvhjc.mp4,0.9899998903274536
vnokttmtho.mp4,0.8018974661827087
vnolaloukn.mp4,0.904657244682312
vnotmfgttc.mp4,0.9864508509635925
vnowhxpcny.mp4,0.9900000095367432
vnoyyzlrhl.mp4,0.9806308746337891
vnpdkeemzp.mp4,0.22197717428207397
vnpkomujry.mp4,0.1744665652513504
vnqbgrywgs.mp4,0.9706709384918213
vnqpzwmohz.mp4,0.49117323756217957
vnrmxwtsmf.mp4,0.07300572097301483
vnrybsmire.mp4,0.5764402151107788
vnskrqkpcg.mp4,0.7500125169754028
vnsvqrjpje.mp4,0.9774542450904846
vnsxdkjjtk.mp4,0.9188283085823059
vntgzyrwvq.mp4,0.338837593793869
vnuccgfhub.mp4,0.5728267431259155
vnunhruyle.mp4,0.9882481694221497
vnupirkwau.mp4,0.10812561959028244
vnvxuhubts.mp4,0.9345319867134094
vnwbsatlha.mp4,0.957453727722168
vnwouygwjh.mp4,0.9615179300308228
vnyicpbvgn.mp4,0.9872005581855774
vnzfkjxkhr.mp4,0.9310306310653687
vnzhtrgtuk.mp4,0.9811197519302368
vnzukydvqk.mp4,0.9412708282470703
voazwmmlgi.mp4,0.9716318249702454
vobdelgtug.mp4,0.8995891809463501
voburxzcnz.mp4,0.9612398147583008
vocejnowbm.mp4,0.9738878011703491
vocjacgxzv.mp4,0.11328125
vodftzcdfa.mp4,0.9571298956871033
vodgksbhef.mp4,0.9525055885314941
vodvztthek.mp4,0.12572245299816132
voebotgkqf.mp4,0.7188899517059326
vofniuitsm.mp4,0.4104268252849579
vofqcpscue.mp4,0.2405385822057724
vofsdcsskk.mp4,0.08479958027601242
vogejocyvv.mp4,0.9900000691413879
voghvypasj.mp4,0.9258657097816467
vogrnkncog.mp4,0.9183647036552429
vogutjrcxk.mp4,0.7600887417793274
vohwauspnx.mp4,0.5350952744483948
vohxrvzaff.mp4,0.9655057191848755
voiulimrjw.mp4,0.9876180291175842
voizaxdjnz.mp4,0.9731138348579407
vojcfgoxgc.mp4,0.9893913865089417
vojsghpebv.mp4,0.10204404592514038
vokqctlugf.mp4,0.9761059880256653
vokvyztkur.mp4,0.9126035571098328
volckblrmm.mp4,0.3456745147705078
voldoxhfto.mp4,0.9484249353408813
volsvlttlm.mp4,0.9795035719871521
vomicublvr.mp4,0.9228451251983643
vomqkscben.mp4,0.34434810280799866
vomvolijuh.mp4,0.9063717722892761
vomyajnckm.mp4,0.8525537252426147
vomyfdpeoj.mp4,0.9161317944526672
vomypszoet.mp4,0.989323616027832
vomzaykdzx.mp4,0.834454357624054
vonmfxajan.mp4,0.4905213713645935
voogxlrser.mp4,0.9803330302238464
vooodvaacw.mp4,0.9893175363540649
voospsfncu.mp4,0.9223446846008301
vootmsovby.mp4,0.8024441003799438
vorsmesegs.mp4,0.9899999499320984
vosdfoltkt.mp4,0.8744617104530334
vosvixbeqf.mp4,0.8260834813117981
votatpsfzo.mp4,0.9167205095291138
voucpidonq.mp4,0.14619168639183044
vouhiqxlrk.mp4,0.1309266984462738
vouzdnonty.mp4,0.9589636921882629
vowhvpnqdx.mp4,0.9857016801834106
vowijkcdlb.mp4,0.9736518859863281
vownmzwfwv.mp4,0.19853146374225616
voxcbaldki.mp4,0.6857813000679016
voxdumsqok.mp4,0.9487252831459045
voxgfqwqxm.mp4,0.9821003079414368
voypmliwie.mp4,0.9827849268913269
voyvdizumd.mp4,0.39120569825172424
vozenudamz.mp4,0.9874954223632812
vozhxcagmw.mp4,0.9888348579406738
vpacqxwuzz.mp4,0.9498991370201111
vpamulkxzm.mp4,0.9313738942146301
vpbhuomkaa.mp4,0.7272921204566956
vpbllqdqlv.mp4,0.2908983528614044
vpbncllccw.mp4,0.9480537176132202
vpbsqpnolc.mp4,0.9207848310470581
vpcwwzaxmn.mp4,0.788384735584259
vpdgtarkiv.mp4,0.8907404541969299
vpdkhufhhw.mp4,0.9876000285148621
vpdlqtdpgd.mp4,0.9752483367919922
vpecllokeh.mp4,0.9883131384849548
vpfryxbeqz.mp4,0.8427810072898865
vpgjaoyvir.mp4,0.9897251129150391
vphopflrsk.mp4,0.9896504878997803
vphpdpwgbl.mp4,0.8791695833206177
vphynfhigk.mp4,0.9876989722251892
vpihjyjxun.mp4,0.9885216355323792
vpjixugvmm.mp4,0.9859657883644104
vpjnpmexys.mp4,0.8214035034179688
vpjwhrkdkj.mp4,0.7947700023651123
vpkqjedfnn.mp4,0.9872980713844299
vpksvxfrdj.mp4,0.9764502644538879
vpleqkttbh.mp4,0.9839252829551697
vplhlaegkr.mp4,0.9882915616035461
vplriikihk.mp4,0.1681496798992157
vplyyujkof.mp4,0.8588621020317078
vpmwtrntrz.mp4,0.7954334020614624
vpncajagtf.mp4,0.9881485104560852
vpnzmryjsb.mp4,0.7589142918586731
vpobphqohi.mp4,0.9269205331802368
vpolvvzwsw.mp4,0.9899106025695801
vpovscxqza.mp4,0.9605920910835266
vppsyhhxes.mp4,0.9788954854011536
vppucqymyx.mp4,0.27642378211021423
vpqsnrsjlw.mp4,0.19569002091884613
vprbbqfhie.mp4,0.9511465430259705
vprrnxtryn.mp4,0.6262753009796143
vpsdzetywv.mp4,0.9365379810333252
vpssuqupvi.mp4,0.9899649620056152
vpsyuggmff.mp4,0.778629720211029
vptdxpdmyk.mp4,0.7141157984733582
vptetjxjyn.mp4,0.9895519614219666
vptrrrmhyb.mp4,0.4349576234817505
vptukmzakw.mp4,0.9436586499214172
vpuemhkkyd.mp4,0.9763965010643005
vpuxflgqqm.mp4,0.9761832356452942
vpveeyyzhz.mp4,0.8675435781478882
vpvgroamfj.mp4,0.4321659207344055
vpvtkvxuyu.mp4,0.9675143957138062
vpvuklgjyc.mp4,0.6801146268844604
vpwebrkiqc.mp4,0.9769633412361145
vpweqxyrku.mp4,0.9198898077011108
vpwklvgpvz.mp4,0.9868484735488892
vpwscqjskp.mp4,0.9899613261222839
vpxkjisoqh.mp4,0.9730929732322693
vpynbnxvoy.mp4,0.982534646987915
vpzzqcsfdx.mp4,0.9889624714851379
vqaesghnol.mp4,0.9358273148536682
vqahmgujzv.mp4,0.9878517389297485
vqanoaxrtl.mp4,0.984050452709198
vqbfgydwoi.mp4,0.9242066144943237
vqbhcspbxr.mp4,0.981397807598114
vqbrffjwbj.mp4,0.9147105813026428
vqbyrifcoq.mp4,0.8907188177108765
vqdbxmolda.mp4,0.96092689037323
vqdqktsyvi.mp4,0.9899999499320984
vqfjgcrddh.mp4,0.9879043102264404
vqfvfpvugs.mp4,0.9778213500976562
vqgkxozajf.mp4,0.9385921955108643
vqgrmlzard.mp4,0.9886972904205322
vqhbsxcpid.mp4,0.7952866554260254
vqhygrhtcw.mp4,0.8745970726013184
vqibhetnwa.mp4,0.46604064106941223
vqijtaxplt.mp4,0.2203587293624878
vqjibmcsdp.mp4,0.9899912476539612
vqjjrfszsx.mp4,0.7334086298942566
vqlyxnkprs.mp4,0.9539008140563965
vqnbjxudpp.mp4,0.9636109471321106
vqncfmywjb.mp4,0.972947895526886
vqnfiywvps.mp4,0.9695031642913818
vqnkveciyx.mp4,0.7939918637275696
vqnopxghew.mp4,0.9352939128875732
vqocwkpftq.mp4,0.9803363680839539
vqojdgrvvr.mp4,0.9872002601623535
vqomcklsyn.mp4,0.9229199886322021
vqouplerye.mp4,0.19071272015571594
vqpaotdttq.mp4,0.3507267236709595
vqpruhegck.mp4,0.9648782014846802
vqqibukdgb.mp4,0.20902015268802643
vqrsnqwezt.mp4,0.30910804867744446
vqruoluamf.mp4,0.8918120265007019
vqseehupzh.mp4,0.7935895323753357
vqsehstdfy.mp4,0.1292189657688141
vqspsdkblb.mp4,0.1257898360490799
vqtbpwvcqj.mp4,0.14907820522785187
vqtjnmbjyk.mp4,0.1910688728094101
vqtspwkgwe.mp4,0.9111172556877136
vqtuvahlpw.mp4,0.3895920217037201
vqucjkjpes.mp4,0.8712483048439026
vqulyuhgdo.mp4,0.9375522136688232
vqurloftbq.mp4,0.9900000095367432
vquuylimyj.mp4,0.9763265252113342
vquxvdlcpb.mp4,0.9767416715621948
vqvamfsdla.mp4,0.9877368807792664
vqvdkpgunw.mp4,0.9900000095367432
vqvisduclj.mp4,0.5726468563079834
vqvpqosovt.mp4,0.11089950799942017
vqvxsedbiw.mp4,0.921613872051239
vqwavqlbxr.mp4,0.9837063550949097
vqxgubkkuu.mp4,0.5712381601333618
vqxmksylit.mp4,0.9614973664283752
vqxrjplroe.mp4,0.9895504713058472
vqyakldsay.mp4,0.9896512031555176
vqyvotfkix.mp4,0.9791802167892456
vqzibtrssb.mp4,0.9359936714172363
vqzimdprvg.mp4,0.9900000691413879
vqzurmckor.mp4,0.9896500110626221
vqzwsgbqgt.mp4,0.9853286147117615
vramlofpey.mp4,0.6093412637710571
vrbpfalcjh.mp4,0.9897205829620361
vrbvrxdfmz.mp4,0.1639842838048935
vrctkqjbqu.mp4,0.6833129525184631
vreolbyxae.mp4,0.9773114919662476
vrfdwhejrq.mp4,0.9721157550811768
vrfgknkmqz.mp4,0.6961716413497925
vrguefuwqk.mp4,0.8532370924949646
vrhqhhpwgz.mp4,0.9417493939399719
vricufjwgv.mp4,0.5664490461349487
vrimykzxeg.mp4,0.20270121097564697
vrisbopsgt.mp4,0.9535189867019653
vrjlwsfexm.mp4,0.9897011518478394
vrjyzhzktp.mp4,0.9900001883506775
vrkajpyygi.mp4,0.43203380703926086
vrlrtwlwqy.mp4,0.11026321351528168
vrlumjhmbk.mp4,0.3161974847316742
vrlwkywnia.mp4,0.9848936796188354
vrmirrirnl.mp4,0.9330417513847351
vrmpyicsoa.mp4,0.7959374189376831
vrnovxueit.mp4,0.23368419706821442
vrnznvmwon.mp4,0.437602698802948
vrobbpvhhz.mp4,0.9899573922157288
vrohklbhbk.mp4,0.29396265745162964
vrowrcgjvo.mp4,0.3305160403251648
vrpaukzvai.mp4,0.4510747492313385
vrpmfsdoot.mp4,0.9848719835281372
vrptbmncwx.mp4,0.6174136400222778
vrpusszzdz.mp4,0.9895284175872803
vrqfktvxjm.mp4,0.4212772846221924
vrqljnmysb.mp4,0.9890431761741638
vrqnseymxf.mp4,0.7076429724693298
vrqnyqqxfa.mp4,0.115981325507164
vrqxebsspf.mp4,0.8197030425071716
vrrdzohizm.mp4,0.9875005483627319
vrrvajfayp.mp4,0.9662579894065857
vrrzpasggs.mp4,0.6642621159553528
vrsdljflug.mp4,0.12880784273147583
vrsfvjfcsn.mp4,0.7188706994056702
vrtymxriej.mp4,0.865166187286377
vruwrnwhah.mp4,0.9858962893486023
vrvbhsusyp.mp4,0.9187199473381042
vrvvplwuyg.mp4,0.9886963963508606
vrwfzgzruv.mp4,0.3298887014389038
vrwlzlvyxz.mp4,0.9881893992424011
vrxfhcwwds.mp4,0.15044772624969482
vrxntwvbvd.mp4,0.8802087903022766
vrxrtdkvjd.mp4,0.9725993871688843
vrxvihwxea.mp4,0.2848998010158539
vrykylnafv.mp4,0.8940639495849609
vryqboviuu.mp4,0.9716843962669373
vryswxhujz.mp4,0.9899998903274536
vrywrqixcf.mp4,0.9900000095367432
vrzcdynbco.mp4,0.433165043592453
vrzderrtfe.mp4,0.31007930636405945
vrzjuypurl.mp4,0.8427973389625549
vsafvjbumm.mp4,0.9896162152290344
vsaxywrwwh.mp4,0.9132541418075562
vsbifxfcjq.mp4,0.9532530307769775
vsbobpehed.mp4,0.08514413982629776
vsbocnyxgr.mp4,0.9813510179519653
vscwgglzcf.mp4,0.957314670085907
vscxlcdyoz.mp4,0.3203922212123871
vsdmydwkoi.mp4,0.16736041009426117
vsdyuwgkrz.mp4,0.9728557467460632
vsekvcewgw.mp4,0.6984705924987793
vsfctxhhkk.mp4,0.9900000095367432
vsfhbxmkzn.mp4,0.15756624937057495
vsfqsxcdgi.mp4,0.9729272723197937
vsgqeehgad.mp4,0.8879654407501221
vsgueeisof.mp4,0.982319712638855
vsgzuqdavx.mp4,0.9890495538711548
vshavmtpst.mp4,0.17641454935073853
vsihnsoqwv.mp4,0.9820021390914917
vsimocefjt.mp4,0.7844387292861938
vsinqiaizy.mp4,0.14231963455677032
vsiqfnwpqr.mp4,0.9680174589157104
vsjeostabc.mp4,0.8811252117156982
vsjhvwqkxq.mp4,0.89680415391922
vslgyuzexf.mp4,0.8916541934013367
vslmohcgrs.mp4,0.9841220378875732
vslnmavuek.mp4,0.16620489954948425
vslzefizav.mp4,0.980080783367157
vsmyqhtxcp.mp4,0.9346624612808228
vsnmkqynju.mp4,0.9611949324607849
vsnnqycyeh.mp4,0.8420239686965942
vsohijftmr.mp4,0.8627761602401733
vsoivwtzkm.mp4,0.9874463081359863
vsoptojyky.mp4,0.9566414952278137
vspsvduzvv.mp4,0.9619560837745667
vsqafmmfbl.mp4,0.15545400977134705
vsqmqlbdgc.mp4,0.9882245063781738
vsqrgosrdt.mp4,0.9349609613418579
vsreebjsfs.mp4,0.09609341621398926
vsrmgtcogv.mp4,0.829831063747406
vsrqgwgfft.mp4,0.9882276654243469
vsskmwwzxg.mp4,0.0758712887763977
vsslkksnic.mp4,0.9116910696029663
vsslsumbrp.mp4,0.9728642702102661
vsspxiiaxh.mp4,0.9796111583709717
vssykrqdbi.mp4,0.9861750602722168
vstpccsedy.mp4,0.9882586598396301
vsulopkjvr.mp4,0.20127572119235992
vsunyloqes.mp4,0.1884559988975525
vsvazkoszd.mp4,0.9838917255401611
vsvehebmtp.mp4,0.8757307529449463
vswceirobb.mp4,0.8797374963760376
vswguxmhup.mp4,0.9898284673690796
vswoxprwgl.mp4,0.8760883212089539
vswqwdkyri.mp4,0.1331559419631958
vsxbaaovqj.mp4,0.3873884677886963
vsxthyzjid.mp4,0.9253978729248047
vsxtsqvphy.mp4,0.9673372507095337
vsxzsogxsy.mp4,0.3295918107032776
vsyjjjeayt.mp4,0.9160730838775635
vszciigspa.mp4,0.9808776378631592
vszibbcfgn.mp4,0.09780031442642212
vszoyhcrdd.mp4,0.9899014234542847
vtavzbqvij.mp4,0.6744211316108704
vtaztagukf.mp4,0.4527604281902313
vtbaozyqyy.mp4,0.451061874628067
vtbcptkdfl.mp4,0.9769107103347778
vtbrpehlme.mp4,0.964543879032135
vtcixvcort.mp4,0.9800342321395874
vtdmwrifoi.mp4,0.564984917640686
vtfcqxlmze.mp4,0.9600951075553894
vtgwrdpjhu.mp4,0.977588415145874
vtgxjwotlk.mp4,0.15567980706691742
vtgzexvhgc.mp4,0.9247646927833557
vthwsdavvc.mp4,0.985443651676178
vtiqlaagxx.mp4,0.9664216041564941
vtiumgfxtf.mp4,0.9755738973617554
vtiwviltlz.mp4,0.4400384724140167
vtjidnmwxh.mp4,0.9177035689353943
vtkbjpfaoo.mp4,0.8883950710296631
vtlbiwkann.mp4,0.17194238305091858
vtmcqtdsjs.mp4,0.9573389887809753
vtnuixsryw.mp4,0.9886960387229919
vtocctjaqr.mp4,0.9080873727798462
vtogjcuzol.mp4,0.7847972512245178
vtoorsnjeo.mp4,0.6707381010055542
vtpccmtlmt.mp4,0.11955663561820984
vtpvmpboxj.mp4,0.8676725029945374
vtpyezclns.mp4,0.9831636548042297
vtqfqmnrly.mp4,0.9727029800415039
vtrsobbvze.mp4,0.7407857179641724
vtsqppwbag.mp4,0.9886349439620972
vttdokvnjo.mp4,0.9623053669929504
vttlyxprcg.mp4,0.9897722601890564
vtugswwthj.mp4,0.893351674079895
vtumllvkkq.mp4,0.9896552562713623
vtvgwshklp.mp4,0.9890559315681458
vtwcgcpekm.mp4,0.9602163434028625
vtwmetnzax.mp4,0.1269753873348236
vtwobfpyxv.mp4,0.9360462427139282
vtwxyegbsh.mp4,0.9688295722007751
vtxdxmivyz.mp4,0.9884392023086548
vtypbizkms.mp4,0.8795447945594788
vtyrercqgm.mp4,0.947231113910675
vtzlptckxt.mp4,0.9262716770172119
vtznvjlyck.mp4,0.17326156795024872
vuabbfjvgd.mp4,0.9424741864204407
vubcopfzqw.mp4,0.9784232378005981
vubxbikjix.mp4,0.9659969210624695
vubxqxrllg.mp4,0.1850082129240036
vuccfkcimf.mp4,0.12362945079803467
vuclirejpq.mp4,0.9345319867134094
vudqhjbnse.mp4,0.9278846979141235
vudrnaqdbv.mp4,0.6194757223129272
vuebtkngto.mp4,0.264944463968277
vuegbjpvfj.mp4,0.989682137966156
vueqdpnvln.mp4,0.9747524261474609
vufrzfmdit.mp4,0.9555194973945618
vugeajjdpd.mp4,0.9819943308830261
vuhecbwnsr.mp4,0.7555961012840271
vuhkblgcll.mp4,0.9879384636878967
vuilyelkeg.mp4,0.9186468720436096
vuirbazsqr.mp4,0.9569969773292542
vuixqctwxz.mp4,0.45175454020500183
vujbyxtiio.mp4,0.9741332530975342
vujmaijlrs.mp4,0.6354798674583435
vujvqcnbol.mp4,0.18987534940242767
vukoronzan.mp4,0.9883237481117249
vulcrsidql.mp4,0.13794444501399994
vulfhomwor.mp4,0.9176411628723145
vulirjzpza.mp4,0.6873820424079895
vulzmdcgtr.mp4,0.9823445677757263
vumghnalez.mp4,0.9368668794631958
vunufofchc.mp4,0.9885746240615845
vunykhhwwo.mp4,0.9811064600944519
vunzthkkza.mp4,0.8832719922065735
vuofhivyfs.mp4,0.11131919920444489
vuofiadkqz.mp4,0.9175713658332825
vuoscfbycd.mp4,0.9885585308074951
vuouumoskm.mp4,0.9713820219039917
vupagtbqex.mp4,0.9900000095367432
vupmukvvxd.mp4,0.061806485056877136
vuppesuyal.mp4,0.986397922039032
vuqbgydugv.mp4,0.9794065356254578
vusdgqwjfg.mp4,0.9805566072463989
vusfisygkz.mp4,0.9422399997711182
vusvzjmgli.mp4,0.06255517154932022
vutdcljddj.mp4,0.9797177314758301
vutwmldavx.mp4,0.9899543523788452
vuuevgbesz.mp4,0.9814886450767517
vuuoqsaayq.mp4,0.1032240241765976
vuuszelxhn.mp4,0.12945781648159027
vuutkmjbdk.mp4,0.5769636631011963
vuuwqdriya.mp4,0.8078736662864685
vuuylvbmde.mp4,0.9096550941467285
vuvaydlmta.mp4,0.22961056232452393
vuwpbnsdzk.mp4,0.9642742276191711
vuwwjfnhge.mp4,0.9890667200088501
vuxargmijm.mp4,0.9730112552642822
vuxgouhsfn.mp4,0.9659873247146606
vuxtlecuwu.mp4,0.9861377477645874
vuypolrcfy.mp4,0.1421414464712143
vuzhapfdrt.mp4,0.9344848990440369
vuzvgxazcz.mp4,0.804824948310852
vvaprewhzv.mp4,0.9899206161499023
vvbutldixv.mp4,0.8936408162117004
vvcvpgbpyw.mp4,0.9434026479721069
vvdjjapzsi.mp4,0.8914860486984253
vvdpzwyhnu.mp4,0.9516919255256653
vvdypdckev.mp4,0.9675582647323608
vvdypfmupb.mp4,0.8889517188072205
vveahuaufk.mp4,0.805925190448761
vveomkcwyw.mp4,0.8519534468650818
vvfmkgoyqd.mp4,0.3192990720272064
vvgvipiyeq.mp4,0.9554297924041748
vvhfvhrapc.mp4,0.9794132113456726
vvhlkhoolb.mp4,0.8982508182525635
vvhmumccgq.mp4,0.9761320352554321
vvickrfcho.mp4,0.986039936542511
vvijplbibj.mp4,0.6265056133270264
vvirdruilr.mp4,0.8210579752922058
vvispdjqxd.mp4,0.9900000691413879
vvjdojdzpq.mp4,0.9727106690406799
vvjmzgrzmc.mp4,0.9877846240997314
vvjnasvzju.mp4,0.9118991494178772
vvlbjptiel.mp4,0.8421452045440674
vvmntqbqxb.mp4,0.3357466459274292
vvnesespxu.mp4,0.10516088455915451
vvnjxfommn.mp4,0.9799955487251282
vvnoeunikl.mp4,0.9678306579589844
vvoxycalkx.mp4,0.9821780323982239
vvpbuedczu.mp4,0.8216498494148254
vvpekcopdc.mp4,0.7921390533447266
vvpqqpjlwn.mp4,0.8319507837295532
vvpwtduldi.mp4,0.96642005443573
vvqtglzcep.mp4,0.13560079038143158
vvriuacduz.mp4,0.9849401116371155
vvsbchnyjv.mp4,0.6180011034011841
vvsicmdyzq.mp4,0.9852571487426758
vvsoymxnol.mp4,0.32546359300613403
vvtgxgykww.mp4,0.959524929523468
vvtzkgipvb.mp4,0.11795976758003235
vvvlfwgxqd.mp4,0.9855189919471741
vvvuorcvfv.mp4,0.8442909717559814
vvvzsluzws.mp4,0.9768028259277344
vvwiqcvllt.mp4,0.989989697933197
vvxiemmuzq.mp4,0.9857195019721985
vvxnfaqbot.mp4,0.9817938208580017
vvxpvxptlw.mp4,0.12729625403881073
vvygpvfiyd.mp4,0.21448297798633575
vvysgggofo.mp4,0.5297515988349915
vvyxwlcaax.mp4,0.5735045671463013
vvzefxbzqv.mp4,0.9006722569465637
vvzpczcwlc.mp4,0.7528274655342102
vvzzgraotq.mp4,0.17671336233615875
vwabptueck.mp4,0.8367493152618408
vwavxcyykd.mp4,0.9900000095367432
vwbdlklsjn.mp4,0.4994699954986572
vwcacyqmpy.mp4,0.17572683095932007
vwdbfqebag.mp4,0.10399460792541504
vwdcowoxxj.mp4,0.9899999499320984
vwdupokjyb.mp4,0.8776206970214844
vweghoydea.mp4,0.9883308410644531
vwejghweuu.mp4,0.6596971750259399
vweptzevkl.mp4,0.43582838773727417
vwetsvmkdj.mp4,0.9900000095367432
vwezeiczkt.mp4,0.9863147139549255
vwfccelneb.mp4,0.9080326557159424
vwfcckqewi.mp4,0.9651808738708496
vwgeflwkrz.mp4,0.9705578684806824
vwgjdpxisr.mp4,0.9749540090560913
vwglehgkey.mp4,0.9878827929496765
vwhbaibyfr.mp4,0.9331681728363037
vwhkslntta.mp4,0.9461329579353333
vwhmbabhdb.mp4,0.8882647156715393
vwhuhlhctt.mp4,0.2678596079349518
vwigrbqwbf.mp4,0.9713017344474792
vwigtbeivy.mp4,0.21838246285915375
vwiidzlkdv.mp4,0.1981719583272934
vwjefjjqrr.mp4,0.4161864221096039
vwjegddiex.mp4,0.9899183511734009
vwldcakscn.mp4,0.8969148397445679
vwlelxjgey.mp4,0.8988113403320312
vwlkjebhvw.mp4,0.9573018550872803
vwluqyyhpi.mp4,0.9832154512405396
vwlwbovhxl.mp4,0.9791595935821533
vwmaaaldtm.mp4,0.14422862231731415
vwmiebtfmp.mp4,0.9670057892799377
vwmocnbdbm.mp4,0.9640284776687622
vwnbgvgzfc.mp4,0.5143589377403259
vwnhxugzsd.mp4,0.690112829208374
vwnuhvbnsq.mp4,0.585807740688324
vwoewnnobr.mp4,0.7364842295646667
vwovockaja.mp4,0.9484726786613464
vwpeiuxppi.mp4,0.15280304849147797
vwpvsrphdd.mp4,0.9887076020240784
vwqlucuqto.mp4,0.14236541092395782
vwqmrisuzw.mp4,0.97276371717453
vwqrtxbwye.mp4,0.631861686706543
vwrcgnwdzo.mp4,0.9775847792625427
vwrrieyzck.mp4,0.13598774373531342
vwrsgjzxcq.mp4,0.8365790247917175
vwtbrtvsxh.mp4,0.13814978301525116
vwtchwfzlw.mp4,0.9900000095367432
vwtoiqzwtt.mp4,0.9859859347343445
vwvaddvdhb.mp4,0.6441560983657837
vwvkjzwyuz.mp4,0.9895219802856445
vwvpfimnbv.mp4,0.686693012714386
vwwazwjgqa.mp4,0.8580286502838135
vwwyakakss.mp4,0.6469064354896545
vwxoisiedz.mp4,0.989822506904602
vwxsnitxwe.mp4,0.9850245714187622
vwyodmstpu.mp4,0.8420480489730835
vwyyxvqkmj.mp4,0.986404538154602
vwzprtfgpt.mp4,0.9899999499320984
vwzrviqaqk.mp4,0.14464643597602844
vwzxrdbiui.mp4,0.9534099102020264
vxakkmhcan.mp4,0.48586198687553406
vxavwwanpp.mp4,0.8545646667480469
vxayjzhphh.mp4,0.20177564024925232
vxbijjelis.mp4,0.9063687324523926
vxbnaacnvz.mp4,0.256137490272522
vxbngbdohv.mp4,0.9888560175895691
vxbvibfyws.mp4,0.9487647414207458
vxbxvwazua.mp4,0.9900000095367432
vxcfljdjbe.mp4,0.989899754524231
vxcjkgerao.mp4,0.8442294001579285
vxcwtlqnbv.mp4,0.6276059746742249
vxcxblgtcl.mp4,0.9856860637664795
vxdbtkmflb.mp4,0.9900000691413879
vxdeuyjhuq.mp4,0.7462802529335022
vxelxlqkjb.mp4,0.6742420196533203
vxfqivddfn.mp4,0.9800577759742737
vxfvavzscr.mp4,0.1181616485118866
vxgfvndtps.mp4,0.46407702565193176
vxgzxvarvc.mp4,0.12105800211429596
vxhdfsvihq.mp4,0.8625683188438416
vxhdsgywlh.mp4,0.63252192735672
vxhmskalqh.mp4,0.9609745740890503
vxiavuaply.mp4,0.9899998903274536
vxivzbkhdk.mp4,0.19873274862766266
vxjfmhoehj.mp4,0.9301285147666931
vxjlkxxzxa.mp4,0.9899998307228088
vxkzaoklbk.mp4,0.9541507959365845
vxlqzgewuz.mp4,0.05628339946269989
vxlvixxxtz.mp4,0.942852795124054
vxmntgzczw.mp4,0.9806602597236633
vxmzjuxoeb.mp4,0.32656946778297424
vxnjzhzwcx.mp4,0.9782698750495911
vxoahgdkoj.mp4,0.9887660145759583
vxoddhovex.mp4,0.2766447365283966
vxojnluipv.mp4,0.951999306678772
vxpgkelrns.mp4,0.9874900579452515
vxptamrvpk.mp4,0.9773343801498413
vxqcfwelie.mp4,0.9843012690544128
vxqofldgze.mp4,0.9775179624557495
vxqtauhyvo.mp4,0.9359614849090576
vxrdidfgje.mp4,0.10093830525875092
vxrhpfangv.mp4,0.6146275997161865
vxtfcgjagn.mp4,0.15561169385910034
vxtlqowsxi.mp4,0.9258644580841064
vxusutrmjr.mp4,0.25377175211906433
vxvfnilipx.mp4,0.9899998903274536
vxwaxehjux.mp4,0.9861384034156799
vxwkhsvjxx.mp4,0.9887727499008179
vxwsisekmb.mp4,0.27350589632987976
vxxajypjxx.mp4,0.28548237681388855
vxxbpbersr.mp4,0.9751758575439453
vxxlutjivk.mp4,0.13890312612056732
vxyddzxeco.mp4,0.9899999499320984
vxyiqbqyvw.mp4,0.661806583404541
vxyzlvqvhb.mp4,0.9878680109977722
vxzbzorpvx.mp4,0.979693591594696
vxzevjxptf.mp4,0.8960977792739868
vyacjkyvnt.mp4,0.9769763350486755
vyashhbpgf.mp4,0.9834777116775513
vybarxinlq.mp4,0.9899354577064514
vybbrqndcv.mp4,0.14171059429645538
vybbullejj.mp4,0.9900001287460327
vybpefznnl.mp4,0.9511324763298035
vybvqhigzq.mp4,0.9598063230514526
vycubfqbsw.mp4,0.44809940457344055
vycvfenloc.mp4,0.9848777651786804
vyddxgodef.mp4,0.11976015567779541
vydubobzur.mp4,0.8528936505317688
vyefvxoqmh.mp4,0.9421921968460083
vyetikapse.mp4,0.5976561903953552
vyeykiiasj.mp4,0.9864743947982788
vyfbdzoqbo.mp4,0.5499738454818726
vyfobcpbfq.mp4,0.2844257354736328
vyfxbvzhvx.mp4,0.9800365567207336
vygippnwij.mp4,0.9837018847465515
vyhfemhath.mp4,0.9869623780250549
vyhhcubgrb.mp4,0.9859535694122314
vyigmewuus.mp4,0.07214019447565079
vyiikcnkyw.mp4,0.988010585308075
vyjhpmgygg.mp4,0.9845262765884399
vykngnqhju.mp4,0.9840354919433594
vylqhhaece.mp4,0.9894665479660034
vylzsyazmx.mp4,0.3402872085571289
vymmhcllqs.mp4,0.9899999499320984
vyndaaclxx.mp4,0.9763128161430359
vynhywgssy.mp4,0.9491317272186279
vyoozsirec.mp4,0.9876055717468262
vypdtrxrqd.mp4,0.9351106882095337
vypfiufyvr.mp4,0.9203611612319946
vypwovaohd.mp4,0.967590868473053
vyqqnwyrzi.mp4,0.9829991459846497
vyrkbvfpbd.mp4,0.43646666407585144
vysvnufvyc.mp4,0.9880450963973999
vytbixywfl.mp4,0.9896441102027893
vytjkvplzu.mp4,0.09126555919647217
vytnueykce.mp4,0.9810922741889954
vytvsnbdhx.mp4,0.9726711511611938
vyvakdelwu.mp4,0.2215021252632141
vyvcnwyxkk.mp4,0.988379955291748
vyweaswaop.mp4,0.9230751991271973
vywvktvkbs.mp4,0.9596875309944153
vyzyckcmpt.mp4,0.94096839427948
vzacrzgjtk.mp4,0.13010604679584503
vzaplbdhrh.mp4,0.9808647036552429
vzbdwilegq.mp4,0.2760792374610901
vzbfqsmggp.mp4,0.07795973122119904
vzblrxdmxw.mp4,0.9890683889389038
vzczmceyuc.mp4,0.9764413237571716
vzdbwerhpw.mp4,0.6527636647224426
vzdjpsxrma.mp4,0.9797206521034241
vzdmxnuhkz.mp4,0.5247396230697632
vzdubwzzed.mp4,0.9864890575408936
vzetjkdprf.mp4,0.9024124145507812
vzewnmgser.mp4,0.9886364340782166
vzfiayzifu.mp4,0.2920185625553131
vzftnuycbj.mp4,0.988813042640686
vzgcbkfkga.mp4,0.9881528615951538
vzgrwuddfc.mp4,0.9728277921676636
vzhddunyik.mp4,0.9600023031234741
vzhekhuofe.mp4,0.9886963963508606
vzhnbxbmao.mp4,0.18445168435573578
vzidramzjr.mp4,0.9826698303222656
vziiorztkr.mp4,0.9824432134628296
vzinlbrvuw.mp4,0.9803597331047058
vzjiuuhlgz.mp4,0.9897902607917786
vzjwwecbrb.mp4,0.7483609914779663
vzkbkaytip.mp4,0.8890579342842102
vzkekmsnyk.mp4,0.9872038960456848
vzkjmyeyhk.mp4,0.9827094078063965
vzltstjkwm.mp4,0.8072797060012817
vzmywijmup.mp4,0.9835336804389954
vznfvzkrgy.mp4,0.8480702638626099
vzngxvuasb.mp4,0.11414743214845657
vznzbpywab.mp4,0.9270362854003906
vzodkhkpdv.mp4,0.9876633882522583
vzoefemkme.mp4,0.9899997711181641
vzoejtikdm.mp4,0.584166407585144
vzomknwbuv.mp4,0.9299936294555664
vzovudfimk.mp4,0.5867182612419128
vzquwvazbb.mp4,0.8662967681884766
vzquzlnnbn.mp4,0.526088297367096
vzrhekqyot.mp4,0.9488193392753601
vzrokelbyl.mp4,0.9843888282775879
vzsthtxqgc.mp4,0.9883065223693848
vztfzxzclg.mp4,0.980878472328186
vzxgmtvvwa.mp4,0.9486388564109802
vzxlthrgth.mp4,0.9536671042442322
vzxluflrhn.mp4,0.13780876994132996
vzybqptymo.mp4,0.9041135907173157
vzyigmkacd.mp4,0.9886186122894287
wabjhmmqww.mp4,0.49842551350593567
wabjhvgygp.mp4,0.9875441789627075
wabniqhixs.mp4,0.9662975072860718
wabyiamgcs.mp4,0.9867979884147644
wacxaomorz.mp4,0.9613916277885437
wadvbqwddb.mp4,0.17784106731414795
waehykhfxa.mp4,0.9750833511352539
waejvkchgy.mp4,0.9886430501937866
waekcvtplt.mp4,0.41180503368377686
waelhbzekw.mp4,0.9554176926612854
waeskngtfq.mp4,0.7926613092422485
wafyksehao.mp4,0.7896122932434082
wagcavhhpc.mp4,0.9858284592628479
wahixajhpv.mp4,0.9846324324607849
wajekkipiy.mp4,0.9885579943656921
wakrfauvnf.mp4,0.9004458785057068
walwffkgtr.mp4,0.15469780564308167
walwxoranx.mp4,0.8978708386421204
wanjyppioc.mp4,0.8074666261672974
waoxgtosrb.mp4,0.9754533171653748
wappqztpnr.mp4,0.8478056788444519
wapytblnic.mp4,0.9668387174606323
waqkzzfbll.mp4,0.5170140266418457
waqocpjdjv.mp4,0.97263103723526
waqohuqldv.mp4,0.9899999499320984
warsqvoirc.mp4,0.75398188829422
watcnqibxj.mp4,0.9530367851257324
watiwlecjv.mp4,0.9753542542457581
watlphgtvj.mp4,0.987675666809082
watpnhaucp.mp4,0.8820936679840088
wauoeybril.mp4,0.1769297569990158
wavjwvvskq.mp4,0.14123277366161346
waxcdqdjpx.mp4,0.9898564219474792
wayblxtvzm.mp4,0.8898757100105286
wazeinvyng.mp4,0.20995253324508667
wbauflvfzq.mp4,0.98819899559021
wbbmxcrssy.mp4,0.9525978565216064
wbcamhqfgx.mp4,0.8532714247703552
wbcnvdycxo.mp4,0.975247323513031
wbdeybaazn.mp4,0.907281756401062
wbechqnxqm.mp4,0.1599774956703186
wbegnddgks.mp4,0.6563076972961426
wbeloasrin.mp4,0.8389102816581726
wbeplfzuvf.mp4,0.8577193021774292
wbezhimwhd.mp4,0.5867559909820557
wbezyiploa.mp4,0.6449993848800659
wbfezmodza.mp4,0.8672321438789368
wbfofluvxg.mp4,0.9898267388343811
wbgivbxtax.mp4,0.11299344897270203
wbhgiqmjwp.mp4,0.7762621641159058
wbhgwgqgna.mp4,0.208312526345253
wbhrwyvmyb.mp4,0.9815265536308289
wbhusfdkwh.mp4,0.9484049677848816
wbjjqvilmb.mp4,0.9833976626396179
wbkseptvot.mp4,0.9847766757011414
wblbqllxwq.mp4,0.9881870150566101
wblcszxxbb.mp4,0.9767199754714966
wbllwuvlsk.mp4,0.872869074344635
wblpwuihmo.mp4,0.9834882616996765
wbmdqqtnmr.mp4,0.6566181182861328
wbmgzfjkwu.mp4,0.569394052028656
wbmtiennwo.mp4,0.10816577076911926
wbmvbetcdm.mp4,0.14179576933383942
wbmxzgevzq.mp4,0.9522895812988281
wbnepxefbp.mp4,0.9758926033973694
wbnjeuoytp.mp4,0.9775165915489197
wbnowcgdhl.mp4,0.9724283814430237
wbnylvpxkb.mp4,0.9799036383628845
wboxubjdlm.mp4,0.9613777995109558
wbpcorrcyl.mp4,0.9895899295806885
wbqdwrulkm.mp4,0.18100564181804657
wbqnqjfsgi.mp4,0.2691304087638855
wbsaewrzpq.mp4,0.8319316506385803
wbsajsyaej.mp4,0.7983359098434448
wbsjlgxstv.mp4,0.29617035388946533
wbtjpjlsjo.mp4,0.9890117049217224
wbtolhwpyo.mp4,0.9898698925971985
wbtytqdygg.mp4,0.46219903230667114
wbujtkivtn.mp4,0.9735119342803955
wbvlgevkmb.mp4,0.9635587334632874
wbvttgzgjr.mp4,0.7738257050514221
wbwsscmgxb.mp4,0.9899688959121704
wbxgbgzbrz.mp4,0.18850944936275482
wbxnjorrvo.mp4,0.9865925908088684
wbxwesdpad.mp4,0.5
wbxwlxngda.mp4,0.10773369669914246
wbyfiwfrgf.mp4,0.7423199415206909
wbytduwkdj.mp4,0.9874280691146851
wbytxsolfy.mp4,0.9782768487930298
wbyzjuahgs.mp4,0.9761108160018921
wbzjcngbor.mp4,0.9777308702468872
wbzssuclak.mp4,0.15942604839801788
wbzuboyumt.mp4,0.9822022318840027
wbzzvjhdwy.mp4,0.9899998903274536
wcbfcmfjon.mp4,0.854826033115387
wcbhgpjimp.mp4,0.9548383355140686
wcbnkhtwvj.mp4,0.9605398774147034
wcbvzlyltb.mp4,0.19998010993003845
wcbzijzyaq.mp4,0.9318138360977173
wcckmuzcyh.mp4,0.2936391830444336
wcctmgtcvk.mp4,0.9565721750259399
wcdcivtpti.mp4,0.9108603000640869
wcdkdtysxu.mp4,0.9406821131706238
wcerkoyqnm.mp4,0.6237813830375671
wcgmsalwrw.mp4,0.9828444123268127
wcgseqbpbz.mp4,0.9554063081741333
wchbngegmq.mp4,0.6181735396385193
wchmfhotgt.mp4,0.9522810578346252
wchxvtaxjd.mp4,0.8854232430458069
wcicgnnamg.mp4,0.6608886122703552
wcimuqbkek.mp4,0.9891265630722046
wciqwqqgnr.mp4,0.9489832520484924
wcjhbdtezc.mp4,0.9073420763015747
wclmwjiotk.mp4,0.9781046509742737
wclwrdpcbh.mp4,0.9648143649101257
wcmcakviru.mp4,0.301376074552536
wcmgrcbwxq.mp4,0.2523995339870453
wcmqpfjebd.mp4,0.9570404887199402
wcmqvldxtk.mp4,0.082582987844944
wcnnrwfvgi.mp4,0.7387158870697021
wcnttkqepg.mp4,0.9852033257484436
wcohnatfuu.mp4,0.8497155904769897
wcpsjgsmhk.mp4,0.9149066805839539
wcqtnstwij.mp4,0.13398919999599457
wcqudssayk.mp4,0.44923514127731323
wcqvuohxze.mp4,0.9870945811271667
wcqxmjrmom.mp4,0.5165650248527527
wcrehsadrr.mp4,0.9885056614875793
wcrirllire.mp4,0.9856520891189575
wctjlgxmus.mp4,0.987969160079956
wctqfpaquy.mp4,0.7017274498939514
wctrppqdjo.mp4,0.9641552567481995
wcuavvyokv.mp4,0.9173715114593506
wcumrffolu.mp4,0.9900000691413879
wcursjyswg.mp4,0.9123333692550659
wcusakgafv.mp4,0.9624922275543213
wcvadvurat.mp4,0.989708423614502
wcvuxlupna.mp4,0.9569433927536011
wcvyiarpfo.mp4,0.952528715133667
wcwovskufz.mp4,0.9839612245559692
wcwszagibq.mp4,0.9846135377883911
wcxombjhpz.mp4,0.7712767124176025
wcybpkdnmv.mp4,0.9114919304847717
wcyrtxkblp.mp4,0.9898248910903931
wczeysgrys.mp4,0.7328162789344788
wczmozxmdq.mp4,0.9883657693862915
wdafpwgevq.mp4,0.8813267946243286
wdalfxivcx.mp4,0.8584727048873901
wdamxsyytq.mp4,0.8512042760848999
wdarrvkhsj.mp4,0.9861768484115601
wdbhkeiksl.mp4,0.9873955845832825
wdblvqyxyx.mp4,0.5478082299232483
wdbojfpkpd.mp4,0.9593436121940613
wdcaxqeexp.mp4,0.9774978756904602
wdcynnazsq.mp4,0.883077085018158
wddhtmtnfk.mp4,0.9900000095367432
wddsnkeghb.mp4,0.9834234714508057
wdeomkqphx.mp4,0.9895840287208557
wdfgbyqdbn.mp4,0.8846808671951294
wdfonpthis.mp4,0.9359548687934875
wdglwreetr.mp4,0.9861044883728027
wdgonxedkz.mp4,0.9898744821548462
wdgsdwsisj.mp4,0.19785773754119873
wdhbbkpdmy.mp4,0.9710828065872192
wdhfkfsraq.mp4,0.7812514305114746
wdhhwfarpq.mp4,0.989416241645813
wdibrxgjni.mp4,0.9899999499320984
wdizvgasiw.mp4,0.9705058932304382
wdjakibrey.mp4,0.9149096012115479
wdjjqrpidu.mp4,0.9713318943977356
wdjjrlzxyb.mp4,0.989238440990448
wdjwaikjsj.mp4,0.949616014957428
wdkptmgkvp.mp4,0.21314916014671326
wdkttasjkq.mp4,0.919346034526825
wdlsseyqzz.mp4,0.9892933368682861
wdmddrpxca.mp4,0.8027136325836182
wdmiozfxer.mp4,0.6821615099906921
wdncfnhwto.mp4,0.1535685956478119
wdnvdcndwd.mp4,0.18165504932403564
wdpgeewsfu.mp4,0.9668028354644775
wdpsjixfue.mp4,0.09642646461725235
wdpvogcmmo.mp4,0.9877285957336426
wdqbtyqfkp.mp4,0.21579790115356445
wdqjpnxdtj.mp4,0.9339689612388611
wdstmdrcil.mp4,0.773043692111969
wdsxnkwhgu.mp4,0.989830732345581
wdtdmkamkg.mp4,0.982393741607666
wdtitxrfrh.mp4,0.27243226766586304
wdtjgdgnwq.mp4,0.7757775187492371
wdtoumzbzd.mp4,0.3470538556575775
wduchluqem.mp4,0.3357098698616028
wdudwghddu.mp4,0.685130774974823
wduqmznmym.mp4,0.9828136563301086
wdwtxqosdc.mp4,0.9370505809783936
wdxvdhlinc.mp4,0.9549797773361206
wdymodypoo.mp4,0.9690365195274353
wdzhfbnqmo.mp4,0.9048393368721008
wdzldsjigx.mp4,0.0828460082411766
wdzobfuurv.mp4,0.8401235342025757
wdztudnjav.mp4,0.9897522926330566
wdzvmfiste.mp4,0.6136588454246521
wdzvtcyjuj.mp4,0.8688669800758362
weadnmzvzp.mp4,0.9584532976150513
weavaatvho.mp4,0.7780917882919312
weazwvacod.mp4,0.9900000095367432
webphdlozj.mp4,0.9879882335662842
webrimfvtt.mp4,0.43117594718933105
websfjgutg.mp4,0.1143142357468605
webyiqztha.mp4,0.4704817533493042
webznbrpcd.mp4,0.9669690132141113
wecmkjuisc.mp4,0.9747527837753296
wedyarmcvw.mp4,0.14743554592132568
weecilkiro.mp4,0.8119063377380371
weegoldkhf.mp4,0.15969842672348022
weeivalxij.mp4,0.7221732139587402
weektplqak.mp4,0.12844222784042358
weexsxqrfz.mp4,0.9488891363143921
wefbhzmope.mp4,0.9899999499320984
wefgfotpqq.mp4,0.9537932276725769
wefpcyviem.mp4,0.9408743381500244
wegjhmzauw.mp4,0.9094489812850952
wegzajacex.mp4,0.777445375919342
wehtngqjxl.mp4,0.1096174493432045
wejapyzpbg.mp4,0.9887967705726624
wejqgsbysi.mp4,0.975273609161377
wekhxtinfx.mp4,0.815646767616272
weltyzkxfi.mp4,0.9897047281265259
wemmxongrq.mp4,0.9346697330474854
wemzpkinhk.mp4,0.9506785273551941
wenaoepxqb.mp4,0.9881152510643005
wenuooympy.mp4,0.9809437394142151
wenvrplbwm.mp4,0.9892548322677612
wepyuhvezr.mp4,0.9469356536865234
weqontqqhu.mp4,0.8525123000144958
wequwopjzq.mp4,0.9173502922058105
werlbvidvc.mp4,0.8540199398994446
weruepdgcd.mp4,0.9892143607139587
wervsihhmx.mp4,0.15574640035629272
weswgpmomf.mp4,0.10872412472963333
wetheuhcha.mp4,0.8922399282455444
wethlpqjfq.mp4,0.9896595478057861
wetjdexndk.mp4,0.975995659828186
wetxiumbte.mp4,0.9317096471786499
wetxtmuqbk.mp4,0.10649425536394119
weukwfnxfv.mp4,0.131231427192688
weumbyyafm.mp4,0.9785318970680237
weuofjclhu.mp4,0.9544536471366882
weuwmsvsab.mp4,0.948255717754364
wevaxsbyxd.mp4,0.9455977082252502
wevfueqyzy.mp4,0.9442733526229858
wevhybrgah.mp4,0.7835698127746582
wevygelkrl.mp4,0.18182963132858276
wewmaulmxp.mp4,0.24226325750350952
wewpryxgrr.mp4,0.9897533655166626
wewwfqwutz.mp4,0.8864991068840027
wewxquevzv.mp4,0.9816410541534424
wexrpfohgb.mp4,0.9650822877883911
weyakuslmc.mp4,0.366812527179718
weyaufavnr.mp4,0.090581513941288
weyytoiztb.mp4,0.19303877651691437
wezixwqvbf.mp4,0.8448487520217896
wfakuaafek.mp4,0.5310885906219482
wfamafxoyu.mp4,0.9900000095367432
wfbsgbgoxn.mp4,0.7966898679733276
wfchpcdbwv.mp4,0.9398947358131409
wfcufxqxms.mp4,0.8560614585876465
wfdhdbgvzm.mp4,0.8901611566543579
wfdhlzcncz.mp4,0.9820226430892944
wfdkvfpvbe.mp4,0.9714504480361938
wffrogdzbg.mp4,0.7547650933265686
wffykpcqun.mp4,0.9899920225143433
wfghfyvyfm.mp4,0.9715064764022827
wfgvemlxwq.mp4,0.9809081554412842
wfhyepctyv.mp4,0.9783529043197632
wfidleglqk.mp4,0.8513945937156677
wfjmzuaxww.mp4,0.32358530163764954
wfkwapjhts.mp4,0.8772728443145752
wfkxfzpglp.mp4,0.9605991244316101
wflygwwijx.mp4,0.07304510474205017
wfmeffvvce.mp4,0.3139701187610626
wfmgruqquc.mp4,0.3690710663795471
wfnelvowvg.mp4,0.7141718864440918
wfokdoloyz.mp4,0.9464820027351379
wfoubyslvu.mp4,0.9872075319290161
wfpunjtoee.mp4,0.9696085453033447
wfqcftvejn.mp4,0.9811527132987976
wfqcondnoq.mp4,0.9780949950218201
wfqctmmdkv.mp4,0.95745849609375
wfqgizxkww.mp4,0.9432963728904724
wfqqeykavq.mp4,0.9900000691413879
wfqukrdqot.mp4,0.5705717206001282
wfqwlgdawn.mp4,0.9585457444190979
wfrdbsdyis.mp4,0.989325761795044
wfrfrbuuga.mp4,0.5063322186470032
wfrsuhbxog.mp4,0.7532581686973572
wfsbpofrws.mp4,0.9889042973518372
wfsqddoonu.mp4,0.9334535598754883
wfsvuyhlvt.mp4,0.47226235270500183
wfsxvggzah.mp4,0.9898953437805176
wftjehygov.mp4,0.9263300895690918
wftoukwgtk.mp4,0.10617157071828842
wftzbnqebf.mp4,0.9891020059585571
wfudzmubsc.mp4,0.958071768283844
wfuhwqrjgp.mp4,0.2322196662425995
wfurdxubir.mp4,0.9382933378219604
wfuwzwkqvm.mp4,0.977023184299469
wfuyduebtv.mp4,0.9305812120437622
wfvcdhgtbi.mp4,0.6349128484725952
wfvipujbic.mp4,0.39378219842910767
wfvjyelmsr.mp4,0.09339390695095062
wfvtbscder.mp4,0.9889283180236816
wfxsepsnxb.mp4,0.9845104217529297
wfxyxrwdea.mp4,0.9897227883338928
wfyslosrax.mp4,0.9244279265403748
wfythnvztb.mp4,0.9315166473388672
wfyyfhrwcw.mp4,0.9893506765365601
wfzfpjtecf.mp4,0.9900000691413879
wfzfwlocbv.mp4,0.9888454675674438
wfzomvimem.mp4,0.9862119555473328
wfzxrfxohw.mp4,0.1372639536857605
wgafduokly.mp4,0.2571386694908142
wgaghjuwez.mp4,0.9899998307228088
wgaluxpmfe.mp4,0.3035397529602051
wgbbuxfsoe.mp4,0.7506778240203857
wgbmiiaomb.mp4,0.9846372008323669
wgcaothoxl.mp4,0.8168200254440308
wgcgqvntuy.mp4,0.8429503440856934
wgdmntidxn.mp4,0.8413885235786438
wgdqfuadec.mp4,0.9878526926040649
wgdttcpodm.mp4,0.8293699026107788
wgekoqdgny.mp4,0.9893601536750793
wgfidwalea.mp4,0.9475780129432678
wgghzzunsp.mp4,0.24094973504543304
wggnvhltjo.mp4,0.8021954894065857
wghkyxsgmi.mp4,0.9802280068397522
wgicfdvmii.mp4,0.9861892461776733
wgiojoodyu.mp4,0.9825112223625183
wgipqutduk.mp4,0.8355979919433594
wgiubssxye.mp4,0.9755386710166931
wgjeutkvqv.mp4,0.905869722366333
wgkxorvmtq.mp4,0.9733311533927917
wgmhyuxpjl.mp4,0.6469711065292358
wgmlmeubsz.mp4,0.7525457143783569
wgmmtmlqxj.mp4,0.8060116171836853
wgmpnulkrh.mp4,0.987445592880249
wgpiwtjulu.mp4,0.9897853136062622
wgpmpigjne.mp4,0.9788074493408203
wgqkfngwhk.mp4,0.5320653915405273
wgqptridcs.mp4,0.6452226042747498
wgqvvcrkci.mp4,0.9788281321525574
wgqxlqofbg.mp4,0.9305879473686218
wgrlttrxzo.mp4,0.8752644658088684
wgsfaaxkae.mp4,0.9827431440353394
wgsogwklkz.mp4,0.6152157783508301
wgsvouwkpe.mp4,0.8407875299453735
wgswphznis.mp4,0.13501721620559692
wgtasbplcj.mp4,0.9451525807380676
wgtxdrxzzu.mp4,0.9810935854911804
wgusxqhklm.mp4,0.8824136257171631
wgvbltgmkl.mp4,0.17417848110198975
wgveczfyjy.mp4,0.12867775559425354
wgvgcrtcct.mp4,0.9726328253746033
wgvgzykgjh.mp4,0.9899858832359314
wgvpsthdan.mp4,0.9635465741157532
wgwknwkhcl.mp4,0.872056782245636
wgwonzhpsm.mp4,0.8645628690719604
wgwtkaniub.mp4,0.6639098525047302
wgxdjocbni.mp4,0.9846640825271606
wgxzdmjxyu.mp4,0.989862322807312
wgxzoorxfb.mp4,0.8974707722663879
wgycqahjww.mp4,0.16085273027420044
wgymxzipeu.mp4,0.7231728434562683
wgysdlsqsr.mp4,0.9814116954803467
wgyuvkyedx.mp4,0.9058820605278015
wgyvrvrlam.mp4,0.2202887088060379
wgyxtquovo.mp4,0.976637601852417
wgziuzngqv.mp4,0.566375732421875
wgzojtktxm.mp4,0.9355451464653015
whavdpjeza.mp4,0.9595930576324463
whawkommbm.mp4,0.5151215195655823
whbknfcjtz.mp4,0.987359881401062
whcvxebrcb.mp4,0.9835454821586609
whcxqsyjrz.mp4,0.8665850162506104
whdlwqwxxw.mp4,0.9870467185974121
whenoceqbc.mp4,0.7382689714431763
wherrrxgus.mp4,0.9572668671607971
whevvgxgis.mp4,0.6504054069519043
whexbmwmbf.mp4,0.07735971361398697
whfntjazhf.mp4,0.2857974171638489
whgdxkzrgc.mp4,0.9868066310882568
whghgfejtv.mp4,0.9899843335151672
whimpibyvx.mp4,0.9858196377754211
whinjhdnkz.mp4,0.9869043231010437
whjftzzjwt.mp4,0.9810804128646851
whjphkfaey.mp4,0.9865542054176331
whjruukdbv.mp4,0.3900749981403351
whjsoshoth.mp4,0.8233948945999146
whkimvklkw.mp4,0.377101868391037
whkmwkevrb.mp4,0.893069326877594
whkqmlphca.mp4,0.9827541708946228
whlfpcoiiy.mp4,0.9898959398269653
whlwupiuyq.mp4,0.9836727380752563
whmihriwfw.mp4,0.4016481935977936
whmuyzgdrh.mp4,0.9887709021568298
whmxhrwjus.mp4,0.9817843437194824
whnhzzpgqz.mp4,0.9826380014419556
whocnbawsb.mp4,0.8452757000923157
whoufcajgr.mp4,0.949586033821106
whouwprivm.mp4,0.11754027009010315
whpdmcjjhv.mp4,0.9823466539382935
whqcgvgvcq.mp4,0.42453262209892273
whqjqnbivg.mp4,0.9670193195343018
whqjwuqcek.mp4,0.7750881314277649
whqovqzknc.mp4,0.8974800109863281
whqoyablqh.mp4,0.9480782151222229
whsdrgnrew.mp4,0.6417998671531677
whsgglurhh.mp4,0.6032170653343201
whsikwfkzv.mp4,0.9743785858154297
whsqzlklam.mp4,0.9854313135147095
whtffdhnvo.mp4,0.9800163507461548
whtjixlito.mp4,0.9010116457939148
whtmiuwmij.mp4,0.9899802207946777
whtrmmevij.mp4,0.7220756411552429
whtwlyhaez.mp4,0.6360872983932495
whuroxbmeb.mp4,0.8532708883285522
whusuiiqmt.mp4,0.8781076073646545
whvgbpiqym.mp4,0.9881476759910583
whvxhwihnw.mp4,0.7043367624282837
whxdrwokyw.mp4,0.8231608867645264
whxkvxzupx.mp4,0.46775081753730774
whxqigkgyk.mp4,0.9846653938293457
whxsttlmxb.mp4,0.7392937541007996
whygzcutmr.mp4,0.5894474983215332
whzfxmhtzp.mp4,0.9423385858535767
whzghihvpj.mp4,0.16972845792770386
wiastkfeee.mp4,0.19998948276042938
wibhouoypv.mp4,0.5780408978462219
wibvzcwsed.mp4,0.9051293134689331
wicszikqmg.mp4,0.9847779273986816
widixpakle.mp4,0.9724878072738647
wiezacumeb.mp4,0.9871569871902466
wifadtngcb.mp4,0.9838653206825256
wigsgjriah.mp4,0.9900000095367432
wigvufxjlt.mp4,0.9174783825874329
wigzumhqeg.mp4,0.9854013919830322
wiibkhtofj.mp4,0.9869621992111206
wiivttlycd.mp4,0.9818264842033386
wijsiskflp.mp4,0.9862427115440369
wikovzsmwg.mp4,0.9099802374839783
wiksdqrdai.mp4,0.07042919844388962
wikteupetl.mp4,0.8404685258865356
wilfhfcdmj.mp4,0.967705488204956
wilfnlcsws.mp4,0.8981552720069885
wilswzogxn.mp4,0.9389216303825378
wimdsuuvuo.mp4,0.987275242805481
wimesowura.mp4,0.9438996315002441
wimiizmsaj.mp4,0.8511466979980469
winfraqcmb.mp4,0.8250164985656738
winjhwexch.mp4,0.9171358346939087
winlzqoque.mp4,0.8158658742904663
winzkykhjj.mp4,0.7592243552207947
wiourzkzhl.mp4,0.3550390601158142
wiouwlashq.mp4,0.9078006744384766
wiouxielyd.mp4,0.9445536732673645
wioxcubcnc.mp4,0.9896355867385864
wipbbotmtl.mp4,0.9870229959487915
wiqhrbsfoj.mp4,0.9875300526618958
wiqmlyydvl.mp4,0.48266541957855225
wiqpzuqjhl.mp4,0.9833741784095764
wiqtkqwfsw.mp4,0.11869015544652939
wirrqskncd.mp4,0.9858530163764954
wirxxsutua.mp4,0.9815528392791748
wiryyniipz.mp4,0.9696157574653625
wiszpsosqq.mp4,0.1559138149023056
witduijexp.mp4,0.8741980195045471
wiucngpxdb.mp4,0.9832415580749512
wivtjlzfdc.mp4,0.9818465113639832
wivvhcghpj.mp4,0.883635401725769
wiwusfrevm.mp4,0.9899999499320984
wiwwxihjla.mp4,0.9687356948852539
wixamhpjea.mp4,0.7029172778129578
wixklzfgtv.mp4,0.9629231691360474
wiyqaqkswu.mp4,0.9798110127449036
wiytrffzjp.mp4,0.6147324442863464
wizboztwwm.mp4,0.42088931798934937
wizxwkxtrn.mp4,0.5395024418830872
wjbpogkzwb.mp4,0.8387583494186401
wjelzkifwn.mp4,0.9899998903274536
wjfeoichnb.mp4,0.9373641014099121
wjfpgayhty.mp4,0.9638579487800598
wjhhnnhjbi.mp4,0.953880250453949
wjhuumhiib.mp4,0.9012967944145203
wjifffemhm.mp4,0.9833641052246094
wjixbmipgn.mp4,0.968141496181488
wjjmpddtap.mp4,0.9771536588668823
wjjoqollas.mp4,0.9882583618164062
wjjqqdrxyr.mp4,0.2651953399181366
wjjyzijfxg.mp4,0.8176640272140503
wjlmvjsncs.mp4,0.9165182113647461
wjlozvhhot.mp4,0.9214509725570679
wjmrgmppdm.mp4,0.9732093214988708
wjofdmsref.mp4,0.9029456973075867
wjoftgbkdy.mp4,0.9012241959571838
wjorrptner.mp4,0.9814720749855042
wjovriuyvy.mp4,0.14608429372310638
wjoxvojixy.mp4,0.8573905229568481
wjoygwvvwf.mp4,0.9868230223655701
wjpeznrhww.mp4,0.915778636932373
wjpzkwocal.mp4,0.9816159009933472
wjqdwzowcg.mp4,0.9700964689254761
wjrepvzlsv.mp4,0.24156554043293
wjrqrtqend.mp4,0.9877492785453796
