filename,label
aaapwqhxli.mp4,0.29296064376831055
aabqcugcpc.mp4,0.05259092524647713
aabyjxwqyo.mp4,0.9227520227432251
aacehwwzol.mp4,0.6731217503547668
aacmrrcpmr.mp4,0.9358564019203186
aacweweyzz.mp4,0.8235195279121399
aadvqhdtxl.mp4,0.9388543367385864
aaeflzzhvy.mp4,0.9853578805923462
aaeucwtkdx.mp4,0.9525614380836487
aaferzprat.mp4,0.6628987193107605
aafuphyhpt.mp4,0.9176049828529358
aaghqpewzx.mp4,0.9539688229560852
aagsmskgyw.mp4,0.3731197416782379
aagundkpoh.mp4,0.9230055809020996
aahkgsltxw.mp4,0.9129579067230225
aahzjreawd.mp4,0.9681376218795776
aaiqsitvnd.mp4,0.9612866640090942
aaivbtdyjn.mp4,0.11691559106111526
aaixesxaoj.mp4,0.8622101545333862
aajnpdqnlz.mp4,0.5344664454460144
aakjdfqwnu.mp4,0.8685690760612488
aakjukgjme.mp4,0.19734936952590942
aakkhbgnjp.mp4,0.38935670256614685
aakzzdrumy.mp4,0.8244706988334656
aalhdlexwx.mp4,0.7370052933692932
aalkxecnzm.mp4,0.6442769169807434
aamjfukxwp.mp4,0.1589445322751999
aamvplpjbw.mp4,0.9390698671340942
aaonlmxhne.mp4,0.9715859293937683
aarrrzwibf.mp4,0.8893340229988098
aarsgjbafv.mp4,0.6113738417625427
aaszqdbdtk.mp4,0.5760791301727295
aatgqvvrta.mp4,0.9236231446266174
aatstfrpio.mp4,0.9554992318153381
aattrykxcr.mp4,0.7667275667190552
aavnkpdeaw.mp4,0.7322145104408264
aavuzodiub.mp4,0.7352690100669861
aavvshwqnn.mp4,0.9125829935073853
aawddjkkoz.mp4,0.24906012415885925
aawkmrlilr.mp4,0.8371971249580383
aawvkuxypy.mp4,0.2636963725090027
aaxrduwhbi.mp4,0.8553767800331116
aayuqaacef.mp4,0.8255729675292969
aayyqrkmow.mp4,0.44619977474212646
aazbmyxkzg.mp4,0.9637041091918945
aazkzzkbns.mp4,0.8587385416030884
aazsugjvjk.mp4,0.928230881690979
abacmovtxb.mp4,0.9549638032913208
abbhzhtjru.mp4,0.8844976425170898
abbniyapop.mp4,0.8962692618370056
abcrqrbwih.mp4,0.30848395824432373
abcwetphux.mp4,0.771769642829895
abdgairkrk.mp4,0.6543110609054565
abdqmdklio.mp4,0.9419108629226685
abepvlivgr.mp4,0.1494757980108261
abevkjwulb.mp4,0.9496048092842102
abfnyenqdw.mp4,0.38809287548065186
abfwqxqcim.mp4,0.8967126607894897
abganitbvj.mp4,0.6572729349136353
abgmiyhtth.mp4,0.9240168333053589
abgrdkbhch.mp4,0.9282271265983582
abgzebtpyw.mp4,0.9855839610099792
abhdaoikio.mp4,0.9755611419677734
abhlupreiy.mp4,0.9865243434906006
abhssqzhxu.mp4,0.43723154067993164
abhzleejiv.mp4,0.7263826727867126
abiihwztdo.mp4,0.11741510778665543
abiyemtwhw.mp4,0.8259444832801819
abjeigrfib.mp4,0.9268398880958557
abjhsmfczh.mp4,0.9460284113883972
abjkxgezpu.mp4,0.9179926514625549
abjqjcvhwe.mp4,0.14507275819778442
abjsiiiydj.mp4,0.9382379055023193
abkclntljz.mp4,0.11093258112668991
abkepzubca.mp4,0.9292870759963989
abkjuustxy.mp4,0.7658419013023376
abkxlatant.mp4,0.9734224677085876
abkyekgdzs.mp4,0.7223985195159912
abmcjolywn.mp4,0.06819600611925125
abmdetdeok.mp4,0.9406021237373352
abnxwtqpya.mp4,0.7756668329238892
abpanedvow.mp4,0.09456585347652435
abqqjjoabz.mp4,0.8554415106773376
abrfkdizen.mp4,0.1567227989435196
abrzoxzceh.mp4,0.91318678855896
absbzgzmsf.mp4,0.9589229822158813
abshlmrtvt.mp4,0.1462220847606659
absujvyrdm.mp4,0.056485068053007126
abteztchqz.mp4,0.8317248821258545
abtrcaikve.mp4,0.3823287785053253
abtwfjsdra.mp4,0.9338397979736328
abvbbhojqz.mp4,0.8428837656974792
abvpqidzxi.mp4,0.182047501206398
abwadcxlmj.mp4,0.6818134188652039
abwijcvcbe.mp4,0.9368752241134644
abwlafapkf.mp4,0.8591709733009338
abwvxlfyvh.mp4,0.8445506691932678
abxqxkuktx.mp4,0.8442215919494629
abxxxaobry.mp4,0.8923536539077759
abydcbpvfl.mp4,0.8749057054519653
abyewytpxo.mp4,0.9846611618995667
abzdscofnz.mp4,0.843471348285675
abzkaeazro.mp4,0.9427649974822998
abzkauwmbl.mp4,0.05179866403341293
acanmekatk.mp4,0.8917679786682129
acbkbblbaj.mp4,0.11393948644399643
acbnunfplf.mp4,0.9386855363845825
acboheogok.mp4,0.943021833896637
acbztojjhi.mp4,0.750269889831543
accfrqkrni.mp4,0.9573746919631958
acckjqyxad.mp4,0.7316675782203674
accnrseufh.mp4,0.057656969875097275
acdichcibo.mp4,0.07720959186553955
acdinqwqvn.mp4,0.3894807696342468
acdsdxwpcv.mp4,0.10189397633075714
acdzvbtfpo.mp4,0.7327445149421692
acekdubprv.mp4,0.9251078367233276
acekgkqgdg.mp4,0.6840131282806396
acekqocukw.mp4,0.9596534371376038
acerazhyvo.mp4,0.9198533296585083
acesusftoa.mp4,0.5346812009811401
acfaxepklq.mp4,0.3949648439884186
acfontkfbh.mp4,0.08661617338657379
acfwxwjowu.mp4,0.9843617677688599
acgdmcpqoe.mp4,0.2018556147813797
acgnyiipuz.mp4,0.9119420647621155
acgwaylwzk.mp4,0.09859924018383026
acgyspwyqr.mp4,0.9749639630317688
achejkrwas.mp4,0.9283266663551331
achekamhkd.mp4,0.23837798833847046
acirmhvmqj.mp4,0.47063300013542175
aciukwyoli.mp4,0.5140914916992188
aciymzujzb.mp4,0.9538297653198242
acjwdlpzob.mp4,0.5748967528343201
acjwolqjgw.mp4,0.8663635849952698
acjxjweexj.mp4,0.961344301700592
acldlsznmw.mp4,0.4862075746059418
acledardkp.mp4,0.45017796754837036
aclrropsvm.mp4,0.5789151191711426
acmclypsqv.mp4,0.5
acnneviedl.mp4,0.08639691025018692
acnxphmsks.mp4,0.8208544254302979
acojangjjl.mp4,0.9135300517082214
acokjaojew.mp4,0.03345819562673569
acolsfrwgj.mp4,0.1492609828710556
acovzzymlu.mp4,0.9834845662117004
acpdtcpguj.mp4,0.9144617915153503
acqawykwfs.mp4,0.9183337092399597
acqpwmuogz.mp4,0.8933289647102356
acquouyxco.mp4,0.9148315191268921
acrlghmrkp.mp4,0.1528472602367401
acsgqmpdez.mp4,0.9876019954681396
actjhhywdl.mp4,0.48135656118392944
acubjjdopy.mp4,0.13867752254009247
acvfwpmvrw.mp4,0.9249482750892639
acvmhbulie.mp4,0.7183802723884583
acvsdjaqqq.mp4,0.9133760929107666
acwbuvznwf.mp4,0.9578319787979126
acwctvmnlq.mp4,0.08155585825443268
acwegmlcgs.mp4,0.7407163977622986
acwgeumyoy.mp4,0.595729649066925
acwrjqrixb.mp4,0.9509519934654236
acwyzobqer.mp4,0.9316847324371338
acxullwnzh.mp4,0.31610655784606934
acyjzyuamp.mp4,0.100117988884449
acyvqflqkv.mp4,0.05868053808808327
acyybfjpmd.mp4,0.900749921798706
aczlzylqpq.mp4,0.8555970191955566
adalaxvwfv.mp4,0.8865788578987122
adamtvkcrt.mp4,0.790521502494812
adaodkocvq.mp4,0.05859528109431267
adblmfjbta.mp4,0.49197062849998474
adbseuwqjt.mp4,0.8820851445198059
adcejihrnp.mp4,0.49369940161705017
adcomakgmc.mp4,0.5586955547332764
adcxgttehe.mp4,0.09740141034126282
addewzbsic.mp4,0.4496016204357147
addmkzupjn.mp4,0.9297624230384827
addsdoqtzo.mp4,0.8854036331176758
adetbwujux.mp4,0.9879209399223328
adfufsvmcl.mp4,0.9330178499221802
adfzvplbky.mp4,0.9833693504333496
adgpcfwhtf.mp4,0.9167003035545349
adgybhytzs.mp4,0.8124173879623413
adhmuoxxhp.mp4,0.9149258732795715
adjeohbzmp.mp4,0.8622443675994873
adjwiqxrfp.mp4,0.49897074699401855
adkbiscuoo.mp4,0.04532603174448013
adkmserist.mp4,0.2778816223144531
adkvpprwcz.mp4,0.8860586285591125
adlbyccevz.mp4,0.8918983936309814
adlrcdmybm.mp4,0.22069337964057922
adltvboxxd.mp4,0.8807412981987
adnlomirjs.mp4,0.8405374884605408
adovxmilsk.mp4,0.8365030884742737
adplentlpv.mp4,0.9408003687858582
adprkekziz.mp4,0.8761360049247742
adqgbsyomi.mp4,0.0711437463760376
adqirczghu.mp4,0.948398232460022
adrcjenxlz.mp4,0.20892691612243652
adrkthanlb.mp4,0.8604846000671387
adrqlckutl.mp4,0.9773489236831665
adrxofhuxi.mp4,0.5077084302902222
adsxwxeibr.mp4,0.931052565574646
adtavmdgvg.mp4,0.10769109427928925
adtftvevja.mp4,0.9784107208251953
advhlnfwag.mp4,0.9558210968971252
advyjmiozx.mp4,0.7747136354446411
adwujlygpp.mp4,0.1436072140932083
adxeuzvvzb.mp4,0.10752511024475098
adxkyxkepg.mp4,0.702114462852478
adyhhmmvxb.mp4,0.9178973436355591
adyiotxxxu.mp4,0.7198633551597595
adylsrnsan.mp4,0.865056574344635
adzpdfkzaj.mp4,0.5067777633666992
aebhowazav.mp4,0.7219439148902893
aebkhtsigw.mp4,0.023481545969843864
aebrgxdalw.mp4,0.9378151893615723
aebybbzzdp.mp4,0.8375841975212097
aectxtnhws.mp4,0.5017654895782471
aecunwnmcw.mp4,0.025024928152561188
aedcdpbyhq.mp4,0.7427908778190613
aednqykqfh.mp4,0.931559681892395
aeeesixhlh.mp4,0.7732172608375549
aeejycxkwb.mp4,0.9899999499320984
aeepmwyhkk.mp4,0.9666327834129333
aefjjvlmfe.mp4,0.9375406503677368
aefpqqxvbe.mp4,0.8751766085624695
aefxispfct.mp4,0.8986781239509583
aegeiboeus.mp4,0.3897770047187805
aegmpmgpje.mp4,0.907821536064148
aeiagzdnun.mp4,0.8271321654319763
aeicdssqro.mp4,0.8982834815979004
aejqcnyktk.mp4,0.8317177891731262
aejtmxrtxs.mp4,0.8288558125495911
aekosfipob.mp4,0.9084275364875793
aekrohihxa.mp4,0.6492140889167786
aelegvxesy.mp4,0.9201603531837463
aemfpfwron.mp4,0.9424036741256714
aenbgyszpv.mp4,0.19442260265350342
aendggysgf.mp4,0.9418392181396484
aenfqtmksu.mp4,0.9453650116920471
aenrudespm.mp4,0.8296786546707153
aeolxtsnfc.mp4,0.14807476103305817
aeoxlkxmyj.mp4,0.09120124578475952
aepixllcqi.mp4,0.7664845585823059
aeplbqxnge.mp4,0.8698495030403137
aeqslfyyih.mp4,0.9518746733665466
aerabkktdg.mp4,0.9073276519775391
aerpisvqwx.mp4,0.8263348340988159
aetpnobkcv.mp4,0.9515196084976196
aeujbvkafe.mp4,0.9209607243537903
aevbmlbayq.mp4,0.15312470495700836
aeviyhvand.mp4,0.8828345537185669
aevpdbbxoh.mp4,0.7375409007072449
aevqxxxhno.mp4,0.9105176329612732
aevxvajusj.mp4,0.6721203327178955
aewaxxdbjk.mp4,0.7983232736587524
aewkzkqmqj.mp4,0.7020295262336731
aexkdsocpo.mp4,0.7247751355171204
aexrhjvlfa.mp4,0.5609723329544067
aeydtyokjq.mp4,0.9308179616928101
aeyvvhevxe.mp4,0.19192197918891907
aeziwslgvt.mp4,0.9237871170043945
aezndieatk.mp4,0.5552219748497009
aezujunliw.mp4,0.8975359201431274
aezyoffjsd.mp4,0.8939611911773682
aezyquwuci.mp4,0.9407997727394104
afadqgujvi.mp4,0.8620163798332214
afaduxukbd.mp4,0.058650948107242584
afakjxsove.mp4,0.8564432263374329
afatmolcby.mp4,0.966866672039032
afaxsgqksm.mp4,0.8520470261573792
afbscszraw.mp4,0.9055616855621338
afbxszoeml.mp4,0.6302967071533203
afchfngwuj.mp4,0.08108539879322052
afcldghkid.mp4,0.8155235052108765
afcwvndury.mp4,0.21550925076007843
afemctlakq.mp4,0.9600232839584351
afeqcmrcww.mp4,0.9049051403999329
afetvyxndy.mp4,0.8417460322380066
affymoposl.mp4,0.6030542254447937
afgmszwvvg.mp4,0.9423854351043701
afhbouinds.mp4,0.9041979908943176
aficsrypiz.mp4,0.9876223206520081
afigzzlags.mp4,0.8978546261787415
afixxjdxef.mp4,0.8833361268043518
afjiqyggtd.mp4,0.7491865754127502
afkufwvefm.mp4,0.9806475043296814
aflonsoyfh.mp4,0.9560384750366211
aflspexpuy.mp4,0.9587934613227844
afmopoanwn.mp4,0.9206136465072632
afnkxiexxj.mp4,0.9332894086837769
afnzlmwxjr.mp4,0.9501253366470337
afolgdwiix.mp4,0.36907073855400085
afoqnvmfza.mp4,0.9561792612075806
afpjojmsxq.mp4,0.9293261766433716
afplylzzji.mp4,0.9611720442771912
afpqokzmev.mp4,0.46574193239212036
afqatecrhd.mp4,0.8283211588859558
afqaubpglg.mp4,0.895513653755188
afrdmyapxj.mp4,0.9425801634788513
afrwahmczi.mp4,0.9440876841545105
afslhsyvcg.mp4,0.9270528554916382
afttgbsiqt.mp4,0.768847644329071
afuskeckyt.mp4,0.06289851665496826
afuvfbnutt.mp4,0.9150955677032471
afvbadakux.mp4,0.9334131479263306
afvbnsjcyu.mp4,0.8562029600143433
afvlrevses.mp4,0.8210096955299377
afwakzqdin.mp4,0.9404765367507935
afwnbrjjpz.mp4,0.37091585993766785
afwxvdwyuc.mp4,0.7876309156417847
afxuuxmywr.mp4,0.9256849884986877
afynesbqqg.mp4,0.9304359555244446
afyywbpmoh.mp4,0.8660799264907837
afzahsqjgi.mp4,0.9602035284042358
afztrudtkd.mp4,0.9265927672386169
agapxbbgnu.mp4,0.8358511328697205
agaqxbgman.mp4,0.0793992429971695
agayctninz.mp4,0.9303721785545349
agbcymftvq.mp4,0.9418179988861084
agblhurdrh.mp4,0.9023659825325012
agbpetxkrk.mp4,0.8834969997406006
agcdaizeff.mp4,0.8911126852035522
agcmwyvauk.mp4,0.0771089494228363
agcoyyzeju.mp4,0.03986173868179321
agdevdgwsm.mp4,0.4642224907875061
agdgtimgdl.mp4,0.8997159004211426
ageronljbq.mp4,0.9754928946495056
agfivzlsgp.mp4,0.8870300650596619
agfwadzxld.mp4,0.9185724258422852
agfyfocump.mp4,0.6109527349472046
agfzapmdwv.mp4,0.8443771600723267
aggbmxhrgs.mp4,0.03058716654777527
aggiycwmvz.mp4,0.4793553054332733
aggpkjygfy.mp4,0.9551072716712952
aghcwdjoye.mp4,0.9334034323692322
aghjtpfofw.mp4,0.97133469581604
aghqistaok.mp4,0.885979175567627
agigxglzjk.mp4,0.8887450695037842
agiwssahrz.mp4,0.8364834785461426
agklhwhjog.mp4,0.6621389389038086
agkpbfcpiv.mp4,0.9229980111122131
agktbbxwla.mp4,0.9097811579704285
agkvcuntqw.mp4,0.6486706733703613
aglqdsqmim.mp4,0.8614380359649658
agmnmsiywb.mp4,0.8836621046066284
agnvcwmsli.mp4,0.04662616178393364
agomxvsluh.mp4,0.7198716402053833
agplobkyci.mp4,0.04841507598757744
agpvkgrgyj.mp4,0.6650240421295166
agraudgvee.mp4,0.627164900302887
agrdrmjtrq.mp4,0.29701173305511475
agscxjuzvp.mp4,0.9611085057258606
agsjaljtfp.mp4,0.9207760691642761
agsotutjdj.mp4,0.8555842041969299
agsvesfhlc.mp4,0.9224396347999573
agswjtuhss.mp4,0.1411556899547577
agswocdgzj.mp4,0.912317156791687
agtxxhgqyw.mp4,0.4025849401950836
aguwbmeuzu.mp4,0.08994819223880768
aguxpzvexp.mp4,0.9513269662857056
agvggvwpgw.mp4,0.8938196301460266
agvncgirex.mp4,0.641437828540802
agvqqmsyvo.mp4,0.9041863679885864
agwbtwcwwq.mp4,0.9296886324882507
agwonnvtov.mp4,0.9127205014228821
agwrmbdcom.mp4,0.2876299321651459
agyawnxlmv.mp4,0.3300006091594696
agycsxhdjp.mp4,0.4598078727722168
agyozdhdga.mp4,0.03184348717331886
agyrefuzye.mp4,0.8513882756233215
agzkdngoop.mp4,0.9609776139259338
agzpasxmwv.mp4,0.8907065987586975
ahalqtfixi.mp4,0.8488776087760925
ahanoygyei.mp4,0.03793918713927269
ahbdzvywry.mp4,0.697837233543396
ahbfnhuner.mp4,0.7485514879226685
ahbrmguujk.mp4,0.9297546744346619
ahccdihrje.mp4,0.8460496664047241
ahcptgydid.mp4,0.45232832431793213
ahdegpidyf.mp4,0.2554999887943268
ahencqpiin.mp4,0.8291288614273071
ahepenxrrd.mp4,0.8976289629936218
ahfndeqsed.mp4,0.9049990177154541
ahfpwhmsok.mp4,0.9513615369796753
ahfqnhrmbd.mp4,0.9432427883148193
ahfvmgltlg.mp4,0.9560137391090393
ahhjoedhbf.mp4,0.7867040634155273
ahhvwmilvv.mp4,0.7859528064727783
ahihejgaoi.mp4,0.9402602314949036
ahjankljtz.mp4,0.8876174688339233
ahjeixrwwo.mp4,0.905573844909668
ahjgsdsldx.mp4,0.8502989411354065
ahkbgzabfg.mp4,0.8444898128509521
ahkcchuwqq.mp4,0.934624195098877
ahlkrjkpvd.mp4,0.9480160474777222
ahnbazrjlj.mp4,0.9391658306121826
ahnhwpxegb.mp4,0.7789043188095093
ahnsqjtrce.mp4,0.9580051302909851
ahoqopgaey.mp4,0.9842342138290405
ahorlqgstq.mp4,0.0754055455327034
ahoyonpatk.mp4,0.9801632761955261
ahpaydsovz.mp4,0.895605206489563
ahpnrwwibe.mp4,0.04004142805933952
ahpomwuuqc.mp4,0.9192982912063599
ahqausishe.mp4,0.9488312005996704
ahqoyfwmbj.mp4,0.9815329909324646
ahqwgdsqjn.mp4,0.08227674663066864
ahrroblasu.mp4,0.9123223423957825
ahtaeeesuo.mp4,0.1460224986076355
ahtkuwkjvc.mp4,0.9100701808929443
ahtrvxiaky.mp4,0.8512988686561584
ahujkugdci.mp4,0.8368284702301025
ahvatznenl.mp4,0.8640891909599304
ahvnjazgls.mp4,0.8551823496818542
ahvroxnbbr.mp4,0.8915098309516907
ahwyeumiuv.mp4,0.7780150175094604
ahxmhugdvi.mp4,0.9565962553024292
ahycbdxsmi.mp4,0.13992546498775482
ahyopyzjnc.mp4,0.8500691652297974
ahzfqirfkx.mp4,0.05847299471497536
ahzuhugjto.mp4,0.14294539391994476
aiaplmnzaz.mp4,0.602946937084198
aiaxrvlchq.mp4,0.8591353893280029
aiaxyavqce.mp4,0.914887011051178
aibcynuhkv.mp4,0.8909989595413208
aibxtmpppt.mp4,0.9298352599143982
aibyxmwvfw.mp4,0.9322208762168884
aifkdzbaoh.mp4,0.5940942764282227
aifuqnayux.mp4,0.24370883405208588
aigfuneurk.mp4,0.07673691213130951
aigncbayvh.mp4,0.9612627029418945
aigufxcoyu.mp4,0.9251455664634705
aigvwkmsmp.mp4,0.5714412927627563
aihnytdica.mp4,0.26632896065711975
aiibawuqtp.mp4,0.48276814818382263
aiihfyykkb.mp4,0.6329323649406433
aiiqqfaihm.mp4,0.9685922861099243
aijdqpqexk.mp4,0.971318781375885
aijegkeygj.mp4,0.9084429740905762
aijmlfesyw.mp4,0.0879964679479599
aijxucsclo.mp4,0.5675892233848572
aikcsvtwxj.mp4,0.053845226764678955
aildcyhkso.mp4,0.8521629571914673
ailhqhhqtl.mp4,0.9477035999298096
aimsrnwtvo.mp4,0.21039532124996185
aimvdfybka.mp4,0.9484928250312805
ainwxnaqlo.mp4,0.8903465270996094
aiovfueakc.mp4,0.25504860281944275
aipyyuyypd.mp4,0.614288330078125
aiqilfmklp.mp4,0.8959376811981201
aiqjrdcrzi.mp4,0.7058975100517273
airktntzqp.mp4,0.8564224243164062
airnsbszvn.mp4,0.8975363969802856
aisjmesfqi.mp4,0.9489241242408752
aithjjsyax.mp4,0.8068220615386963
aitoysnomk.mp4,0.13305889070034027
aiucrzbces.mp4,0.9007685780525208
aiuydkbjok.mp4,0.9355481266975403
aivslmwqcd.mp4,0.9219257831573486
aiyicetcoo.mp4,0.7208253741264343
aizcowqwmg.mp4,0.985098659992218
aizdhhesnq.mp4,0.6897718906402588
aizythrjcu.mp4,0.9390466809272766
ajajvcjnlm.mp4,0.879928469657898
ajbfsfwphp.mp4,0.8960391879081726
ajbmmkwnzf.mp4,0.5904003977775574
ajbtpylnqr.mp4,0.9404119253158569
ajbxbxcrdo.mp4,0.3877449035644531
ajcxyezjol.mp4,0.9565513134002686
ajflstmejh.mp4,0.9444090723991394
ajgilbyczx.mp4,0.8213927745819092
ajhezglysr.mp4,0.9006395936012268
ajhmvnssbb.mp4,0.10906366258859634
ajicammobe.mp4,0.8328162431716919
ajiljtvzao.mp4,0.15682673454284668
ajintjubct.mp4,0.9119324684143066
ajjnueuzlr.mp4,0.9564844369888306
ajkdcjnonp.mp4,0.08992492407560349
ajkfvjrqkh.mp4,0.9487864971160889
ajkrquvpzn.mp4,0.9438848495483398
ajmmfbufil.mp4,0.28106459975242615
ajmrksuirh.mp4,0.9066481590270996
ajmvszeaho.mp4,0.9170278310775757
ajmzpbtjqg.mp4,0.8413010835647583
ajnbiohajd.mp4,0.9604336023330688
ajnchhutru.mp4,0.9679656624794006
ajnzuiktuo.mp4,0.9275448322296143
ajoqxfuxhi.mp4,0.6999268531799316
ajplbzrmld.mp4,0.10702594369649887
ajpzditips.mp4,0.9143617153167725
ajtbogddxv.mp4,0.8669639229774475
ajtgkeqmiz.mp4,0.6474093794822693
ajtuiopeww.mp4,0.8895531892776489
ajuczobjuj.mp4,0.8227525353431702
ajuqldphwa.mp4,0.09244620054960251
ajwbewcmwi.mp4,0.8999698758125305
ajwegzsjwr.mp4,0.9376753568649292
ajwfztlkxy.mp4,0.8840097784996033
ajwiijfltt.mp4,0.9244045615196228
ajwqejboet.mp4,0.9602303504943848
ajwydwvzvb.mp4,0.8688070774078369
ajxfwvzifj.mp4,0.9763631224632263
ajxkpwjgsy.mp4,0.9157233834266663
ajxkvlpgov.mp4,0.903378963470459
ajxmlhcsqa.mp4,0.9120614528656006
ajxmoyqvmj.mp4,0.7654516696929932
ajxuotftix.mp4,0.679885983467102
ajxzupgmgo.mp4,0.8089621663093567
ajyexgaimz.mp4,0.9577521681785583
ajygfujjfi.mp4,0.9900000095367432
ajzzikvfrj.mp4,0.9555586576461792
akaaoybeeq.mp4,0.8910257816314697
akaqyxcfep.mp4,0.7776844501495361
akaxdmtnod.mp4,0.9281948804855347
akbkrvrvbs.mp4,0.8914836645126343
akbqkjuopj.mp4,0.16463187336921692
akcebajhgd.mp4,0.8884950876235962
akcjgnmrfr.mp4,0.9430932998657227
akcnpwdjjk.mp4,0.9771239757537842
akddowubef.mp4,0.19040095806121826
akdqrdkelr.mp4,0.966571569442749
akdvkdoyoh.mp4,0.1838710755109787
akfostnsgl.mp4,0.4780348241329193
akfzfrevcc.mp4,0.958158016204834
akgyyniqoz.mp4,0.9199225306510925
akhfhjgnnv.mp4,0.13936762511730194
akhpyauffl.mp4,0.8961029648780823
akhzndtglc.mp4,0.9255384206771851
akjimeoiox.mp4,0.793046772480011
akjumsnpsh.mp4,0.9637014269828796
akknskjakh.mp4,0.974124550819397
aklaysonru.mp4,0.9246488809585571
akmcyevhhf.mp4,0.8427528738975525
akmkcxguii.mp4,0.07831315696239471
akmteetttx.mp4,0.8224180936813354
aknblktwhg.mp4,0.977432131767273
aknrpivxgd.mp4,0.905475378036499
aknynjmtzb.mp4,0.9552949070930481
akpbyalynb.mp4,0.3676634728908539
akphckavlg.mp4,0.925358235836029
akrabxcbds.mp4,0.6291598677635193
aksipjcmaq.mp4,0.8655009865760803
aktakhpugu.mp4,0.8851480484008789
aktdcwdclx.mp4,0.1900883913040161
aktgcyeqeo.mp4,0.09168259799480438
akulaikjcg.mp4,0.9283877015113831
akulddirwt.mp4,0.8635419011116028
akupygwxyv.mp4,0.9755672216415405
akvcrttvvo.mp4,0.1100744977593422
akvcvafqwk.mp4,0.4833872318267822
akverwmrdo.mp4,0.7424394488334656
akviyudhhp.mp4,0.5449928641319275
akvmwrdseh.mp4,0.10821301490068436
akwjimvvzy.mp4,0.9785012006759644
akxtsuinpj.mp4,0.12215269356966019
akxztlfsks.mp4,0.9453035593032837
akyhfvfflu.mp4,0.9030040502548218
akyjotmrcu.mp4,0.6176541447639465
akyuzdjjvj.mp4,0.9687981009483337
akzctljlag.mp4,0.8909395337104797
alaqopxmhw.mp4,0.8985024690628052
alaxwpwdyb.mp4,0.7403723001480103
albmkgvkhm.mp4,0.8979254364967346
alceyaduzi.mp4,0.9733880758285522
alclpnubdd.mp4,0.8617027997970581
alddoocxqo.mp4,0.8039681315422058
aldnupmnka.mp4,0.8394730091094971
aldxnorbdp.mp4,0.7280956506729126
aledotxnmz.mp4,0.8908072113990784
aleiiisdzv.mp4,0.6912233233451843
alevzwjovd.mp4,0.9207313656806946
aleynhequh.mp4,0.6813783049583435
alezaywuxv.mp4,0.7272399067878723
alfoimlaul.mp4,0.8633922934532166
algcxuxkge.mp4,0.780470609664917
algkqmxdkj.mp4,0.9510068893432617
alidbnaydf.mp4,0.7946069240570068
aljukgvthe.mp4,0.9103894233703613
aljyahbmje.mp4,0.8346355557441711
alkeuibdtl.mp4,0.05251922085881233
alkhjykzhv.mp4,0.9742457866668701
allbpxjonx.mp4,0.46847257018089294
allzkplefm.mp4,0.9213441610336304
alpjodptvs.mp4,0.8180073499679565
alpmztosny.mp4,0.8382863998413086
alqbgeothz.mp4,0.9835017919540405
alqqvruble.mp4,0.8981655836105347
alrhucxcnv.mp4,0.06911921501159668
alrjjpkdwb.mp4,0.10662640631198883
alrtipudhw.mp4,0.9071624875068665
alrygoogve.mp4,0.9687209725379944
alseiqnfnc.mp4,0.982988715171814
altfvrpmxe.mp4,0.9598281383514404
altqelkpqj.mp4,0.8692280650138855
altsldzvrj.mp4,0.9090367555618286
altttvjaxx.mp4,0.8948164582252502
alunlwxvze.mp4,0.9584859609603882
alvbydoswv.mp4,0.8685095906257629
alveuecehk.mp4,0.674229621887207
alvqhgaeeu.mp4,0.8843978643417358
alvtzfofgl.mp4,0.4498295187950134
alvymawvku.mp4,0.9544984102249146
alwawapjwq.mp4,0.9308900833129883
alxhjctmkg.mp4,0.9566457271575928
alxiptcihe.mp4,0.6371493935585022
alxzfebwcx.mp4,0.8184833526611328
alybjlhtmt.mp4,0.9221817255020142
alygipvchi.mp4,0.9025668501853943
alypwytrnl.mp4,0.21061542630195618
alyxfsgfab.mp4,0.9894483685493469
alzajhomle.mp4,0.948429524898529
alzbizkswy.mp4,0.25771528482437134
alzoglbicl.mp4,0.8654659986495972
alzrreiirg.mp4,0.867423951625824
alzsiirjyn.mp4,0.2853456437587738
ambmklrhtt.mp4,0.9004943370819092
amckcjeoee.mp4,0.8733515739440918
amdflcvyaf.mp4,0.9417130947113037
amdkokqlfq.mp4,0.8484587669372559
amdlrymezn.mp4,0.6135000586509705
amdoecgegz.mp4,0.7826656699180603
amdomkmlov.mp4,0.7200432419776917
amdrqfyqgr.mp4,0.8951839804649353
amdsocyvfq.mp4,0.9203967452049255
amecqqixzs.mp4,0.8843279480934143
amgffqquxp.mp4,0.37865522503852844
amgvrxpnsj.mp4,0.8020204305648804
amhaovcmkc.mp4,0.04738268628716469
amiqkliwtf.mp4,0.5039288401603699
amivrvwesd.mp4,0.6429187655448914
amkhfybfxf.mp4,0.9837799072265625
amkvbktnmb.mp4,0.0511014349758625
amlkmjcbsg.mp4,0.9064105749130249
amlxclbtvg.mp4,0.8609012961387634
amlxxdddxe.mp4,0.9624577760696411
ammcdfkxfl.mp4,0.9486443400382996
ammsbhroun.mp4,0.8940058946609497
amnlztdajc.mp4,0.12842413783073425
amnzjdtmtg.mp4,0.2981046438217163
amocgevapl.mp4,0.9316092729568481
amooumaljz.mp4,0.8230963349342346
amoyritjif.mp4,0.9538658857345581
ampejireoy.mp4,0.06284429132938385
amptorfnua.mp4,0.9559445381164551
ampwuteugc.mp4,0.8602421879768372
amsrzsvcij.mp4,0.8085116147994995
amujoiikax.mp4,0.988139808177948
amukqwhssg.mp4,0.886366605758667
amumyipktv.mp4,0.9240462183952332
amvskovhei.mp4,0.6855469942092896
amwmnvuftj.mp4,0.9486450552940369
amwqklteuh.mp4,0.9337419867515564
amxeybwksq.mp4,0.6230126619338989
amxtgpskys.mp4,0.5470331907272339
amxuvbrmfj.mp4,0.8161566257476807
amzkbxslyy.mp4,0.9571220874786377
amzlsaeqee.mp4,0.9487469792366028
amzrqwbvqq.mp4,0.8646711111068726
anaagxljms.mp4,0.9228264689445496
anaykjgpmk.mp4,0.9122415781021118
anbkhkungt.mp4,0.8560465574264526
anbteaeopm.mp4,0.8844324350357056
andnipfbgy.mp4,0.10723090171813965
andzbwhpem.mp4,0.9858049750328064
aneiwfhzlo.mp4,0.9130606055259705
anfupdhmyr.mp4,0.41876959800720215
angajnjmxi.mp4,0.6132816076278687
angqjpzdts.mp4,0.972059965133667
angygvuwwn.mp4,0.9280259609222412
anitiqaike.mp4,0.4641071557998657
anjajlmrio.mp4,0.9448223114013672
anjlxbnxpo.mp4,0.7713900804519653
anjzjprypc.mp4,0.9519182443618774
anjzzdyhno.mp4,0.06495421379804611
ankeipmksk.mp4,0.9736934900283813
ankjkezbvp.mp4,0.7733269333839417
ankmhqwytc.mp4,0.8618903160095215
ankndwoptl.mp4,0.9385598301887512
ankyspxepw.mp4,0.7850348949432373
anldmbjxxt.mp4,0.294699490070343
anmonywvkk.mp4,0.6623673439025879
anmqqumghf.mp4,0.7820606827735901
annrepersn.mp4,0.5681289434432983
annsmfhdgk.mp4,0.0446244552731514
annxqhdget.mp4,0.9541513323783875
anokulqnvk.mp4,0.8655036687850952
anpptpyvxe.mp4,0.7152562737464905
anrerutgdg.mp4,0.45337924361228943
anrlivgkfq.mp4,0.9042953252792358
ansoiwvrqm.mp4,0.6009175777435303
antlihmfhm.mp4,0.958537220954895
antpydooxs.mp4,0.9562528729438782
antzbewqab.mp4,0.6659173965454102
anuwikwvow.mp4,0.9886314868927002
anvjqfsmcr.mp4,0.8230277299880981
anvlfhrwpv.mp4,0.9699668884277344
anvoqxldcw.mp4,0.9307394623756409
anvzovvyug.mp4,0.9185646772384644
anwgwhqtif.mp4,0.06429673731327057
anwjjhmbqt.mp4,0.17350374162197113
anwrkkclze.mp4,0.9500882625579834
anwtfblvbr.mp4,0.9143972396850586
anwxwllvfg.mp4,0.8961619734764099
anxeqgmacn.mp4,0.8012216687202454
anycsvryvs.mp4,0.08126910030841827
anyeaafmht.mp4,0.9497122168540955
anyhkuudjx.mp4,0.4473526179790497
anytvmbxsa.mp4,0.9797555208206177
anzenqcwqo.mp4,0.17711155116558075
anznjoyqhx.mp4,0.8577684164047241
anzukkbyvj.mp4,0.9242121577262878
anzwccijbl.mp4,0.7659258246421814
aoahphnoed.mp4,0.9601818919181824
aoaigusywb.mp4,0.9199440479278564
aoamhavbyb.mp4,0.8731175065040588
aoaqpznmgn.mp4,0.8206515908241272
aodheokfzn.mp4,0.9016388654708862
aodijlfnur.mp4,0.9543951749801636
aodjxpwsng.mp4,0.8979175686836243
aodpwamaqd.mp4,0.8202724456787109
aodqhsxdgk.mp4,0.8743875622749329
aodrcrvodk.mp4,0.98100346326828
aodscsqoyc.mp4,0.2998591363430023
aoeuvrhatp.mp4,0.4483928382396698
aoevmbkult.mp4,0.12638972699642181
aofijxylul.mp4,0.9398490786552429
aofjdfbvsf.mp4,0.7005135416984558
aofqqeiisz.mp4,0.9420472383499146
aogedidtxq.mp4,0.8420656323432922
aogeoiljkt.mp4,0.9125961661338806
aogsgxgjij.mp4,0.9404838681221008
aogwcxcdcv.mp4,0.8006449341773987
aohxiyjceo.mp4,0.9581379890441895
aoiejhrhmt.mp4,0.8219286799430847
aoigsecafe.mp4,0.4600677192211151
aojabqhgsp.mp4,0.14927509427070618
aojlfcewvk.mp4,0.9422371983528137
aokalwxzig.mp4,0.8084471225738525
aokgqgryat.mp4,0.15542343258857727
aolbdipqql.mp4,0.954413890838623
aolhuwcdwv.mp4,0.8751031160354614
aomdezxgzc.mp4,0.6564568877220154
aomhbqppxn.mp4,0.9053443074226379
aomowspatw.mp4,0.821130096912384
aomsunroqu.mp4,0.9083508253097534
aonfdzjsem.mp4,0.9736931920051575
aonprngsys.mp4,0.9444109201431274
aopirydans.mp4,0.6947487592697144
aopvrfrydo.mp4,0.932602047920227
aoqbcjoqjh.mp4,0.44231897592544556
aoqzxlwvmi.mp4,0.17673082649707794
aosmlwbjrc.mp4,0.9527676105499268
aouzlroqzt.mp4,0.9202050566673279
aovdrmcokm.mp4,0.9288833737373352
aovrlwlzpr.mp4,0.08428139239549637
aovruftlxk.mp4,0.06153064966201782
aovskzsqqy.mp4,0.8540013432502747
aoxcttbsju.mp4,0.2631594240665436
aoxjbzqjey.mp4,0.9783554077148438
aoxjeneofv.mp4,0.7886327505111694
aoxltdxgll.mp4,0.955424964427948
aoybdbmisp.mp4,0.8059626221656799
aoydavjcbz.mp4,0.21637003123760223
aoyoopetdx.mp4,0.1976752132177353
aoyvghuegg.mp4,0.8484207987785339
aozliqzela.mp4,0.9538744688034058
apansjedym.mp4,0.13015280663967133
apasrbjbwu.mp4,0.9204630255699158
apaubiovvf.mp4,0.9207326173782349
apaxorirnn.mp4,0.9253897666931152
apbjpqiswq.mp4,0.8521153926849365
apcjdaqzwa.mp4,0.5577709078788757
apcqyakznt.mp4,0.7139540910720825
apddumqkmt.mp4,0.7222907543182373
apdmamltet.mp4,0.9645933508872986
apdowqkvix.mp4,0.8473339676856995
apeeelwdlp.mp4,0.8858456611633301
apfcpcyonw.mp4,0.9714136123657227
apfdcxttpz.mp4,0.0838565081357956
apfgnkqiks.mp4,0.8875576257705688
apfribzdle.mp4,0.2525908648967743
apfwbpnetp.mp4,0.8772599101066589
apgbfczjzd.mp4,0.6071975827217102
apgbzciuhr.mp4,0.8738377690315247
apgqqohtno.mp4,0.8916571140289307
apgwlpvvwt.mp4,0.9110670685768127
aphwcjltag.mp4,0.9862189888954163
apifhdspiu.mp4,0.8834702968597412
apjovfzzft.mp4,0.7086240649223328
aplfgrenfv.mp4,0.941583514213562
aplurzejra.mp4,0.9259381294250488
apmowtywei.mp4,0.8531436920166016
apmoyovxid.mp4,0.5435239672660828
apmytvgnaj.mp4,0.9088051915168762
apnbrekjfa.mp4,0.7353377938270569
apnluiftyn.mp4,0.9613391160964966
apofytyhxk.mp4,0.9403896331787109
apojgziubj.mp4,0.9215790033340454
apowswlyzi.mp4,0.8089375495910645
appvffejyy.mp4,0.10829205065965652
aprtfacuwr.mp4,0.967376708984375
aprylcdijv.mp4,0.9192221760749817
apscwnwndu.mp4,0.8451797962188721
apsjgjohkd.mp4,0.9346947073936462
apswbbedxn.mp4,0.9307721257209778
aptjgrmarh.mp4,0.8361327648162842
aputskujlt.mp4,0.9458257555961609
apvhgeulvy.mp4,0.9710980653762817
apvktqqhcq.mp4,0.9060219526290894
apxcatgxts.mp4,0.8995014429092407
apxrqexuvg.mp4,0.54653000831604
apycffuwrg.mp4,0.5869462490081787
apyzikguhs.mp4,0.8759034872055054
apzltxnnfe.mp4,0.8704444766044617
apztusvlxo.mp4,0.8376894593238831
aqakglyrht.mp4,0.3626444637775421
aqaqgzihfa.mp4,0.5133160948753357
aqbcsxrsjx.mp4,0.2500237822532654
aqcajigjfm.mp4,0.7177020311355591
aqdgarsevm.mp4,0.0944671630859375
aqdnmfsdaw.mp4,0.9535349607467651
aqeecyhmzd.mp4,0.9408652186393738
aqegtqxxdj.mp4,0.9539464116096497
aqeukjoshi.mp4,0.5756824016571045
aqfeqkckjs.mp4,0.9015971422195435
aqfimhexfc.mp4,0.908503532409668
aqfknwdsjr.mp4,0.977063775062561
aqfnbkwyct.mp4,0.9857757687568665
aqfnfsbqft.mp4,0.07099523395299911
aqgjounhqv.mp4,0.10543584823608398
aqhaqkqbsn.mp4,0.8417278528213501
aqhbszcpal.mp4,0.8100352883338928
aqhlpyacll.mp4,0.35059747099876404
aqipkezofh.mp4,0.9769989848136902
aqixnwknzx.mp4,0.6829742193222046
aqjjfkydvf.mp4,0.4266335666179657
aqjpwskcci.mp4,0.9678731560707092
aqjzqcfosw.mp4,0.8583437204360962
aqkvqvmxta.mp4,0.6316940188407898
aqlfwgrjbg.mp4,0.7555415630340576
aqmdamzkzw.mp4,0.3881915807723999
aqmdrnrunl.mp4,0.7622813582420349
aqmzquqqzi.mp4,0.1032293364405632
aqoaolvbwr.mp4,0.1531892716884613
aqoiohqcbj.mp4,0.7304206490516663
aqooxilfzc.mp4,0.8318760395050049
aqozyybzlr.mp4,0.11551392078399658
aqpcbawfuc.mp4,0.8916332125663757
aqpfnbapix.mp4,0.8084438443183899
aqpgiwkfuc.mp4,0.5045393109321594
aqpjdjnvky.mp4,0.1327972710132599
aqqkokuaar.mp4,0.9428446888923645
aqquulzxpp.mp4,0.7076069712638855
aqrzuafttg.mp4,0.9009514451026917
aqsgzoxyok.mp4,0.16511140763759613
aqsjhodxqh.mp4,0.052848126739263535
aqsnonrndh.mp4,0.516412079334259
aqsoyqygky.mp4,0.0980214923620224
aqsrbioktt.mp4,0.938383162021637
aqtavzvdbv.mp4,0.6659002304077148
aqtwaoeacu.mp4,0.913823127746582
aqujbitkrd.mp4,0.8678386211395264
aquooykzmc.mp4,0.43274009227752686
aqvaysmpzk.mp4,0.22116397321224213
aqviuapbyq.mp4,0.6398491263389587
aqvjwcnmgn.mp4,0.8573318123817444
aqvywunszy.mp4,0.9154958724975586
aqwfpoewqb.mp4,0.3664184510707855
aqwfxoqtqu.mp4,0.9334648847579956
aqwziiggkr.mp4,0.0968354195356369
aqxqtiahts.mp4,0.4310254156589508
aqybwsiyfy.mp4,0.9439386129379272
aqyemwessu.mp4,0.3548860251903534
aqymrqseqg.mp4,0.30434346199035645
aqyqaqjvkr.mp4,0.8563002347946167
aqzbjebvhu.mp4,0.27999642491340637
aqzkiwfvlv.mp4,0.06631720066070557
aqzwjwqwuq.mp4,0.7956733107566833
arawwqrgxr.mp4,0.9296945929527283
arbeiwacbk.mp4,0.8929716944694519
arcigchzav.mp4,0.6836627721786499
ardfibzljb.mp4,0.09849047660827637
ardkbqszob.mp4,0.902082085609436
arebkvnjtb.mp4,0.9797936081886292
aretvijthh.mp4,0.11523930728435516
arfdnjtlop.mp4,0.8934487104415894
arflgfcnkg.mp4,0.866119384765625
argfibbhsp.mp4,0.9105955958366394
argpgzyddc.mp4,0.5652617812156677
argxbsvrps.mp4,0.6478410959243774
arhbstyqkw.mp4,0.9754440784454346
arhxaejjgk.mp4,0.5560528039932251
arixtqglae.mp4,0.9051289558410645
arjdbfrxvu.mp4,0.9184726476669312
arjhugbkjr.mp4,0.9237595796585083
arjihnnsxp.mp4,0.9080180525779724
arkvqylmce.mp4,0.9000419974327087
armthxafvt.mp4,0.8554784059524536
arnoeknrix.mp4,0.8642364144325256
arnshkdhmt.mp4,0.736411988735199
arnxqwlhhy.mp4,0.9489256739616394
arnynohkiq.mp4,0.7235779166221619
arovnvjxul.mp4,0.9686604738235474
arovusxbcb.mp4,0.3126600384712219
arowpzepzu.mp4,0.6186357736587524
arpkmdcyta.mp4,0.9166314601898193
arqadmwicu.mp4,0.040029581636190414
arqbrqbjtt.mp4,0.9738845825195312
arqhhrzzfe.mp4,0.6100017428398132
arqigrccnb.mp4,0.6305814385414124
arqkfspbhv.mp4,0.6601091623306274
arrflbwjau.mp4,0.9451455473899841
arruqttjtu.mp4,0.3385852873325348
arruxldloh.mp4,0.9711506366729736
arskgfjbig.mp4,0.9286276698112488
arstrttqeg.mp4,0.9432157278060913
arsyutncba.mp4,0.4043159484863281
artyhhqalj.mp4,0.9580824971199036
aruvraefdk.mp4,0.24733585119247437
aruyyclubn.mp4,0.8636391758918762
arvezfgabn.mp4,0.9098703861236572
arwefyghir.mp4,0.31640809774398804
arwiyweadv.mp4,0.08124949038028717
arxtdzaufb.mp4,0.9853642582893372
aryesdeggf.mp4,0.8173195719718933
aryxrnnlsr.mp4,0.9252825379371643
aryycfonig.mp4,0.9089245200157166
arzibochtu.mp4,0.943604052066803
arzmfjryua.mp4,0.9535750150680542
asaatlgelc.mp4,0.959545910358429
asabhwhxbh.mp4,0.860887885093689
asahxwzgiu.mp4,0.9187840819358826
asanbqerkb.mp4,0.9214463233947754
asarlqgmqi.mp4,0.919470489025116
asbrrnbkbn.mp4,0.6677163243293762
ascrpmppub.mp4,0.3501042127609253
asddammewq.mp4,0.22762034833431244
asdfeigenc.mp4,0.9620208740234375
asdinxfscu.mp4,0.9633015990257263
asdobemvhs.mp4,0.5499856472015381
asebjkxyih.mp4,0.6943417191505432
asetdhavnb.mp4,0.6273914575576782
asewdghwiy.mp4,0.16660815477371216
asewluvyef.mp4,0.4686487913131714
asezorxmhf.mp4,0.15324264764785767
asfdlwrfhj.mp4,0.9555139541625977
asfhofohez.mp4,0.9452781081199646
asgsjbpgdn.mp4,0.9560099244117737
asgzesadhh.mp4,0.41940873861312866
ashqrawqub.mp4,0.6883673071861267
ashuwsyjoy.mp4,0.6178846955299377
asiuftijhs.mp4,0.9355621933937073
asiwswrgnh.mp4,0.8693881034851074
asiwzzmvey.mp4,0.9893890619277954
asjekccfmc.mp4,0.9093707203865051
asjwojmbtw.mp4,0.8460853099822998
askalizlde.mp4,0.9766305088996887
askbwhvcty.mp4,0.9807854890823364
askydwekiz.mp4,0.6730515956878662
aslagfljgq.mp4,0.21714407205581665
aslokfrsbj.mp4,0.823347806930542
aslxmgtptv.mp4,0.8827863335609436
asmturwvvg.mp4,0.5391476154327393
asnhojocyk.mp4,0.9666857719421387
asokwizksz.mp4,0.8449151515960693
asopsoelan.mp4,0.09474439173936844
asownnwcfl.mp4,0.08999675512313843
aspqeufuad.mp4,0.9372912049293518
aspxqtipuv.mp4,0.7831978797912598
asquqxqfgt.mp4,0.9166219830513
asrdxfgoax.mp4,0.05932343006134033
asrqbwjtvi.mp4,0.8246168494224548
asrqdjylvs.mp4,0.5787786245346069
assetebyvu.mp4,0.5786148309707642
asswuixayc.mp4,0.9832942485809326
astmemhkkb.mp4,0.9327206611633301
astngczbtb.mp4,0.892953634262085
astsglvnfu.mp4,0.9628346562385559
astycpcvjv.mp4,0.9206930994987488
asunvzmjhu.mp4,0.8969535827636719
asusdwxyxp.mp4,0.731523334980011
asvuutypvz.mp4,0.9426330924034119
asvzmbozcs.mp4,0.9162337779998779
aswennsiif.mp4,0.8801497220993042
aswtwwuiva.mp4,0.8368985056877136
asyjnjjldz.mp4,0.8616084456443787
asyngyvjas.mp4,0.9123199582099915
asytpbwdda.mp4,0.8796616196632385
aszpchzkyg.mp4,0.7264452576637268
aszpjdkvys.mp4,0.7824365496635437
aszsocbkpa.mp4,0.9170215129852295
atabwvdlhh.mp4,0.6553763747215271
atafcwjaia.mp4,0.8811644911766052
atahzrvlsa.mp4,0.8823087811470032
ataynkhdcf.mp4,0.7878603935241699
atcvvcoejg.mp4,0.03865615651011467
atdhxneulh.mp4,0.9861888289451599
atdtoujvdc.mp4,0.5156645178794861
atdwnhxgoe.mp4,0.896440327167511
atedpzfvyf.mp4,0.07370566576719284
ateeagebpq.mp4,0.9457998871803284
ateioktfar.mp4,0.8041622638702393
atfajwqeit.mp4,0.9223126173019409
atfocoqgmu.mp4,0.9234709143638611
atfsetbxac.mp4,0.9352577328681946
atfuphvjft.mp4,0.8272433876991272
atgawbaspu.mp4,0.8946751952171326
atgfhmgkjo.mp4,0.9513777494430542
atglxemkyw.mp4,0.9248553514480591
athaasdqvu.mp4,0.9281113147735596
athhvgvtxe.mp4,0.9661718010902405
athlwavnyb.mp4,0.9239179491996765
athwwvrhcv.mp4,0.84441077709198
atigpbfytt.mp4,0.9180675745010376
atixaudngu.mp4,0.16771483421325684
atjrilmghp.mp4,0.915055513381958
atksribkip.mp4,0.9550777077674866
atkvnzjywz.mp4,0.7142549157142639
atlgptyibs.mp4,0.06691014766693115
atlinzpgiq.mp4,0.9728043079376221
atmalptsdf.mp4,0.7927247881889343
atmjyaldyf.mp4,0.9098981618881226
atmqdcgwaj.mp4,0.31093630194664
atndkfaexa.mp4,0.3304617702960968
atoeqixpui.mp4,0.6948111057281494
atoguadykn.mp4,0.9767129421234131
atorvfmqtw.mp4,0.8983367681503296
atpavsukgc.mp4,0.7384437918663025
atptcqosxk.mp4,0.8924808502197266
atqiwttwse.mp4,0.8449745178222656
atqtjhcjok.mp4,0.30220088362693787
atrcstuvme.mp4,0.5643418431282043
atrelvkevy.mp4,0.16119390726089478
atrfdylqcc.mp4,0.8392771482467651
atrssikhoy.mp4,0.06873377412557602
atsoxhthal.mp4,0.8769679069519043
atsqpfujai.mp4,0.9678072929382324
atsxbvdqfb.mp4,0.12766313552856445
attmnksdst.mp4,0.9510847330093384
atuelqlopo.mp4,0.8853562474250793
atuevnkgvs.mp4,0.6877167820930481
atuydgvxda.mp4,0.900949239730835
atuzsraaul.mp4,0.07223184406757355
atvkhsmnpt.mp4,0.8742929697036743
atwjgmhfzb.mp4,0.9472618699073792
atwmgvaauf.mp4,0.8811187744140625
atwvfkjmzj.mp4,0.7988907098770142
atwxhnhtjr.mp4,0.9448751211166382
atxaywwsys.mp4,0.40738922357559204
atxnomscvq.mp4,0.584679365158081
atxtpvdiqh.mp4,0.8483498692512512
atxxrvpedy.mp4,0.8588557839393616
atydjyhqsv.mp4,0.38018879294395447
atyinggtpp.mp4,0.9132182002067566
atymuugcbc.mp4,0.7639948129653931
atyslhetzg.mp4,0.91396564245224
atywhotyfi.mp4,0.7322026491165161
atzdorfpoo.mp4,0.05389317125082016
atzsmxhbyd.mp4,0.9549112319946289
atzvxcgfmy.mp4,0.8839359879493713
auabdnhegy.mp4,0.9216462969779968
auaqihmsmu.mp4,0.3763391971588135
auaudezume.mp4,0.5858410596847534
aucfkadwgs.mp4,0.8465434312820435
aucmvckzax.mp4,0.2999480664730072
aucunewmkp.mp4,0.9461164474487305
audooqjxxn.mp4,0.0418221615254879
aufnlnndwk.mp4,0.9549983739852905
aufudlkirv.mp4,0.9487796425819397
aufuqdncad.mp4,0.36950695514678955
auhelqsolf.mp4,0.5625964403152466
auhhhfprkw.mp4,0.8315480947494507
auhrezixau.mp4,0.8707414269447327
auilwijuvo.mp4,0.4171164631843567
aujnmzqaae.mp4,0.7184609770774841
aujoxrpddn.mp4,0.06228329613804817
aujrpwwjtq.mp4,0.8967779874801636
aukfaxetvr.mp4,0.9491132497787476
aukznkpjqe.mp4,0.9782167077064514
aulmrfdiyo.mp4,0.9151108264923096
aultpoxkdl.mp4,0.9247661828994751
aulykluogb.mp4,0.9473262429237366
aumcclscze.mp4,0.856277346611023
aumgbezciw.mp4,0.9447638988494873
aumhehkisj.mp4,0.9473790526390076
aumsysgpsf.mp4,0.1601410210132599
aunbxjislr.mp4,0.9098519086837769
aunokqsmrt.mp4,0.07613453269004822
aunsxsgprx.mp4,0.08962897956371307
auoojxnyap.mp4,0.9152974486351013
aupsxowdcp.mp4,0.7087066173553467
aupunxljjw.mp4,0.235878124833107
auqgxmpfls.mp4,0.9686547517776489
auqlledwxt.mp4,0.06768391281366348
auticcvqlx.mp4,0.9192895293235779
auttzzzosj.mp4,0.5621659755706787
autwdwydhy.mp4,0.9323364496231079
auunxrgrox.mp4,0.9179478883743286
auviwvqttx.mp4,0.8919585943222046
auwljofebi.mp4,0.10829383879899979
auwxgkkipp.mp4,0.9287163019180298
auxnjvttgs.mp4,0.917138934135437
auxtpaboto.mp4,0.864371657371521
auykxzlgzj.mp4,0.8968983888626099
auyrrevsns.mp4,0.8693009614944458
auysreeedq.mp4,0.9809713959693909
auyyexggvm.mp4,0.8594400882720947
avabskjphz.mp4,0.8412261605262756
avaideasjj.mp4,0.6308116316795349
avcftqodfe.mp4,0.32514140009880066
avcyoqrqbg.mp4,0.8721094727516174
avczvisstl.mp4,0.773747980594635
avdvtlhcot.mp4,0.10317733138799667
avebrhzvyp.mp4,0.854889988899231
avfoukjslp.mp4,0.9880833625793457
avfvsddibv.mp4,0.6923009157180786
avfxgetfyn.mp4,0.7902167439460754
avgerywsmv.mp4,0.9021683931350708
avgrquoicj.mp4,0.951069176197052
avhdquzuwf.mp4,0.07753438502550125
avhldaimyf.mp4,0.9425824284553528
avjauiqsjy.mp4,0.7385218739509583
avjisfzhex.mp4,0.9449796676635742
avjsnsinzy.mp4,0.8310109376907349
avkelzfynk.mp4,0.9415560960769653
avkoyhjdcy.mp4,0.7582084536552429
avktbnnfct.mp4,0.6481591463088989
avlbihahvk.mp4,0.976841151714325
avliofdydx.mp4,0.8325148820877075
avlmfkyfzg.mp4,0.9055286645889282
avmemmaaor.mp4,0.4243758022785187
avmgyrjqzy.mp4,0.9330949187278748
avmrqfwizg.mp4,0.8674834370613098
avmtuoxxer.mp4,0.8696712851524353
avnxwfdjca.mp4,0.8303248286247253
avotaeqmvc.mp4,0.9215846061706543
avowqomohu.mp4,0.9414659738540649
avozobkkmm.mp4,0.941024124622345
avpuwxsjxc.mp4,0.07693358510732651
avpxiwwfwa.mp4,0.7594397068023682
avqxrnfzpd.mp4,0.7109605669975281
avqznmlvzs.mp4,0.7061984539031982
avrjnwyavl.mp4,0.9646084904670715
avrtgzyqjl.mp4,0.3270588517189026
avrwxtyoqg.mp4,0.946664035320282
avseaqfbeq.mp4,0.8519068956375122
avtdwylihb.mp4,0.8727141618728638
avteqdmbob.mp4,0.3336663544178009
avtsotbmxb.mp4,0.4744440019130707
avttogwbyz.mp4,0.16334767639636993
avubtwxvrc.mp4,0.9425365924835205
avujziraao.mp4,0.9066585898399353
avwabkfjnx.mp4,0.975212574005127
avwddhpjxw.mp4,0.6540377140045166
avwezsgvml.mp4,0.8129289746284485
avwyvjwuqf.mp4,0.7696972489356995
avxkxnaxfa.mp4,0.6985459327697754
avyxflippj.mp4,0.8598076701164246
awbjetawnf.mp4,0.9388924837112427
awcftwahcl.mp4,0.4616796672344208
awdrgjsmdm.mp4,0.9746251702308655
awelafarav.mp4,0.5141129493713379
aweoiozyrk.mp4,0.907776951789856
awfghdfcmz.mp4,0.8622652292251587
awfhtuiccr.mp4,0.9604451656341553
awfkuosrud.mp4,0.9195430874824524
awgdlcpsot.mp4,0.8944419026374817
awglcxxkdp.mp4,0.8580729961395264
awifeyjgpb.mp4,0.9014440178871155
awiusprppe.mp4,0.7657239437103271
awjtdulzbz.mp4,0.9128613471984863
awkkwnyswq.mp4,0.25153571367263794
awkothxqwq.mp4,0.9038873910903931
awkxwqfint.mp4,0.9858251214027405
awmvrsdttc.mp4,0.9738520383834839
awmydrvoez.mp4,0.8456132411956787
awpnjkemhd.mp4,0.9271702766418457
awrnfjkwxr.mp4,0.9156263470649719
awrvggbava.mp4,0.9629783630371094
awsceniain.mp4,0.12177406251430511
awsjaessrp.mp4,0.9427875876426697
awstgmezgy.mp4,0.9725781679153442
awtnxljuij.mp4,0.8962370753288269
awtuzutzcg.mp4,0.977476954460144
awuwcwcmry.mp4,0.872555673122406
awvnopdojm.mp4,0.18942706286907196
awvpnrmvuf.mp4,0.9465591311454773
awwdrhjncq.mp4,0.9249176383018494
awwexvkmil.mp4,0.05722375214099884
awwlbkyice.mp4,0.9173787236213684
awxbgxeldd.mp4,0.6980637311935425
awxzireppb.mp4,0.9484593868255615
awyccgauib.mp4,0.9175689220428467
awypqsjdfg.mp4,0.9530017971992493
awzgjaqzyu.mp4,0.9305804371833801
awzjpnfkwz.mp4,0.33645644783973694
awzxxaxccz.mp4,0.9336628913879395
axakrhimzr.mp4,0.9843400120735168
axatawveci.mp4,0.971386194229126
axbahffclw.mp4,0.9621996879577637
axbnxjivlr.mp4,0.8817843794822693
axbondvizf.mp4,0.12655654549598694
axbpgirutr.mp4,0.08671066910028458
axbwohvwap.mp4,0.6351945996284485
axcjfghdur.mp4,0.27264806628227234
axclxmvyxx.mp4,0.9611423015594482
axcyprvxsm.mp4,0.41479000449180603
axdepsfowg.mp4,0.0975014865398407
axdfevfyte.mp4,0.918475329875946
axdtpoftlh.mp4,0.9689850211143494
axfjqgpksd.mp4,0.919181764125824
axfquovbya.mp4,0.048892706632614136
axfqvtdpqn.mp4,0.7524049878120422
axfwtbbwyu.mp4,0.8290113806724548
axfzvnwvmk.mp4,0.6929917335510254
axihbxiqnf.mp4,0.9763110280036926
axizacykmi.mp4,0.8860864639282227
axjkknsbsd.mp4,0.6436529159545898
axkbdkcony.mp4,0.5122109055519104
axkuywcuzt.mp4,0.9467407464981079
axlsscylar.mp4,0.14821189641952515
axmhmxlked.mp4,0.9450405240058899
axmwuiabtk.mp4,0.7376274466514587
axnpuuknzw.mp4,0.05472154915332794
axnztobmfv.mp4,0.04976240545511246
axodysvnia.mp4,0.9035670757293701
axoohecyzz.mp4,0.8686321377754211
axopbbxwzr.mp4,0.9282439947128296
axpanprprj.mp4,0.9028554558753967
axppnromyo.mp4,0.8964418172836304
axpwfeomqt.mp4,0.9571948051452637
axqsgizzhg.mp4,0.9018021821975708
axriuvwgcm.mp4,0.860039472579956
axsgyeohxb.mp4,0.9518696665763855
axtfaxnnir.mp4,0.9092425107955933
axttznnysz.mp4,0.9301913976669312
axudxwpjpq.mp4,0.1146652027964592
axutpjywuu.mp4,0.1874082237482071
axvvrrujab.mp4,0.10705588757991791
axwvfkdsaq.mp4,0.9491878747940063
axxldpmbat.mp4,0.9136970043182373
axxojjcuzi.mp4,0.8868074417114258
axxvqwvryi.mp4,0.7793750166893005
axxxmqnvlo.mp4,0.875142514705658
axybfzwjou.mp4,0.9158137440681458
axyorvscnv.mp4,0.8765358328819275
axyzunnpvp.mp4,0.9376563429832458
axzxmjrvvi.mp4,0.5513389110565186
ayaklbufdz.mp4,0.9624298214912415
aybgtakzhf.mp4,0.9713704586029053
aybhjzvgsz.mp4,0.9424367547035217
aybozriclz.mp4,0.9388666749000549
aybqoonlol.mp4,0.9158434867858887
aybtugbqxp.mp4,0.905949592590332
aybxejnqxn.mp4,0.8244776129722595
aycgmkmvue.mp4,0.902778148651123
ayclhmjajg.mp4,0.91343754529953
aycrceahnh.mp4,0.9253217577934265
aycutytbxb.mp4,0.6018809080123901
aydxjkfuhk.mp4,0.924786388874054
ayehybcbfv.mp4,0.5779281854629517
ayeuasvmue.mp4,0.9330727458000183
ayfahboitj.mp4,0.8757081031799316
ayfauyvasg.mp4,0.9199461340904236
ayfsfcgwva.mp4,0.8709138631820679
ayghjyhjpa.mp4,0.9536854028701782
ayhabcqsat.mp4,0.5682330131530762
ayhblsodaz.mp4,0.9625521302223206
ayhhqjvchn.mp4,0.15186700224876404
ayhhyfamhc.mp4,0.8696399331092834
ayhljgasce.mp4,0.9441571235656738
ayijzcgmxu.mp4,0.9712859392166138
ayiqatefmh.mp4,0.9160411357879639
ayiyiznwnr.mp4,0.9041993021965027
ayjiviupgu.mp4,0.8725469708442688
ayjpsdziav.mp4,0.17942193150520325
aykytsanpx.mp4,0.932986855506897
ayldgxapih.mp4,0.9893643260002136
ayleocznjp.mp4,0.8069642186164856
aynvjgamgi.mp4,0.8152680397033691
ayodjtwutr.mp4,0.9684058427810669
ayojccmuqk.mp4,0.7896239161491394
ayoyqfyvxb.mp4,0.14751315116882324
ayozpzxgrg.mp4,0.5938147902488708
aypgpcgzzo.mp4,0.8870998024940491
aypljgeqag.mp4,0.2366795837879181
aypsslvabz.mp4,0.856721818447113
aypwdoupiz.mp4,0.9680147767066956
ayqetwwwjn.mp4,0.8770171999931335
ayququayvl.mp4,0.9376536011695862
ayregwfkuy.mp4,0.978384792804718
aystoolvlj.mp4,0.6303565502166748
aytalckkea.mp4,0.9128550291061401
aytjdeldie.mp4,0.9348813891410828
aytsnlflqn.mp4,0.7107847332954407
aytxkbrpck.mp4,0.9815969467163086
ayumdlbgzg.mp4,0.8944463729858398
ayuocwmzpm.mp4,0.7846569418907166
ayvcvqamlo.mp4,0.5701470375061035
ayvmlkbabt.mp4,0.1901182234287262
ayvmqddutg.mp4,0.9286544919013977
ayvnhxqifb.mp4,0.11665192246437073
ayvrrldwmy.mp4,0.9544949531555176
ayvydsmdys.mp4,0.7252192497253418
aywteojccm.mp4,0.9316356778144836
aywtqiwded.mp4,0.5927284955978394
ayxpdzgpui.mp4,0.04956664517521858
ayxwzqufmq.mp4,0.5999725461006165
ayyrltarjz.mp4,0.33853206038475037
ayyvovoqpq.mp4,0.2621334195137024
ayywxduatc.mp4,0.9150384664535522
ayyzuoklel.mp4,0.9418532252311707
ayzppalsno.mp4,0.8790086507797241
ayzrnuffie.mp4,0.8584133386611938
azaahiwadu.mp4,0.06118861213326454
azagqawgaz.mp4,0.9089813828468323
azarzgywrq.mp4,0.6002674102783203
azbcbbisho.mp4,0.9523256421089172
azbvekzerb.mp4,0.9084064364433289
azcdexfolm.mp4,0.986574649810791
azcdoycnpg.mp4,0.44067326188087463
azcsqgyuzb.mp4,0.9899234175682068
azcvdctoii.mp4,0.06920506060123444
azdgvgbgdv.mp4,0.5077646970748901
azdnpcxhcx.mp4,0.3352009654045105
azdqpyvtjf.mp4,0.09488224238157272
azducmbckk.mp4,0.4805716872215271
azdwparxng.mp4,0.9241235256195068
azexbcjrxd.mp4,0.9442221522331238
azgkuomhkg.mp4,0.5409275889396667
azgnidjfzl.mp4,0.6798837184906006
azgrvcvhzf.mp4,0.9396990537643433
azgvkbgvjm.mp4,0.9883142113685608
azhbacpvhg.mp4,0.10450973361730576
azhextpsam.mp4,0.9468286633491516
azhgwqmtmy.mp4,0.15730659663677216
azhhoprzju.mp4,0.8745092749595642
azivxiykdi.mp4,0.943362832069397
azjpqungtq.mp4,0.6849897503852844
azkdupbivt.mp4,0.5663689374923706
azkhkminwu.mp4,0.782642662525177
azkjdigcrp.mp4,0.7715128064155579
azmbudlmve.mp4,0.6295825242996216
azmheosoed.mp4,0.3588598966598511
azmirctgyh.mp4,0.9723827838897705
aznqgghqge.mp4,0.8743973970413208
aznsswvnxo.mp4,0.16431833803653717
azobkfldrm.mp4,0.7946851849555969
azozbmaple.mp4,0.8973825573921204
azpamhpoyy.mp4,0.6919190883636475
azpgkhnbfq.mp4,0.6987351179122925
azppkqhqpi.mp4,0.8991106152534485
azpsfbwwce.mp4,0.6158648133277893
azqmtcjxbk.mp4,0.9100922346115112
azrbqpomdw.mp4,0.8088975548744202
azrdwmzpqb.mp4,0.8760808110237122
azrltfcgki.mp4,0.9888214468955994
azropyxcjl.mp4,0.7968044877052307
azrovzeecz.mp4,0.08425534516572952
azseubmxrc.mp4,0.9607740044593811
azsizuhdse.mp4,0.32760146260261536
azsongfrbo.mp4,0.9841684103012085
azstxtuuqs.mp4,0.9037647247314453
aztadaceye.mp4,0.9012393355369568
aztfzimxkr.mp4,0.8911049962043762
azulfosmdg.mp4,0.7593683004379272
azuqfvasfq.mp4,0.9651051759719849
azvnmgesce.mp4,0.8047958612442017
azwqdbfqrd.mp4,0.08022213727235794
azwsqmaxmf.mp4,0.9328839182853699
azwusfxjmb.mp4,0.9147166013717651
azwwrvjyyp.mp4,0.9780982136726379
azwxpyysde.mp4,0.35922011733055115
azxheumhku.mp4,0.7271866202354431
azxmphhunl.mp4,0.5564923286437988
azxxenkicg.mp4,0.5673141479492188
azxzqxskzm.mp4,0.2313016653060913
azydlgxdym.mp4,0.8522123694419861
azylwizjmc.mp4,0.9208373427391052
azyqrdeoew.mp4,0.15659357607364655
azzgrltpvu.mp4,0.8828920722007751
azzhropiql.mp4,0.9152211546897888
azzpwoedpk.mp4,0.9187682867050171
azzxjriydb.mp4,0.6512322425842285
baajwwebva.mp4,0.9208069443702698
baarzfneac.mp4,0.9527314305305481
bacndmsxqj.mp4,0.9416956305503845
bacrfnbhvo.mp4,0.9847955703735352
bactcvwhqk.mp4,0.8324794769287109
baeoscgqoe.mp4,0.8619771003723145
bafievwatz.mp4,0.9435244202613831
bagkrkxqcp.mp4,0.09700147062540054
baheacsakw.mp4,0.865839958190918
bahgibkjek.mp4,0.9260430335998535
baiefifser.mp4,0.9117876887321472
baixgpvwme.mp4,0.9369853734970093
bajfrpmupx.mp4,0.6548675894737244
bajmqwxtxp.mp4,0.8926351070404053
baktdytfjl.mp4,0.9505128860473633
balgcurscn.mp4,0.9264011979103088
balwrahloa.mp4,0.9051373600959778
balxxkjlti.mp4,0.9283004403114319
bamgpgbjtg.mp4,0.9163666367530823
banbcqfqmw.mp4,0.8219794034957886
banjrnjzhb.mp4,0.9193821549415588
banvwdrhmc.mp4,0.30953699350357056
baolpdzfsz.mp4,0.9819414615631104
baosvoxjxg.mp4,0.9131689071655273
baoszfmdlj.mp4,0.8360604047775269
baphsbkpbz.mp4,0.060234565287828445
baqeedculf.mp4,0.9153348803520203
baqledjaon.mp4,0.9483040571212769
barbcborgl.mp4,0.10075593739748001
barmlxxrpt.mp4,0.14813590049743652
batgqxfifq.mp4,0.8331925272941589
baummvrmhl.mp4,0.9542223215103149
bavhucvtaq.mp4,0.9036018252372742
bawhghlfoi.mp4,0.9846720099449158
baxdvqglnu.mp4,0.18271489441394806
baxpshhrhc.mp4,0.22141404449939728
bayuahaydv.mp4,0.9640001058578491
bazehalfin.mp4,0.8801426291465759
bazuuilpib.mp4,0.6912002563476562
bazxcobmhk.mp4,0.8189372420310974
bbagpnnxnv.mp4,0.7933374643325806
bbbyrusiwe.mp4,0.9617165327072144
bbcibscbkq.mp4,0.9345824122428894
bbcjkyhhuy.mp4,0.335462361574173
bbdeidcmgb.mp4,0.9211517572402954
bbdzssjeen.mp4,0.9638386964797974
bbenehhaze.mp4,0.8804968595504761
bbeouqcdzs.mp4,0.8246152997016907
bbeyhbquql.mp4,0.9511200785636902
bbeywofslk.mp4,0.9355573654174805
bbfbvvnaak.mp4,0.800116777420044
bbfflhbtsd.mp4,0.8790028691291809
bbfpygrvoa.mp4,0.9393308162689209
bbfwlhanjw.mp4,0.2761467695236206
bbfzunyiaj.mp4,0.8514429926872253
bbgkukkicj.mp4,0.8971555233001709
bbgtrsseht.mp4,0.8536667227745056
bbhjnxbdco.mp4,0.929537296295166
bbhlolixfd.mp4,0.32274702191352844
bbhrzugxmn.mp4,0.8992508053779602
bbivjcyvcv.mp4,0.9600203037261963
bbjqbowaaq.mp4,0.9632676839828491
bbjtivfdzq.mp4,0.958811342716217
bbjtxcqkns.mp4,0.6846746802330017
bbkpsxyjvs.mp4,0.4416160583496094
bblditzyqm.mp4,0.8962485790252686
bbltbwkpzh.mp4,0.46891695261001587
bbmxeiukxe.mp4,0.47636663913726807
bbnpuynemf.mp4,0.6712333559989929
bbnusepqeh.mp4,0.11590998619794846
bbomhhqbhk.mp4,0.9298807382583618
bbpjgsfveo.mp4,0.9422271847724915
bbuyagtrip.mp4,0.9354076385498047
bbvouhpoys.mp4,0.8180858492851257
bbvycfumal.mp4,0.9513092041015625
bbwffycqmr.mp4,0.9692249894142151
bbwndtahps.mp4,0.8865771889686584
bbxuciztza.mp4,0.9107078909873962
bbyapzzbbp.mp4,0.5768004059791565
bbyheffqbo.mp4,0.10113029181957245
bbynajqcsf.mp4,0.906548261642456
bbyzlvgllp.mp4,0.862220048904419
bbzdjgrlvl.mp4,0.9497917890548706
bcakmcwgit.mp4,0.8426598906517029
bcaswgbknh.mp4,0.050286319106817245
bcawixfkln.mp4,0.9209166765213013
bcawximqto.mp4,0.7026162147521973
bcaxndbaki.mp4,0.3077646493911743
bcbaodgold.mp4,0.05848683416843414
bcbrtcqtpt.mp4,0.067021943628788
bccaioaudk.mp4,0.9057039022445679
bcemixwldi.mp4,0.9132864475250244
bcenttyeoc.mp4,0.9501855373382568
bcgcdkjivz.mp4,0.8815363049507141
bcgievnwef.mp4,0.979221761226654
bcgjlsupne.mp4,0.06066817790269852
bcgjugkehl.mp4,0.6990891695022583
bcgzfrxbbz.mp4,0.11237942427396774
bchidnmojc.mp4,0.77321457862854
bcihtlgaqa.mp4,0.9431745409965515
bcijqbastj.mp4,0.6158396601676941
bcixruopcf.mp4,0.9313238859176636
bckjlnaiun.mp4,0.9286807179450989
bckorfknun.mp4,0.8941807150840759
bcktnbnnyv.mp4,0.9595729112625122
bclifiizok.mp4,0.9380149841308594
bclnjhoqol.mp4,0.9162256717681885
bclypwksbx.mp4,0.929597020149231
bcoorvngcn.mp4,0.9551678895950317
bcownucjtw.mp4,0.9222741723060608
bcoydxioxf.mp4,0.21601422131061554
bcpythngcj.mp4,0.7687248587608337
bcqqfmthwk.mp4,0.8319617509841919
bcrajtjljy.mp4,0.8988630175590515
bcrcdkrgiv.mp4,0.9383783936500549
bcsvkbjzwk.mp4,0.9463158249855042
bcsyzakipb.mp4,0.9135013222694397
bctwtzhnje.mp4,0.6916268467903137
bcudplyevq.mp4,0.9676538109779358
bculuffwko.mp4,0.7643465399742126
bcvcyvgowt.mp4,0.9429501295089722
bcvezeyggp.mp4,0.9263257384300232
bcvfczypjo.mp4,0.05438202992081642
bcwhokjvfn.mp4,0.30765047669410706
bcwpmauyhg.mp4,0.10428187996149063
bcwtjzsutw.mp4,0.7456750273704529
bcxojybwjj.mp4,0.8323516845703125
bcycmmnpnf.mp4,0.96641606092453
bczguerkpm.mp4,0.9125164747238159
bdaehxfzbk.mp4,0.24007505178451538
bdahtcivcd.mp4,0.9428070187568665
bdamapnuof.mp4,0.9105992913246155
bdazqodumh.mp4,0.8688329458236694
bdbfpoumql.mp4,0.5524663329124451
bdbofdzikv.mp4,0.8970109820365906
bdbryopkaa.mp4,0.8829815983772278
bdcbrzfphv.mp4,0.7620546221733093
bdchfgyrzo.mp4,0.9791659712791443
bdcvtxwdob.mp4,0.17336824536323547
bdddojeyaz.mp4,0.8533657789230347
bdeniywtnn.mp4,0.3071938753128052
bdftdpohva.mp4,0.9424929022789001
bdgmavlwan.mp4,0.969287097454071
bdhcxanaqy.mp4,0.9800527095794678
bdhnxeeitg.mp4,0.9062701463699341
bdinoddvte.mp4,0.954121470451355
bdiointpxx.mp4,0.9668922424316406
bdiswjfefc.mp4,0.9555893540382385
bdivrfxtqv.mp4,0.926243245601654
bdjxzbtadn.mp4,0.9182049632072449
bdkazhizye.mp4,0.6854801177978516
bdkgwjldke.mp4,0.879332423210144
bdkjxdndjn.mp4,0.8668529391288757
bdmcnjipbq.mp4,0.43632957339286804
bdmhjkrxoj.mp4,0.45940566062927246
bdmjcelmcs.mp4,0.8883280158042908
bdmvjkonon.mp4,0.9663456678390503
bdnesbbphy.mp4,0.10250484198331833
bdocvgclcs.mp4,0.846389889717102
bdoribeoya.mp4,0.7905426621437073
bdpmicugbp.mp4,0.9206923842430115
bdqdarvhiv.mp4,0.12870746850967407
bdqgzjoamp.mp4,0.4151673913002014
bdqjtvrizk.mp4,0.8144417405128479
bdqvamryhc.mp4,0.9152440428733826
bdsopgtlmq.mp4,0.9434437155723572
bdstpdunks.mp4,0.9595131278038025
bdsxxaamze.mp4,0.8849763870239258
bdsyzwsrzw.mp4,0.8977369666099548
bdtdtlhyha.mp4,0.9104436635971069
bdtnxarnwm.mp4,0.4587802290916443
bdtybsixoz.mp4,0.844862699508667
bdvuqjupnd.mp4,0.8651474118232727
bdweezvxfc.mp4,0.5711023807525635
bdwpyrudti.mp4,0.050607942044734955
bdxlkzmnyt.mp4,0.5800118446350098
bdxludmnux.mp4,0.5362036228179932
bdyghmwvxu.mp4,0.7200913429260254
bdynuzrqbt.mp4,0.9313088059425354
bdyuwvpelk.mp4,0.5787847638130188
bdztumelho.mp4,0.9004356861114502
bdzytcvbdt.mp4,0.8283239603042603
bebfstfcgp.mp4,0.5560054779052734
bebmjrpvos.mp4,0.8109962940216064
becfjonwfu.mp4,0.9878818392753601
becjjdnvpn.mp4,0.8836435079574585
becqadbtkb.mp4,0.9072064161300659
beebrqboob.mp4,0.9593842625617981
beebxwvqli.mp4,0.8997386693954468
beefhzclcw.mp4,0.8624188899993896
begozxasac.mp4,0.9360421299934387
behdsfoxnk.mp4,0.32523858547210693
behhgrhkmc.mp4,0.9725496172904968
behlbelncd.mp4,0.912952184677124
bejblmnabd.mp4,0.06546591222286224
bekilotbxu.mp4,0.41102394461631775
bekmufolps.mp4,0.8967276215553284
bekvvpeolr.mp4,0.8780521154403687
belewgtmbs.mp4,0.06321868300437927
belwinawhy.mp4,0.8872658014297485
bemqbwgxxs.mp4,0.03731660544872284
bemzjclvgu.mp4,0.76802659034729
benkzrmryl.mp4,0.8956853151321411
benlmmdcnf.mp4,0.8803343176841736
benzxvtapn.mp4,0.9408582448959351
beonlzcydr.mp4,0.940954327583313
berbcixvjc.mp4,0.9170272350311279
beridjgqtm.mp4,0.9073099493980408
betdiwiwql.mp4,0.17660026252269745
bethubglgn.mp4,0.14594200253486633
betuzngwpt.mp4,0.641569197177887
betzeachui.mp4,0.7932314276695251
beutkgdtcb.mp4,0.9312205910682678
bevjclbhuo.mp4,0.06325821578502655
bevrsulvkt.mp4,0.9804728627204895
bewdlknhhi.mp4,0.3239418566226959
bewwwxnzbk.mp4,0.8362864255905151
bexxqeohiv.mp4,0.9281198978424072
bexzlindzv.mp4,0.928250253200531
beyhcwgavh.mp4,0.9633660912513733
beysxgrqkk.mp4,0.8085315227508545
beyxpliwsy.mp4,0.4257352650165558
bezxyrovyz.mp4,0.8911506533622742
bfawveelwz.mp4,0.8624795079231262
bfcdbaevbj.mp4,0.8799743056297302
bfcejaynie.mp4,0.07706733047962189
bfcmxcvwps.mp4,0.9091683030128479
bfcptqxlvw.mp4,0.916487455368042
bfcvdqwvwb.mp4,0.9786177277565002
bfdbybhxvr.mp4,0.8155290484428406
bfdgzjrnck.mp4,0.9141023755073547
bfdnlyosad.mp4,0.23349948227405548
bfdxhnfacf.mp4,0.38740479946136475
bfecraawwz.mp4,0.5593484044075012
bfevvflqsy.mp4,0.944308340549469
bfeycvkedq.mp4,0.9110057950019836
bffeslonih.mp4,0.9726673364639282
bffjkyuqvb.mp4,0.4906848967075348
bffrdavndf.mp4,0.7207320928573608
bffrotkdcu.mp4,0.7874296307563782
bfgfvcofvn.mp4,0.9457120895385742
bfgrxafoef.mp4,0.9364723563194275
bfgsibgras.mp4,0.6453856825828552
bfgykgohpy.mp4,0.9180279970169067
bfgzqxwhti.mp4,0.9377425909042358
bfhkzqdwbx.mp4,0.9232704639434814
bfhtddaoqy.mp4,0.31362178921699524
bfiztrjizr.mp4,0.03209130838513374
bfjajtyjzt.mp4,0.8589894771575928
bfjeavwnoi.mp4,0.1477600634098053
bfjzxatdrc.mp4,0.9439186453819275
bfkfrtmiub.mp4,0.5994713306427002
bfkzrgovsv.mp4,0.09534521400928497
bflhvfizhu.mp4,0.3628535866737366
bfljjbavig.mp4,0.8989986777305603
bfllocpabl.mp4,0.6435414552688599
bflrnxrmfb.mp4,0.8257057070732117
bfluunemxz.mp4,0.09834316372871399
bfmoopvnho.mp4,0.6922532916069031
bfnockrztt.mp4,0.49098488688468933
bfoaqbobup.mp4,0.9162812829017639
bfofpyvvnt.mp4,0.07205496728420258
bfoktrnuxj.mp4,0.9439892172813416
bfoozhcgse.mp4,0.9895946383476257
bfqlqydtam.mp4,0.06942180544137955
bfqumzcsvu.mp4,0.9181148409843445
bfqyovgynr.mp4,0.9037019610404968
bfrbtmnllp.mp4,0.2784344553947449
bfsnakisid.mp4,0.880301833152771
bfukrxvndm.mp4,0.2657211720943451
bfupvodqkz.mp4,0.06658550351858139
bfutthnppf.mp4,0.9223763346672058
bfwgingqsv.mp4,0.9582743048667908
bfwwrlwopy.mp4,0.8507422208786011
bfyhfmdztn.mp4,0.8247597813606262
bfzkkcltvf.mp4,0.8609597682952881
bfzvzyidrj.mp4,0.8033435940742493
bgaafmocsn.mp4,0.6532318592071533
bgbkbvdjnd.mp4,0.9562244415283203
bgbkogrfys.mp4,0.27598893642425537
bgbuqmmaqe.mp4,0.9459168314933777
bgcectalof.mp4,0.9183007478713989
bgcfsiswtj.mp4,0.9500717520713806
bgdehyzokn.mp4,0.8286024928092957
bgexonjbpn.mp4,0.9873843193054199
bghcevlhjf.mp4,0.9006363749504089
bghmhuxxyr.mp4,0.6909253001213074
bghpxawcnb.mp4,0.8895488977432251
bgicufggmb.mp4,0.5605960488319397
bgihlcqcik.mp4,0.8658013939857483
bgilmjxago.mp4,0.8675616383552551
bgiukncdoc.mp4,0.8213680386543274
bgjuqdjnss.mp4,0.6764870882034302
bgjyidaspl.mp4,0.8385688066482544
bgkjyalpix.mp4,0.24452465772628784
bgkmfxsqxd.mp4,0.916141152381897
bgkspwrqlr.mp4,0.9578322172164917
bglklkiayu.mp4,0.7860408425331116
bglqkukirr.mp4,0.7412046790122986
bgnxqmdjxq.mp4,0.917982280254364
bgoiditweq.mp4,0.8910909295082092
bgpdzlrluk.mp4,0.972997784614563
bgpnirgwsl.mp4,0.9896513223648071
bgpsjixtwm.mp4,0.8421015739440918
bgqhldvsgc.mp4,0.05367580056190491
bgrkttmsxd.mp4,0.9767454862594604
bgrradjndh.mp4,0.9307529926300049
bgslobeeyd.mp4,0.9165215492248535
bgsqoctomw.mp4,0.8594794869422913
bgsrdqcqjx.mp4,0.7970815300941467
bgssriyozb.mp4,0.9079930782318115
bgtiikryvg.mp4,0.9433571696281433
bgtridlkdi.mp4,0.9272547960281372
bgulswwjgs.mp4,0.935868501663208
bguxmfaihe.mp4,0.06722398847341537
bgvknboeyq.mp4,0.9676995873451233
bgvuxeubtf.mp4,0.8801489472389221
bgxdeluogh.mp4,0.09156767278909683
bgxftrukbr.mp4,0.5828034281730652
bgxlldsfmx.mp4,0.6934057474136353
bgxpmpwcyg.mp4,0.3323086202144623
bgxqvmjgbm.mp4,0.926155686378479
bgxxyytpnf.mp4,0.9815192818641663
bgyimohqak.mp4,0.914188802242279
bgyqwxcrsm.mp4,0.927409827709198
bhaaitemak.mp4,0.9231250882148743
bhasetirqb.mp4,0.7726927399635315
bhcbgpnkpd.mp4,0.8899453282356262
bhchlbmzrc.mp4,0.9612661004066467
bhdrdqfehh.mp4,0.7576352953910828
bhfihhudau.mp4,0.9034883975982666
bhfpmvpmyw.mp4,0.8866159319877625
bhieufgnnf.mp4,0.650902271270752
bhjmyjcayb.mp4,0.06038077920675278
bhkfrmjlpv.mp4,0.5633158683776855
bhliuvpgub.mp4,0.9003599882125854
bhmfpkjsbz.mp4,0.9507476687431335
bhpddjewrv.mp4,0.07017295062541962
bhpddnqauc.mp4,0.043760959059000015
bhpiiawcrz.mp4,0.9064298272132874
bhqcqwcise.mp4,0.3985520601272583
bhqiisfkui.mp4,0.6583818793296814
bhqteplzxp.mp4,0.9484019875526428
bhsklnhjrj.mp4,0.6036978960037231
bhuyzxvohl.mp4,0.872381329536438
bhvgnyuybi.mp4,0.9429815411567688
bhwevhjvwx.mp4,0.07882296293973923
bhwlgymgxk.mp4,0.9623928070068359
bhwujfazqy.mp4,0.7972773909568787
bhwwzofqvo.mp4,0.9734955430030823
bhxiufgdxa.mp4,0.9360355734825134
bhybofqflj.mp4,0.9885528087615967
bhykihwhkv.mp4,0.9868238568305969
bhyzjrwkvk.mp4,0.9052317142486572
bhzfcdzqar.mp4,0.9874078631401062
bhzhzvadnn.mp4,0.8424857258796692
bhzosxdmyt.mp4,0.8599319458007812
bhzwgteaic.mp4,0.86360764503479
biactglfwl.mp4,0.8407073616981506
bibjgxjhuv.mp4,0.06810189038515091
biborxaekt.mp4,0.059851329773664474
bibpelmopy.mp4,0.9388236999511719
bicenrlrcf.mp4,0.8887413740158081
bicexletbj.mp4,0.8675196766853333
bidfiduqsr.mp4,0.8991272449493408
bidulzdkec.mp4,0.9198856949806213
biebcflser.mp4,0.9174656271934509
biefjlethf.mp4,0.1436634659767151
bifaizxtsc.mp4,0.060512084513902664
bigwzvlzhb.mp4,0.07361114025115967
biibogyrpt.mp4,0.9744422435760498
bijcbfrxyc.mp4,0.5411146879196167
bijcrevctl.mp4,0.1623382270336151
bijvvsgumf.mp4,0.8861329555511475
bijzpkoaja.mp4,0.9297414422035217
bikehwjuzk.mp4,0.8481536507606506
bikrimaoum.mp4,0.11342582106590271
bikymqckfq.mp4,0.795400857925415
bilsagmnhr.mp4,0.8974983096122742
bimbdboxdb.mp4,0.8980094194412231
binbaztlye.mp4,0.9686664938926697
binrkjcwxe.mp4,0.7554525136947632
binymyngeo.mp4,0.2678891122341156
bipkwdckrk.mp4,0.22407405078411102
biqgaxvjyy.mp4,0.8785400986671448
biqvdjgtrv.mp4,0.9238791465759277
bitticunoc.mp4,0.9264726638793945
bivfenlysj.mp4,0.8950061202049255
bivgdpypxh.mp4,0.17493577301502228
bivvdqhxdn.mp4,0.9091130495071411
bivyxqxxpd.mp4,0.8147122263908386
bivzhsmrqo.mp4,0.15280577540397644
biwccgiiju.mp4,0.9102041125297546
biwcfxtdhv.mp4,0.9066773056983948
bixdmyhkzw.mp4,0.471291184425354
bixiepitjl.mp4,0.447527140378952
bixqxnpkhk.mp4,0.9642788171768188
bizbjxafzr.mp4,0.8895004391670227
bizohehlgw.mp4,0.07300293445587158
bjacjzisbq.mp4,0.8880231380462646
bjapnbgbyf.mp4,0.7851219773292542
bjbmxdthaa.mp4,0.9023169875144958
bjcefkabza.mp4,0.7616872191429138
bjdnvdiorc.mp4,0.9540221691131592
bjeefxivfz.mp4,0.8517654538154602
bjeocyuknw.mp4,0.8985008001327515
bjfbzhlzyk.mp4,0.9153375625610352
bjgobiieru.mp4,0.912482738494873
bjgqvuvzlc.mp4,0.8524935841560364
bjhftvzdoz.mp4,0.11181604862213135
bjhglfghge.mp4,0.7369601726531982
bjhieizrjq.mp4,0.7828505039215088
bjhxjfenwo.mp4,0.1841915398836136
bjifxxuftr.mp4,0.9288148283958435
bjizwsyhld.mp4,0.1163427010178566
bjjaloefag.mp4,0.050699785351753235
bjjczrcrlh.mp4,0.6985674500465393
bjjoujprzo.mp4,0.8071073293685913
bjllfiganv.mp4,0.9233986735343933
bjlmreemtq.mp4,0.8356193900108337
bjlutfvxxi.mp4,0.8090614676475525
bjlwgiuuxv.mp4,0.172666534781456
bjmaxtqiwq.mp4,0.6384022831916809
bjmhknfumi.mp4,0.7930018901824951
bjmveqttsq.mp4,0.8438592553138733
bjnabumhcn.mp4,0.9665272235870361
bjnjsiypnv.mp4,0.7788673639297485
bjnleiepgs.mp4,0.884181797504425
bjodrjkfxc.mp4,0.9502025246620178
bjorqgprft.mp4,0.8283640146255493
bjpimfdtds.mp4,0.1464824080467224
bjqmdsvxxa.mp4,0.7873762845993042
bjszzfmchp.mp4,0.05504458770155907
bjtgipnmzu.mp4,0.868858814239502
bjtwbltzbs.mp4,0.9444961547851562
bjuwpszfiu.mp4,0.8823569416999817
bjvmyyhuza.mp4,0.8812485933303833
bjwctylvmy.mp4,0.9128420948982239
bjwlkdnbgw.mp4,0.9252124428749084
bjwuuedtla.mp4,0.054194603115320206
bjxghgoctz.mp4,0.633367121219635
bjxzcaifpw.mp4,0.9580028653144836
bjyfwqezqa.mp4,0.9212606549263
bjymnnukqs.mp4,0.32906612753868103
bjytxyelfw.mp4,0.8860657811164856
bjzboctmut.mp4,0.7961891293525696
bjzdxvsuvu.mp4,0.12480970472097397
bkadhwwkwf.mp4,0.10458321124315262
bkadxgxipz.mp4,0.8109729886054993
bkahsatkrs.mp4,0.2771676480770111
bkalogzjos.mp4,0.9146919250488281
bkamlqslms.mp4,0.10976998507976532
bkbflitext.mp4,0.06132658198475838
bkbokyebco.mp4,0.109440378844738
bkbqftidrf.mp4,0.7686318755149841
bkcqlavtab.mp4,0.9273311495780945
bkdtyrkvgb.mp4,0.7502273321151733
bkewppansb.mp4,0.06145491451025009
bkfgexlytc.mp4,0.8587345480918884
bkfiyurjkt.mp4,0.980181872844696
bkfuglkfcd.mp4,0.13339576125144958
bkfvakwdnw.mp4,0.7993080019950867
bkhclbvdis.mp4,0.4779942035675049
bkiogelrvu.mp4,0.9155545234680176
bkitjnimap.mp4,0.8209866881370544
bkivxaxfdv.mp4,0.9329113960266113
bkixloqwgr.mp4,0.6628716588020325
bkizohuxts.mp4,0.9685715436935425
bkjhfcvsig.mp4,0.06439413875341415
bkjxcbphsp.mp4,0.8523762226104736
bkkkindqvf.mp4,0.9138959050178528
bkknadbdyb.mp4,0.19463080167770386
bklltfdtkn.mp4,0.804634153842926
bkmrcuzvek.mp4,0.8631653785705566
bkmyreelcs.mp4,0.8080175518989563
bkmzjbrzhj.mp4,0.9494280219078064
bknczlsdia.mp4,0.38134878873825073
bkoeppigdz.mp4,0.9352671504020691
bkojtypnkn.mp4,0.8796411156654358
bkpolfeixc.mp4,0.9419102668762207
bkpubzzmft.mp4,0.885387659072876
bkqgvkwjcn.mp4,0.4323105216026306
bkqzqgnzmw.mp4,0.9299517869949341
bkrthuclue.mp4,0.8784706592559814
bktcgtnzzh.mp4,0.13872173428535461
bktxvguxuy.mp4,0.8020159602165222
bkuoqwyjor.mp4,0.059718046337366104
bkuxvlsyax.mp4,0.9430094957351685
bkvmpillpt.mp4,0.9791848063468933
bkwedwckhv.mp4,0.9180901646614075
bkwiqcrzca.mp4,0.9263052940368652
bkwpeforul.mp4,0.9608144164085388
bkxqjiqabv.mp4,0.9377206563949585
bkymqahmft.mp4,0.9441933631896973
bkyoodlpvw.mp4,0.8122158646583557
bkytciqsgd.mp4,0.13004444539546967
bkyzinwdfz.mp4,0.9491574168205261
bkzabjxnpm.mp4,0.9329527616500854
bkzbiriopd.mp4,0.8511663675308228
bkzztamepr.mp4,0.9773970246315002
blbghnbwmt.mp4,0.0583173967897892
blbtxevriv.mp4,0.5592566728591919
blcpogyffx.mp4,0.9483858346939087
blcqzztrvu.mp4,0.06330540776252747
bldvboovyj.mp4,0.9667030572891235
blehjybifk.mp4,0.4650134742259979
bleowhekvn.mp4,0.056190162897109985
blepmtsdvs.mp4,0.6344709992408752
blfdfsedii.mp4,0.9141248464584351
blfmarosnw.mp4,0.9548172354698181
blghqsyyfx.mp4,0.9357614517211914
blhfraazak.mp4,0.7719786167144775
blhhutqvsw.mp4,0.9422047138214111
blhxipfcro.mp4,0.8877509832382202
bljafwdkgk.mp4,0.9064480662345886
bljjbfslfx.mp4,0.36832359433174133
bljpdykszf.mp4,0.1542029082775116
blkxyqpgry.mp4,0.9607945680618286
bllzezsiip.mp4,0.28101515769958496
blmuzhjygg.mp4,0.7358702421188354
blnnqgjuck.mp4,0.9143587946891785
blnoubxzwr.mp4,0.5556337833404541
blqgpxokwq.mp4,0.1490902602672577
blqhvxglyz.mp4,0.9152384400367737
blqrkgjsun.mp4,0.9299465417861938
blqwrzztiy.mp4,0.9576693773269653
blryzyqfan.mp4,0.8711313009262085
blsfputbrz.mp4,0.8646958470344543
blszrprdrv.mp4,0.9507805705070496
bltgxotaiv.mp4,0.09268230944871902
bltsfxhpce.mp4,0.699336588382721
bltxzeoijl.mp4,0.3408929705619812
blvgczhxyu.mp4,0.8756670951843262
blvqcbuele.mp4,0.8443720936775208
blyaymhdil.mp4,0.38723522424697876
blybhmrnrd.mp4,0.32386133074760437
blyfmnqkfl.mp4,0.9706693291664124
blynypczbp.mp4,0.9600644111633301
blyzlljblm.mp4,0.9020299315452576
blzespzdkl.mp4,0.8254128098487854
blzmqourro.mp4,0.9294978976249695
blzsfimppr.mp4,0.3677181303501129
bmablqorlk.mp4,0.8568187355995178
bmalihrewa.mp4,0.45284828543663025
bmdiaytrcm.mp4,0.053325116634368896
bmejcmawty.mp4,0.8679265975952148
bmejygajwg.mp4,0.9124523997306824
bmepdrvkyy.mp4,0.9507001042366028
bmfrfuiucc.mp4,0.8041660785675049
bmfuosxwoc.mp4,0.8067839741706848
bmgidxpirq.mp4,0.810419499874115
bmgjjwxmhi.mp4,0.8773928284645081
bmgptqpfdt.mp4,0.48816633224487305
bmgyolkiyj.mp4,0.8787826299667358
bmhcbivwvf.mp4,0.9381734132766724
bmijukkheo.mp4,0.7416062951087952
bmimrgglnb.mp4,0.9101738929748535
bmiryozzvx.mp4,0.16651980578899384
bmixrenyil.mp4,0.9826094508171082
bmkglbhaiz.mp4,0.9744375944137573
bmkimqkzlh.mp4,0.7204052209854126
bmkirvqnkq.mp4,0.9243248701095581
bmkzenlrkm.mp4,0.9439777135848999
bmlkelpjmp.mp4,0.9389359951019287
bmlnzuebwq.mp4,0.8628161549568176
bmmdgzgqyb.mp4,0.9525113701820374
bmmyqhhwnw.mp4,0.33001741766929626
bmnpqrwnex.mp4,0.0888577252626419
bmpgdxzwpt.mp4,0.4945095181465149
bmprytqwwp.mp4,0.18702952563762665
bmpxgjgryj.mp4,0.8894377946853638
bmqjjdkysw.mp4,0.9646875262260437
bmqouoakyf.mp4,0.7694912552833557
bmqxraeqaw.mp4,0.8400657773017883
bmrfnpgter.mp4,0.8230980038642883
bmskphjibo.mp4,0.8607807755470276
bmsxkitovr.mp4,0.8334894776344299
bmsylxxkly.mp4,0.9227898120880127
bmtbxkjkjq.mp4,0.10240278393030167
bmtrpwqkii.mp4,0.18311643600463867
bmuynsdqhz.mp4,0.8989752531051636
bmvsutcqxe.mp4,0.8433998227119446
bmwwownzvl.mp4,0.9807602167129517
bmydqokovk.mp4,0.9468799829483032
bmyjdoslrp.mp4,0.970536470413208
bmzdfyogfw.mp4,0.9396154880523682
bmzkjqilog.mp4,0.5691741704940796
bmzsvaimta.mp4,0.8627936840057373
bmzywathcq.mp4,0.0953826829791069
bmzzkjvqpa.mp4,0.8271313309669495
bnbfkhafjz.mp4,0.9093462824821472
bnbovmdeot.mp4,0.13839736580848694
bnbuqimfbn.mp4,0.1139695942401886
bnbvwywbci.mp4,0.9433109164237976
bnbxarxyqk.mp4,0.9316015243530273
bncxsmfjor.mp4,0.6125149726867676
bndazrmdkj.mp4,0.9303076267242432
bndfldavtx.mp4,0.4399045407772064
bndisdunhz.mp4,0.816836953163147
bndkaaqewo.mp4,0.9835599064826965
bneuvofkbh.mp4,0.4933362901210785
bnfhgczmrn.mp4,0.8336350917816162
bnflosxiea.mp4,0.8802377581596375
bnfofjyvlf.mp4,0.9155588150024414
bnfrdywzvv.mp4,0.894836962223053
bnfrgecebo.mp4,0.9604967832565308
bnfxesdwqu.mp4,0.886391818523407
bngimidubc.mp4,0.16422533988952637
bngpjglyqu.mp4,0.8439664840698242
bngpswdemp.mp4,0.8938515186309814
bnhzgxxodm.mp4,0.8727966547012329
bnimtitnnc.mp4,0.09559739381074905
bnirjkrhpf.mp4,0.8900640606880188
bnivwnbzbx.mp4,0.9675250053405762
bnjdaskseq.mp4,0.9382444024085999
bnjzsmvuot.mp4,0.980494499206543
bnlhnkfkrg.mp4,0.8547877073287964
bnlqzjegan.mp4,0.5644789338111877
bnmtqdhxig.mp4,0.9173750281333923
bnmxzioxft.mp4,0.9294719099998474
bnnbfpcvlr.mp4,0.7461419701576233
bnnbywoosz.mp4,0.058105822652578354
bnoenthkmd.mp4,0.8760013580322266
bnpsclwvrp.mp4,0.9638855457305908
bnrhpswktc.mp4,0.7764101624488831
bnrinrrsle.mp4,0.9426955580711365
bnriwtwfof.mp4,0.0654420256614685
bnrmoejozc.mp4,0.9546217918395996
bnsxuqhoei.mp4,0.0643274337053299
bntffimwve.mp4,0.8019757270812988
bnudobzshb.mp4,0.8843333125114441
bnvpafalfu.mp4,0.9100420475006104
bnvtgmfunt.mp4,0.9203940629959106
bnwkhfneqp.mp4,0.06975749135017395
bnwpzorrtc.mp4,0.9605332016944885
bnwxqegocz.mp4,0.9613176584243774
bnxispqojs.mp4,0.9378571510314941
bnyiorehpm.mp4,0.9029994010925293
boagmphucy.mp4,0.9115480184555054
boatuniakm.mp4,0.8866760730743408
bobulcobhw.mp4,0.846916139125824
bobuotmbyj.mp4,0.06956424564123154
bockklctcz.mp4,0.9645496010780334
bocrnmsejn.mp4,0.9384849667549133
bodsawledj.mp4,0.9117997288703918
bodvhackdj.mp4,0.95013827085495
boepzadatv.mp4,0.9736751914024353
bofeeihrug.mp4,0.9757785797119141
bofeuivknt.mp4,0.9256666898727417
bofgeerrrz.mp4,0.9166404604911804
bofmetrgfm.mp4,0.8755621314048767
bogcoldwxa.mp4,0.19514130055904388
bogjubshbr.mp4,0.885837972164154
bogpwahmwx.mp4,0.8279063701629639
bohrgpvebk.mp4,0.8891997933387756
bohwfyympd.mp4,0.7605895400047302
bohxccdcoo.mp4,0.9606411457061768
boiaofxiwp.mp4,0.9406530261039734
boiexvxboc.mp4,0.9501566886901855
boigglmnof.mp4,0.9366172552108765
boioyxhfch.mp4,0.9369714260101318
boirbbzkvt.mp4,0.845268964767456
bojrkqyjdk.mp4,0.6998684406280518
bolcjxqleh.mp4,0.8947131037712097
bolnqgimhd.mp4,0.8482912182807922
bolpdamwfo.mp4,0.7421005964279175
bolxsckgnj.mp4,0.80668705701828
bonanummuk.mp4,0.9044139981269836
bonatvjrzc.mp4,0.7999621629714966
bonmcuwuqu.mp4,0.9248106479644775
bonwkgdpzx.mp4,0.12074404209852219
booejmgaqh.mp4,0.07307140529155731
boopvichfi.mp4,0.03291526809334755
boprewpbmp.mp4,0.3328021466732025
boqihigtcw.mp4,0.7033118009567261
boqpxyzcyc.mp4,0.8960643410682678
bordcikifg.mp4,0.8919424414634705
boreeeujiu.mp4,0.5872288346290588
bortbfnubx.mp4,0.85787034034729
boruwivyxw.mp4,0.8971495628356934
bosbcjeizu.mp4,0.9373340606689453
bosclfijdo.mp4,0.9431937336921692
bosxyhludp.mp4,0.8352055549621582
botlpnmjmt.mp4,0.9394370913505554
bouhmflnng.mp4,0.7645030617713928
boulpmuket.mp4,0.9733102321624756
bowapsnlpk.mp4,0.9451374411582947
bowgnwjhqe.mp4,0.9900000691413879
bowjhilvfm.mp4,0.5010497570037842
bowsazznoh.mp4,0.8089210391044617
boxffpjcxp.mp4,0.9118586182594299
boxrpxjcrv.mp4,0.8714196681976318
boyribbmyg.mp4,0.10903014987707138
boyvpmwkhd.mp4,0.5
bozetkdhoi.mp4,0.871636688709259
bozhmxsghc.mp4,0.986832320690155
bpadffygrq.mp4,0.948131263256073
bparszhscy.mp4,0.9348726272583008
bpauyhxnlj.mp4,0.8934850692749023
bpbapwtwfa.mp4,0.9697411060333252
bpbbiubvoj.mp4,0.9589428305625916
bpbbjegsoa.mp4,0.8914984464645386
bpbkgyajts.mp4,0.6517423391342163
bpbqjruhkj.mp4,0.9607686400413513
bpbtijbhih.mp4,0.8009110689163208
bpbykjbyvp.mp4,0.8449919819831848
bpcmfykufo.mp4,0.8534892201423645
bpdvahiqem.mp4,0.6129876971244812
bpdwkgpwah.mp4,0.10205871611833572
bpeciyicig.mp4,0.9660065174102783
bpeemkcxad.mp4,0.19311556220054626
bpgekujqux.mp4,0.8161784410476685
bphdxnykou.mp4,0.9430506825447083
bphizcvcao.mp4,0.2283880114555359
bphkjrfmdf.mp4,0.9259534478187561
bphnfjxagq.mp4,0.6330809593200684
bphuuuhabb.mp4,0.3617266118526459
bpiaonpbju.mp4,0.6779263019561768
bpieoyctzo.mp4,0.16623874008655548
bpiuysyyuj.mp4,0.9020754098892212
bpjkimtqtz.mp4,0.868605375289917
bpjtvwbzjn.mp4,0.9071377515792847
bpjvxxvxvn.mp4,0.6008713841438293
bpkklvxqfc.mp4,0.5512638092041016
bpkpvrqduq.mp4,0.059919096529483795
bpkqpbfzkt.mp4,0.8545478582382202
bplwjxrjfx.mp4,0.9049250483512878
bpnexhvqmc.mp4,0.9154654741287231
bpoekpidxd.mp4,0.1296711415052414
bpofwnsxhr.mp4,0.721148669719696
bpoteqryto.mp4,0.9167923927307129
bpphufmsrn.mp4,0.973861038684845
bpppnleeud.mp4,0.8397934436798096
bpppzfcuuw.mp4,0.9294793009757996
bppvnnfsbu.mp4,0.9533799886703491
bpqkdefbia.mp4,0.05092485621571541
bpqnqpdrvq.mp4,0.8307210803031921
bpqxgmtxli.mp4,0.9718111157417297
bprcupujiv.mp4,0.8584012985229492
bprmtindge.mp4,0.5577888488769531
bpsjqgpszt.mp4,0.8129913210868835
bpsofjvwqw.mp4,0.16322101652622223
bpsqrrutff.mp4,0.9133910536766052
bptdwbwqtp.mp4,0.9826037883758545
bptgdgggmw.mp4,0.755466639995575
bpuaoihwyh.mp4,0.9377874732017517
bpunvjnbxu.mp4,0.9260736703872681
bpurhuhrkx.mp4,0.7670192122459412
bpvimgtvqr.mp4,0.047898609191179276
bpvjdhkspw.mp4,0.8711534142494202
bpwlxljeqi.mp4,0.923061192035675
bpxnubsfkp.mp4,0.979803740978241
bpxsrwrgvo.mp4,0.10657348483800888
bpxxmxuvuy.mp4,0.22316427528858185
bpxymugmnd.mp4,0.9859821796417236
bpyjsrjcro.mp4,0.1129048764705658
bpylmgxfqt.mp4,0.6586278080940247
bpzskkbywi.mp4,0.9574638605117798
bqaazokwgn.mp4,0.8259650468826294
bqctsjyrnn.mp4,0.9081434607505798
bqcwckuzax.mp4,0.9564246535301208
bqdatpidkt.mp4,0.4196622967720032
bqdgeuxypv.mp4,0.4385215938091278
bqexsfjguv.mp4,0.9123985171318054
bqfuqvtgux.mp4,0.37329384684562683
bqgtmfagak.mp4,0.8192676305770874
bqhcjuivwg.mp4,0.5716461539268494
bqhnwhikid.mp4,0.4513707756996155
bqhuqxrncx.mp4,0.8600953221321106
bqhzazlywa.mp4,0.7233867049217224
bqipgqbxuu.mp4,0.8730428218841553
bqjhlweyyl.mp4,0.9085591435432434
bqjmnairer.mp4,0.904017448425293
bqkcbecxvc.mp4,0.4413449466228485
bqkmlqpaqw.mp4,0.8240997791290283
bqlbvmpxqe.mp4,0.9108098745346069
bqmanbtedb.mp4,0.931081235408783
bqmdjsdegp.mp4,0.22027389705181122
bqmqwdsrsk.mp4,0.9752787947654724
bqnkjutgfo.mp4,0.9801567196846008
bqnrrwlhoa.mp4,0.8756141662597656
bqnwpojdfk.mp4,0.9448935389518738
bqokvgyvbc.mp4,0.8341249227523804
bqouowbtrc.mp4,0.8906693458557129
bqouzypnln.mp4,0.7635459303855896
bqpueovmwa.mp4,0.4431874752044678
bqpwmmesgq.mp4,0.03213975951075554
bqqmwptktz.mp4,0.8034073114395142
bqraxecmjq.mp4,0.9247312545776367
bqrmazghsj.mp4,0.9076409935951233
bqstyqrqpk.mp4,0.9546789526939392
bqtterqjyn.mp4,0.9661404490470886
bqtwvmatah.mp4,0.8837478160858154
bqtxylbmhe.mp4,0.9108825325965881
bquixjwgjq.mp4,0.9009013772010803
bquybimorp.mp4,0.2802762985229492
bqwwkjlmgv.mp4,0.9171973466873169
bqxxjdrlhv.mp4,0.9381052851676941
bqyckibuee.mp4,0.9233577251434326
bqydwaxekh.mp4,0.6377404928207397
bqylqctsxk.mp4,0.5503743886947632
bqyybmnxmk.mp4,0.9633765816688538
bqzqcnytto.mp4,0.7337503433227539
braakxlqhr.mp4,0.4356175661087036
brabohxhes.mp4,0.7127070426940918
brakjxmeoy.mp4,0.8825089931488037
brbajvtovp.mp4,0.9894694089889526
brbjuopcko.mp4,0.9084455370903015
brbkdjhodw.mp4,0.915823221206665
brdgxmzyer.mp4,0.9377556443214417
brdtgbokzj.mp4,0.6369578242301941
brdymbhmhn.mp4,0.96918123960495
bredrtjqhi.mp4,0.9202233552932739
brejilxlpx.mp4,0.12508322298526764
brfhgnvpvu.mp4,0.8747923970222473
brfisiknjr.mp4,0.8197351694107056
brfwaxtfov.mp4,0.8691062331199646
brgnsmjnde.mp4,0.83995121717453
brirqrndwc.mp4,0.0447709783911705
briujhlomc.mp4,0.1900452971458435
briushizfu.mp4,0.8946093916893005
brjeffhbzl.mp4,0.9406054019927979
brjvozjthm.mp4,0.8438578248023987
brlbfrwlxc.mp4,0.9262123703956604
brljbkqojj.mp4,0.8941512107849121
brlkkskcpw.mp4,0.7589792013168335
brnmynbswu.mp4,0.8296446800231934
brnrjjaoax.mp4,0.8316971063613892
brnucgxfmt.mp4,0.9455727934837341
brokmubtek.mp4,0.9421008229255676
brpegrpuhx.mp4,0.898131251335144
brpeicyhrl.mp4,0.7589973211288452
brpgchpere.mp4,0.9493991136550903
brpyycqyiw.mp4,0.7396166324615479
brqefywkfn.mp4,0.9295980334281921
brqmvsxeaz.mp4,0.08645787835121155
brqqhvmbiv.mp4,0.08983210474252701
brsjbddase.mp4,0.9810940623283386
brthpcihdg.mp4,0.8873745203018188
brukfvnunx.mp4,0.5803688168525696
bruuugwvqy.mp4,0.7906159162521362
brvjlapnpa.mp4,0.7785335779190063
brvnvecdnm.mp4,0.18785741925239563
brvsnraikz.mp4,0.9017398357391357
brxjwopuzg.mp4,0.9594318866729736
brxnhacofm.mp4,0.9548301100730896
brxswajyjy.mp4,0.8875991106033325
brxuxcgifd.mp4,0.9376075863838196
bryusijbzk.mp4,0.9716078042984009
brzhadgdbo.mp4,0.9748353362083435
bsairngrxq.mp4,0.8357290625572205
bsalymlxbf.mp4,0.9131316542625427
bsaxncmxzz.mp4,0.8403040170669556
bsbnaftjxd.mp4,0.8949195742607117
bsbpkuphfu.mp4,0.46983057260513306
bsbpxvkcxj.mp4,0.900760293006897
bsbztddlfe.mp4,0.07550806552171707
bsckuhakfc.mp4,0.8437175154685974
bsdhxityss.mp4,0.8063123226165771
bsdxszzuoz.mp4,0.6399105191230774
bsdyjymwcg.mp4,0.8953889012336731
bsedzrojkw.mp4,0.63275146484375
bsevwuoabp.mp4,0.9202824234962463
bsfylnbgww.mp4,0.9021599888801575
bshbncamhk.mp4,0.8769648671150208
bshezooygm.mp4,0.9199033379554749
bsjucwhlrj.mp4,0.20044192671775818
bskpyfkxpt.mp4,0.9450719356536865
bskwbhoenl.mp4,0.13011428713798523
bslhiabmve.mp4,0.8868116140365601
bslqxmastf.mp4,0.8969805836677551
bslvoeizbx.mp4,0.6866267323493958
bsmnmuyakc.mp4,0.9128878712654114
bsnkefbpyl.mp4,0.9403474926948547
bsnsresrqj.mp4,0.0960930585861206
bsnweoiova.mp4,0.9765011072158813
bsovvblcxg.mp4,0.1127922311425209
bsplcozagn.mp4,0.8915392756462097
bsprlfyyyc.mp4,0.35665902495384216
bspwelmoiu.mp4,0.9211432337760925
bsqvhrfnry.mp4,0.7268475294113159
bsrwincazk.mp4,0.9531834125518799
bssfqydpps.mp4,0.07041031867265701
bsshkhbuzf.mp4,0.9004198908805847
bsspfyrpnw.mp4,0.8948574662208557
bstetrqars.mp4,0.8290266990661621
bstrajsndp.mp4,0.569888174533844
bsttzosatq.mp4,0.890877366065979
bsujqrtvla.mp4,0.8270846605300903
bsutyosbsx.mp4,0.11173423379659653
bsvmqlmucm.mp4,0.9281619191169739
bsvwcilhko.mp4,0.8545100092887878
bswcgixolx.mp4,0.11912409961223602
bswmxwhjml.mp4,0.920939564704895
bsxewdhhaf.mp4,0.9498873353004456
bsxikakpoo.mp4,0.9571586847305298
bsxpgkrxim.mp4,0.10691273957490921
bsybhvudsq.mp4,0.7348116040229797
bsyeupjlxh.mp4,0.894469141960144
bszswtwrra.mp4,0.29447832703590393
bszzvytfvr.mp4,0.09888167679309845
btaidzkrks.mp4,0.9280527830123901
btanrlpgrm.mp4,0.8424509167671204
btaxjrlnmj.mp4,0.3931960165500641
btayrbgjxm.mp4,0.9220508337020874
btbagxtphm.mp4,0.12173017114400864
btbvjzjlqz.mp4,0.9051022529602051
btcaqtjdjz.mp4,0.8255181908607483
btclqnwhrs.mp4,0.7798928022384644
btcuttrcxi.mp4,0.06454602628946304
btdlkmhtfz.mp4,0.8723899126052856
btggyjectf.mp4,0.9565438032150269
btglxmjpxn.mp4,0.9216285347938538
btgxrrldio.mp4,0.05887388437986374
btgxrvmrwy.mp4,0.9352722764015198
bthkrdubbz.mp4,0.9706907272338867
btinmklnyn.mp4,0.9120357036590576
btirbpdxwb.mp4,0.9607820510864258
btiwatmwqq.mp4,0.8147083520889282
btiznanugc.mp4,0.927354633808136
btknugoagq.mp4,0.8949286341667175
btkqjzxhbk.mp4,0.9151618480682373
btlfyxivqz.mp4,0.9450132846832275
btlqqvfuck.mp4,0.1997520923614502
btlxobdodr.mp4,0.7724775075912476
btmhnidnpq.mp4,0.9211660027503967
btmwchvxxo.mp4,0.820986807346344
btmztqmmgb.mp4,0.4907193183898926
btnbabtddl.mp4,0.7905442714691162
btnolnefoi.mp4,0.1547154188156128
btnrjiboxc.mp4,0.9151190519332886
btootkmwxu.mp4,0.9359782338142395
btpaxvxwid.mp4,0.037678804248571396
btpsqnldul.mp4,0.8720704317092896
btqgwrjgwn.mp4,0.9428972005844116
btqktbhalb.mp4,0.4810216724872589
btqqucipfc.mp4,0.6202883720397949
btrnnpruie.mp4,0.8556631207466125
btrtwbssow.mp4,0.424389123916626
btrzghvcoy.mp4,0.8261286616325378
btsrawjyyo.mp4,0.7015560269355774
bttjrhkjec.mp4,0.9797671437263489
bturisblmo.mp4,0.9540019035339355
btvfmagwff.mp4,0.9833157658576965
btvmjiulnh.mp4,0.9065630435943604
btvxpbzdth.mp4,0.11473292857408524
btweniisjp.mp4,0.9080254435539246
btxgjsonxg.mp4,0.03771344572305679
btxjufhiaz.mp4,0.7464593052864075
btxusvfopn.mp4,0.9180582165718079
btyfnqjhhm.mp4,0.9450768232345581
btypbhkzns.mp4,0.8755521178245544
btyqcbvpmp.mp4,0.7766682505607605
btzdobfdib.mp4,0.9081467390060425
btznklglil.mp4,0.8575389981269836
btzqiokysa.mp4,0.3069358468055725
btzrnskuas.mp4,0.9007033109664917
btzxsegllg.mp4,0.8811003565788269
buadafzmbv.mp4,0.17651410400867462
bubbmjnmge.mp4,0.935535728931427
bubkdbpjze.mp4,0.9118911027908325
buctvoahji.mp4,0.37877243757247925
budaogjsut.mp4,0.9260221719741821
buejhiahpy.mp4,0.8097406029701233
buellpgdem.mp4,0.9496126770973206
buemqdmdwu.mp4,0.8474364280700684
buetnnfjqk.mp4,0.37792736291885376
buezutuhse.mp4,0.7605242729187012
bufechrihn.mp4,0.2074320763349533
bufrlvvuuu.mp4,0.15358684957027435
bufwbibdil.mp4,0.9096639156341553
bufwdtjsqq.mp4,0.5003432035446167
bugaupvytx.mp4,0.9026360511779785
bugymqgirs.mp4,0.9000946283340454
buhcfgpuyk.mp4,0.903799295425415
buhiqfnqdw.mp4,0.6752617955207825
buhshnytys.mp4,0.2614654004573822
bujfwowzml.mp4,0.9114745855331421
bujurekuaj.mp4,0.8737872838973999
bukdnrigys.mp4,0.8888020515441895
bukegrztbb.mp4,0.8882068991661072
bukrebcogf.mp4,0.9418686628341675
bukujzbexf.mp4,0.21078833937644958
bulmuhdpit.mp4,0.9152881503105164
bumzkmncht.mp4,0.9345277547836304
bunqceeubj.mp4,0.8864637017250061
bunqneptba.mp4,0.13978436589241028
buopqdpctq.mp4,0.14328768849372864
buottofqbp.mp4,0.9680529832839966
buovtlnzaz.mp4,0.377823144197464
buphywxmpz.mp4,0.8576081395149231
buqfbklybo.mp4,0.8179572224617004
busedsjyyy.mp4,0.8996766805648804
butcbdayfp.mp4,0.2266990691423416
buttwssduj.mp4,0.8278620839118958
buuxmgfpny.mp4,0.8852876424789429
buvqtyoodn.mp4,0.8821494579315186
buxmjdnowq.mp4,0.9510053992271423
buyniyufbw.mp4,0.885170042514801
buywrbgfqy.mp4,0.05985243618488312
buzqmuifod.mp4,0.7589713931083679
buzzvnnfkp.mp4,0.8648208379745483
bvaajzstgj.mp4,0.47383224964141846
bvagqyahki.mp4,0.7655206918716431
bvavrwigvx.mp4,0.8934521675109863
bvayvrdpvp.mp4,0.9838876724243164
bvazvhiwji.mp4,0.8981332778930664
bvbekshaej.mp4,0.8299267888069153
bvbgrnnbsi.mp4,0.09873731434345245
bvbkmfvscw.mp4,0.9838302731513977
bvbnqnfmed.mp4,0.2108970284461975
bvbrngubgv.mp4,0.9131883382797241
bvbxaenure.mp4,0.8482927083969116
bvcgjefely.mp4,0.9106576442718506
bvchleajgn.mp4,0.978961706161499
bvdkuotfnw.mp4,0.914293646812439
bvdncdyxls.mp4,0.9171301126480103
bvdtoxlnzp.mp4,0.9122976660728455
bvejtrjahj.mp4,0.9069290161132812
bvfivlvvho.mp4,0.8832863569259644
bvfiynbqar.mp4,0.12000683695077896
bvflkesiug.mp4,0.18013164401054382
bvfxnmejnh.mp4,0.9007387161254883
bvhmwphflz.mp4,0.20710544288158417
bvhqmyzqow.mp4,0.8819117546081543
bvhtcinegi.mp4,0.9007687568664551
bvibhzfhla.mp4,0.9636654257774353
bvigkozalf.mp4,0.9456651210784912
bvimbeuchl.mp4,0.9000123739242554
bvixqdtskk.mp4,0.8262481689453125
bviychitvv.mp4,0.8067799210548401
bvjdckijtv.mp4,0.4372691512107849
bvjdrocsro.mp4,0.6464604139328003
bvjribybbl.mp4,0.9156452417373657
bvkfgeyaif.mp4,0.8757930397987366
bvlehtmqzn.mp4,0.5908679962158203
bvoxyumctv.mp4,0.9521403908729553
bvpqatdnyb.mp4,0.9555975794792175
bvqhfltctv.mp4,0.8878291845321655
bvqogultwl.mp4,0.6984320878982544
bvquaufoey.mp4,0.973509669303894
bvqvuhzzrq.mp4,0.833289384841919
bvrgsnsqql.mp4,0.7251527905464172
bvrhroydzw.mp4,0.7924607396125793
bvstgibbuo.mp4,0.8173068165779114
bvszoquzra.mp4,0.3425871431827545
bvszwamatk.mp4,0.8483323454856873
bvtdgrscfl.mp4,0.8246010541915894
bvtltnsjdy.mp4,0.9304146766662598
bvtscpmrlo.mp4,0.8646835088729858
bvujlvvord.mp4,0.6168326735496521
bvvbtgcwxk.mp4,0.9600760340690613
bvvlsicddb.mp4,0.9540452361106873
bvvtplzwnt.mp4,0.46693870425224304
bvwsprcjha.mp4,0.34343674778938293
bvxgwnzdtg.mp4,0.8526323437690735
bvxtphxeku.mp4,0.9519789814949036
bvylomlyys.mp4,0.9016695618629456
bvyvzmnjwd.mp4,0.1883234679698944
bwabxrljfa.mp4,0.8859580159187317
bwaeskbdin.mp4,0.9391283392906189
bwagweehvu.mp4,0.9543427228927612
bwahtlquns.mp4,0.5366686582565308
bwaorjqqwn.mp4,0.7750263810157776
bwdcagaquo.mp4,0.9164953827857971
bwditoozfz.mp4,0.8497921228408813
bwedvpmotz.mp4,0.040530651807785034
bweqhxlrrm.mp4,0.7263656258583069
bwetgseinq.mp4,0.955970823764801
bwetzcoeor.mp4,0.6944848895072937
bwflusfvxg.mp4,0.9519838094711304
bwfulxdqjx.mp4,0.977687418460846
bwgsdyeptx.mp4,0.9280627965927124
bwhdmdqwba.mp4,0.7661173343658447
bwhxpexqsw.mp4,0.8379655480384827
bwibhtuldm.mp4,0.19339509308338165
bwitpcpzcd.mp4,0.6057044267654419
bwjzwayrkk.mp4,0.5244059562683105
bwkjzpzamn.mp4,0.817496120929718
bwkvqzypli.mp4,0.3281107544898987
bwlffzgmgp.mp4,0.9086954593658447
bwlrxzhaew.mp4,0.9053129553794861
bwmbbmtsfi.mp4,0.9288027882575989
bwmqlgmzln.mp4,0.10607841610908508
bwnugdtpui.mp4,0.9001549482345581
bwocxfcknz.mp4,0.689579427242279
bwopxuzykt.mp4,0.05846870318055153
bwpuxeqbso.mp4,0.9447330832481384
bwqbndignx.mp4,0.8984906673431396
bwqfjaxyjb.mp4,0.7564454674720764
bwqfwesgqk.mp4,0.9006549119949341
bwrdkiirsu.mp4,0.9403731822967529
bwrvwiwdbd.mp4,0.9198594689369202
bwsekuehyo.mp4,0.9311988949775696
bwsfcdhbiw.mp4,0.9819921851158142
bwshqkblkm.mp4,0.9633681774139404
bwtgujxyhs.mp4,0.9414983987808228
bwtuvbsgfa.mp4,0.6822651028633118
bwtywzusnc.mp4,0.9039523005485535
bwuqunogsd.mp4,0.8780620694160461
bwuvkociif.mp4,0.9213663339614868
bwvzxzumop.mp4,0.9439462423324585
bwwcmftycf.mp4,0.8749043345451355
bwwdvjtzzp.mp4,0.711596667766571
bwwxahlxhr.mp4,0.8597971796989441
bwwxcxbqlq.mp4,0.8303743600845337
bwwynencjv.mp4,0.9431524276733398
bwxcxqmuyo.mp4,0.39296194911003113
bwxfakgakt.mp4,0.8519721627235413
bwxkyqwwcb.mp4,0.8337046504020691
bwxpsmsefj.mp4,0.886064350605011
bwxwlgbkal.mp4,0.6869311928749084
bwxwuttmul.mp4,0.848730742931366
bwxxgqzihu.mp4,0.9284563660621643
bwykciwlwm.mp4,0.5892747640609741
bwyvrcczte.mp4,0.8450451493263245
bwywgggeen.mp4,0.4577350914478302
bwywukcbwc.mp4,0.07380285114049911
bxajwykzqi.mp4,0.9296063184738159
bxbfpzbkwl.mp4,0.9159331917762756
bxcmqokvfk.mp4,0.9063719511032104
bxctqseswc.mp4,0.7348657250404358
bxdyjejzht.mp4,0.9021211862564087
bxefyimnqr.mp4,0.6921548843383789
bxeprijnls.mp4,0.8973462581634521
bxeyjgwycq.mp4,0.9215198755264282
bxfnvvwjvc.mp4,0.7873178720474243
bxfwiuvafo.mp4,0.8168641924858093
bxgesmkqrs.mp4,0.8289779424667358
bxgxbipxxu.mp4,0.6375976204872131
bxhyaulwtg.mp4,0.030296510085463524
bxjwspywsy.mp4,0.8594281673431396
bxkalrcdyx.mp4,0.6803632378578186
bxldffbnsq.mp4,0.8795781135559082
bxlhwmsfmt.mp4,0.9046007990837097
bxnwhbnjnp.mp4,0.9624509215354919
bxnzbjlgsx.mp4,0.9368439316749573
bxoerjwing.mp4,0.5363935828208923
bxoqjcxxtk.mp4,0.7048525214195251
bxqercyauk.mp4,0.8869408369064331
bxqgvzamnx.mp4,0.07006970793008804
bxqwzqvtym.mp4,0.5202411413192749
bxrpqqvpfk.mp4,0.679182767868042
bxsdnqizii.mp4,0.15860839188098907
bxswfhqcbc.mp4,0.3039167523384094
bxswpxalxm.mp4,0.8766669631004333
bxtayevhbw.mp4,0.9717176556587219
bxujrixvnt.mp4,0.8324028849601746
bxxovxktqn.mp4,0.8881402611732483
bxxucoyrxf.mp4,0.9610905051231384
bxzsqcfbjs.mp4,0.9809040427207947
bxzzmbhwiu.mp4,0.7414876222610474
byajlgbxeb.mp4,0.9594330191612244
byavookkdu.mp4,0.6967881917953491
bybazuaxcd.mp4,0.9300843477249146
bybudefjsm.mp4,0.9545880556106567
bycahicdry.mp4,0.9096769690513611
bycyalhlxv.mp4,0.9497223496437073
byeisklyzt.mp4,0.9793480038642883
byfappkcff.mp4,0.961134135723114
byfdhsjrkt.mp4,0.7890068888664246
bygbpfunju.mp4,0.1373862773180008
bygcjtxpzt.mp4,0.7772029042243958
bygliesdxg.mp4,0.9199126362800598
bygmwmgzne.mp4,0.9577544927597046
byhcnbxbhc.mp4,0.7749539017677307
byhfdzwppd.mp4,0.9607413411140442
byhnpxstqf.mp4,0.9515966176986694
byiminimdm.mp4,0.750787615776062
byivdbmffg.mp4,0.8259058594703674
byjoihgsaq.mp4,0.5292778611183167
byjuufxrwl.mp4,0.9507585763931274
bykbyvzxog.mp4,0.20574437081813812
bykjvweucb.mp4,0.7858238220214844
byldztfret.mp4,0.25570598244667053
bylkmqbkkz.mp4,0.8088135123252869
bylpobinsn.mp4,0.9053219556808472
bymdnvzzvf.mp4,0.051004014909267426
bymiurlofm.mp4,0.7365081906318665
bynjfympwi.mp4,0.6282656192779541
bynwaqcgnj.mp4,0.8718917369842529
bynyqmbonf.mp4,0.9207330942153931
byocokuicb.mp4,0.9586436152458191
byorayoofg.mp4,0.9349142909049988
bypnfnyrcl.mp4,0.9139092564582825
byqvbitrlo.mp4,0.8305902481079102
byrbgeowil.mp4,0.856657087802887
byrclwttja.mp4,0.9416792392730713
byrjdpnkhz.mp4,0.06422620266675949
bytiwsyfjr.mp4,0.8994216918945312
bytzlcfmqy.mp4,0.8728672862052917
byusjuglvw.mp4,0.5488430857658386
byuzgbyyrs.mp4,0.034114569425582886
byvgilzydb.mp4,0.8912497758865356
byvglwkkoc.mp4,0.9336382150650024
byvnucyqov.mp4,0.9211385250091553
byvsfehvwc.mp4,0.7682293653488159
bywkfvypwj.mp4,0.9145808815956116
bywkznbyha.mp4,0.6408950686454773
byxasxlnqy.mp4,0.9402520060539246
byxbsuazip.mp4,0.6343786120414734
byxgtvarwn.mp4,0.6249204277992249
byxkpgcpzq.mp4,0.9372704029083252
byxuznmdfc.mp4,0.9268012642860413
byzdqbsjhs.mp4,0.945867121219635
byzhqvspaz.mp4,0.10831474512815475
byzqulbpmw.mp4,0.952772855758667
byzsrsnsva.mp4,0.8918833136558533
bzadvtcrbc.mp4,0.4653136134147644
bzagvgsgrf.mp4,0.45711928606033325
bzaqomdlim.mp4,0.637506902217865
bzbmbnulzr.mp4,0.4471080005168915
bzbmowfkgs.mp4,0.9423543214797974
bzbtqgbrdl.mp4,0.9144577980041504
bzbvxuhvmj.mp4,0.898784875869751
bzbvyrxzki.mp4,0.9050796031951904
bzcllqzvps.mp4,0.9206017255783081
bzcuildyyg.mp4,0.9687931537628174
bzcytcuhwh.mp4,0.9031445980072021
bzdhpjxqbp.mp4,0.8999630808830261
bzdywpajvr.mp4,0.1774645298719406
bzenjqbqag.mp4,0.7755326628684998
bzexfqueet.mp4,0.8609775900840759
bzfwuhytjx.mp4,0.0532800555229187
bzgbexteux.mp4,0.8972306847572327
bzhchxiwlf.mp4,0.9637307524681091
bzhxqsgtyb.mp4,0.9441782236099243
bzifuhigbw.mp4,0.9558891654014587
bziiryxwqb.mp4,0.953382134437561
bzizbjayot.mp4,0.9172613024711609
bzkcxleaos.mp4,0.15236856043338776
bzkgdqauwi.mp4,0.9135667085647583
bzktkihnst.mp4,0.9395051002502441
bzkwftgenj.mp4,0.06596072018146515
bzkyhbjpbz.mp4,0.04001866653561592
bzmkdtmpch.mp4,0.8555194735527039
bzmucsxecs.mp4,0.5441877245903015
bznqlkvooi.mp4,0.8959878087043762
bznvpsqshz.mp4,0.08507509529590607
bzobkqewtt.mp4,0.9461944103240967
bzohuudija.mp4,0.7886845469474792
bzonnzpmxa.mp4,0.9158537983894348
bzpakhiczx.mp4,0.9478470087051392
bzprpvomfu.mp4,0.9403563737869263
bzpyicwhcr.mp4,0.5841847658157349
bzqfrfmgzb.mp4,0.4771287441253662
bzqkplrsnt.mp4,0.917661726474762
bzqsqecznf.mp4,0.9080880284309387
bzriviqbdr.mp4,0.9448621869087219
bzsdvoxjzz.mp4,0.9779769778251648
bzsnkjzneg.mp4,0.8840356469154358
bzswtcvvak.mp4,0.14927971363067627
bzsxxqcyny.mp4,0.9178193807601929
bztufjtujr.mp4,0.9285532832145691
bzvkhvjaeo.mp4,0.9508310556411743
bzvlmeobfl.mp4,0.06305346637964249
bzwicfdrmu.mp4,0.2776455283164978
bzxefrmihn.mp4,0.9169762134552002
bzxgrvhkiz.mp4,0.8901493549346924
bzymycufbd.mp4,0.9044479131698608
bzypdvmjsf.mp4,0.8861503601074219
bzzovdtlpc.mp4,0.8619310855865479
bzzvxykyza.mp4,0.5757935047149658
caanukzrlh.mp4,0.7688636779785156
cabhgzgpba.mp4,0.08551684021949768
cabjaiwamo.mp4,0.8679018020629883
cabuhwkols.mp4,0.9190654754638672
cacaalogqa.mp4,0.7928830981254578
cacdswmrdp.mp4,0.17007583379745483
cadunqdqla.mp4,0.807988703250885
caehfiqwkj.mp4,0.5176715850830078
caeyzwnpor.mp4,0.9098131656646729
cafsyijwpm.mp4,0.9465855956077576
cagoqwiopu.mp4,0.9472323060035706
cagtrwvmbf.mp4,0.8244293332099915
cahbpophdl.mp4,0.6226977705955505
cahxxqxnto.mp4,0.9534712433815002
caiawngylm.mp4,0.8567326068878174
caikegrhfs.mp4,0.058045096695423126
caiunsnquf.mp4,0.8702805042266846
cajtodmmwx.mp4,0.9570639729499817
cajxctvlfj.mp4,0.5654014348983765
calgsvuncg.mp4,0.7155345678329468
calnloxfdm.mp4,0.8978833556175232
calqcklglq.mp4,0.9478713274002075
calwihtnjm.mp4,0.8472110033035278
cambmhacur.mp4,0.9714704751968384
camjjcxnhk.mp4,0.9315295219421387
canjrymigo.mp4,0.9670102596282959
canptnddwm.mp4,0.8615862727165222
caohlfazlx.mp4,0.2132807970046997
caperzzilq.mp4,0.7026333212852478
caphzofvrj.mp4,0.1873769760131836
caplninunw.mp4,0.31221112608909607
caqderfjql.mp4,0.883240282535553
caqrutmoif.mp4,0.16045106947422028
caqwaugebu.mp4,0.9477075934410095
carqvcydoc.mp4,0.9782081842422485
carvrcfwwu.mp4,0.9567129015922546
catdhymrfz.mp4,0.13830573856830597
cathvygbkb.mp4,0.7814108729362488
catwfsejfc.mp4,0.9246677756309509
cauthxezhw.mp4,0.8582741618156433
cavvofhzgz.mp4,0.8588910698890686
caxdhwpyww.mp4,0.7274490594863892
caxsyphmru.mp4,0.863065779209137
caybvafaow.mp4,0.7677926421165466
caydsjdmfw.mp4,0.9878078699111938
caygzclxfm.mp4,0.6397225856781006
cayjarbgsx.mp4,0.9370830655097961
cayliwbhpq.mp4,0.4371151626110077
caypwrfwar.mp4,0.9148463010787964
cazhchqjke.mp4,0.8927010297775269
caznfplucs.mp4,0.06918565928936005
cbanufeqzb.mp4,0.9139075875282288
cbaubihobq.mp4,0.10923444479703903
cbbkxznyfe.mp4,0.9360441565513611
cbbmihedlz.mp4,0.16113488376140594
cbbugjbzwq.mp4,0.11799990385770798
cbcjilnpfa.mp4,0.909587562084198
cbcjuhdped.mp4,0.5868602395057678
cbdkwabria.mp4,0.9477017521858215
cbdnonogrk.mp4,0.11926663666963577
cbdquwkipe.mp4,0.15641158819198608
cbdsqeqqgw.mp4,0.9785795211791992
cbebeaznzy.mp4,0.08150501549243927
cbergyymhr.mp4,0.8681120276451111
cbezijagez.mp4,0.5471556186676025
cbffzyuzmb.mp4,0.1065894290804863
cbfvkzmyus.mp4,0.9742327332496643
cbgcrtddef.mp4,0.8052501678466797
cbhqylgtxg.mp4,0.9333617687225342
cbieewabwp.mp4,0.914020299911499
cbiqnvszuw.mp4,0.9011716246604919
cbjztcfamt.mp4,0.2885887324810028
cbkaohrtkz.mp4,0.8656099438667297
cbkojiiyes.mp4,0.7851943373680115
cbkpffismt.mp4,0.9433478713035583
cbkuuhtttt.mp4,0.8721344470977783
cblcntsvln.mp4,0.2849026620388031
cblquvzvyl.mp4,0.9551417827606201
cbntmghmkn.mp4,0.9251374006271362
cboefaupik.mp4,0.8631361126899719
cborltcwhi.mp4,0.9886823296546936
cboztpdgxt.mp4,0.10713114589452744
cbpjvmtmzx.mp4,0.5384184122085571
cbqdpfnktj.mp4,0.057835087180137634
cbqfgqronr.mp4,0.8788000345230103
cbqteothjv.mp4,0.9872622489929199
cbrlmpovtt.mp4,0.9746600985527039
cbsefmnkpy.mp4,0.032308515161275864
cbsskjhefa.mp4,0.8686702251434326
cbtgceekxe.mp4,0.05118533968925476
cbueuqdcth.mp4,0.3421890139579773
cbvqvlydjm.mp4,0.9885337352752686
cbwsdexwwm.mp4,0.9850988388061523
cbxlwnkrpz.mp4,0.8671908378601074
cbxphbzrvy.mp4,0.7250523567199707
cbxtulzkxr.mp4,0.4339524805545807
cbxvvgybsy.mp4,0.9194632172584534
cbxyzwaoal.mp4,0.9241697192192078
cbzdfewrhy.mp4,0.8961137533187866
ccafjjfqid.mp4,0.050069477409124374
ccaihvldle.mp4,0.5449373126029968
ccakgpvupa.mp4,0.7020187973976135
ccbnlgdfjs.mp4,0.874914288520813
ccboyxnmtw.mp4,0.9450443983078003
ccbsknxdyc.mp4,0.9161650538444519
cccdhhehej.mp4,0.9865803718566895
cccwbhcnwe.mp4,0.13737021386623383
ccdgiezfdv.mp4,0.5484763979911804
ccdhupjnbm.mp4,0.8747884631156921
ccdidtvycw.mp4,0.9450830221176147
ccdlnpaaki.mp4,0.6168950796127319
ccdpnwqbal.mp4,0.7766073346138
ccdpvedhkd.mp4,0.7997642755508423
ccdxkfjwdc.mp4,0.9652739763259888
cceqjxezdw.mp4,0.9548928737640381
ccesiweode.mp4,0.8963372707366943
ccevbixrwu.mp4,0.11907582730054855
ccfhogoqpm.mp4,0.9189732074737549
ccfloicpbc.mp4,0.970302164554596
ccftfhdfnn.mp4,0.5515402555465698
ccfvwveyfl.mp4,0.8960311412811279
ccfyxpgstu.mp4,0.9151930212974548
ccgbzvaicj.mp4,0.08198419213294983
ccggjgnzws.mp4,0.9770650863647461
ccggqzuotg.mp4,0.9019529223442078
cchbkkgxts.mp4,0.3717304766178131
cchfwuzqmn.mp4,0.9396432638168335
cchjuvkwhi.mp4,0.44185811281204224
cciabaezvr.mp4,0.9394661784172058
ccihgtfigm.mp4,0.3415943682193756
ccipcmxaef.mp4,0.5
ccjbwowrzr.mp4,0.9309961199760437
ccjdqupbqr.mp4,0.2370413839817047
ccjrrkbxjg.mp4,0.48617124557495117
ccjwpkwdtx.mp4,0.9070882201194763
cckzuzizjm.mp4,0.8960273265838623
cclusswnlb.mp4,0.6480637788772583
ccmpbioauu.mp4,0.33205801248550415
ccnmwmmoaq.mp4,0.16525059938430786
ccpnakarci.mp4,0.6539475917816162
ccpwkvdjir.mp4,0.05402946099638939
ccpxfwqifj.mp4,0.19216212630271912
ccpzqqemva.mp4,0.9468693733215332
ccqspukmcr.mp4,0.8718361854553223
ccqvrbikis.mp4,0.08818267285823822
ccrtvyylwu.mp4,0.830502986907959
ccsohxdeyz.mp4,0.8235920071601868
cctpcnsfka.mp4,0.3556329309940338
ccufwwpkrc.mp4,0.682234525680542
ccuptgcaex.mp4,0.9747675657272339
ccvgsjbwmz.mp4,0.7949342727661133
ccxqrysmxj.mp4,0.801906168460846
ccxtpaqpsc.mp4,0.7359070777893066
ccyphmrxrf.mp4,0.8422993421554565
ccyykriupf.mp4,0.8930906057357788
ccyymgragw.mp4,0.9082233309745789
ccyywzfvii.mp4,0.05995520204305649
cczexzhuou.mp4,0.7154995799064636
ccziopimrm.mp4,0.9593058228492737
cczirkefmi.mp4,0.11242631822824478
cczxmsfutp.mp4,0.9336463809013367
cdadymfdql.mp4,0.9453465342521667
cdbjpehdnv.mp4,0.9127525091171265
cddckmwrdc.mp4,0.9259939193725586
cddghncyfn.mp4,0.9256944060325623
cddqkogvva.mp4,0.5388022065162659
cddykxfiii.mp4,0.9244407415390015
cdeesuuuqz.mp4,0.13272638618946075
cdelzdhqpc.mp4,0.9328287243843079
cdenhadzhi.mp4,0.8458592295646667
cdffygfgcz.mp4,0.06136784702539444
cdfvyezjis.mp4,0.9743130803108215
cdgsptpqet.mp4,0.11017080396413803
cdgulhthen.mp4,0.881471574306488
cdhdwtdbpe.mp4,0.0657259076833725
cdhiogrmhb.mp4,0.7649729251861572
cdhqahmfqo.mp4,0.06512358784675598
cdigrftghi.mp4,0.7559422850608826
cdjglvxapn.mp4,0.5607274174690247
cdjisxdgbq.mp4,0.8953813314437866
cdketmfmnm.mp4,0.12914380431175232
cdkniwszmf.mp4,0.18034663796424866
cdlusurrps.mp4,0.8880177140235901
cdnizjybej.mp4,0.9250383973121643
cdnookrehk.mp4,0.9515215158462524
cdnzwnhxle.mp4,0.7971218824386597
cdomdwytdp.mp4,0.9383829832077026
cdosaiyoln.mp4,0.8962855339050293
cdpnnebwfa.mp4,0.6098846197128296
cdrdflgopu.mp4,0.3893562853336334
cdrktlivps.mp4,0.5184589624404907
cdrxdvdxwt.mp4,0.0678526982665062
cdslfmsvir.mp4,0.9048130512237549
cdspzxitmn.mp4,0.7741755247116089
cdtvurrrzb.mp4,0.9257202744483948
cdubvdkuby.mp4,0.16001363098621368
cdubynoclz.mp4,0.306071400642395
cduovsffmz.mp4,0.8885473608970642
cdutdcaovc.mp4,0.6190412640571594
cduujihlvh.mp4,0.1354854851961136
cduxnbnejb.mp4,0.9220844507217407
cdwhtpnuia.mp4,0.026310335844755173
cdwtzresja.mp4,0.9262295961380005
cdxktalois.mp4,0.9377478957176208
cdxowomrhk.mp4,0.17466753721237183
cdxxenjwam.mp4,0.0453018993139267
cdyoiiuszk.mp4,0.9619070887565613
cdyxbkszli.mp4,0.8596745133399963
cdzjzjavcc.mp4,0.8272964954376221
cdzxeitqld.mp4,0.9899976253509521
ceajctiezl.mp4,0.9285560846328735
cebbgoldtx.mp4,0.8388304114341736
cebpfewlbd.mp4,0.9059889316558838
cebtyutbtn.mp4,0.9507359862327576
cedilmtdmi.mp4,0.9150203466415405
cedlqcxazg.mp4,0.9604462385177612
cedneyiutj.mp4,0.9105799794197083
cedpyannqf.mp4,0.15465371310710907
cedpzscejx.mp4,0.5570544004440308
ceeggdnwek.mp4,0.9434713125228882
ceelmfvdxi.mp4,0.7444667220115662
ceeutxgbzd.mp4,0.9565140008926392
ceezfxqjrt.mp4,0.4959566593170166
ceffvfqkyb.mp4,0.9364057183265686
cefolmrrlx.mp4,0.12054222822189331
cefqtwwdir.mp4,0.9891706705093384
cegdayfefc.mp4,0.950785219669342
cehtpjzpes.mp4,0.6556100845336914
ceiaeqrsvl.mp4,0.8884179592132568
ceirhouonh.mp4,0.8127288818359375
cejcybcemu.mp4,0.9020094275474548
cejimtkdoq.mp4,0.0643540695309639
ceketlqsrm.mp4,0.7388561367988586
celpgkvgpb.mp4,0.9148572683334351
celyntkwbj.mp4,0.9078266620635986
cemickbskt.mp4,0.8882011771202087
cemkckfnfn.mp4,0.2737608850002289
cemtyyxdti.mp4,0.8680639266967773
cenmgmzjqp.mp4,0.9111081957817078
ceotvqfajr.mp4,0.8949829936027527
ceoyuhoxof.mp4,0.7768303155899048
cepqcoseaj.mp4,0.41720396280288696
cepsnuvlqu.mp4,0.9533922672271729
ceqmqgzewb.mp4,0.9010750651359558
cerwxjqsmv.mp4,0.8381509780883789
cesgmngaco.mp4,0.8843923211097717
cesiuumrwj.mp4,0.8710070252418518
cesyydepjw.mp4,0.8389243483543396
cetjuevdbj.mp4,0.9533033967018127
cetnkjijcl.mp4,0.9236969351768494
ceufzuzydq.mp4,0.960249662399292
ceuvcoplbs.mp4,0.681410014629364
cevrqoqrpm.mp4,0.9569445252418518
cewalfidka.mp4,0.46178069710731506
cewbjmqyic.mp4,0.9745835065841675
cexmizogbp.mp4,0.21263770759105682
ceyewzqnup.mp4,0.9158056974411011
ceyvswmikv.mp4,0.4810457229614258
cfaelcvldo.mp4,0.5839654207229614
cfcjjaembf.mp4,0.9333999156951904
cfcrgdvupt.mp4,0.940974771976471
cfdlyhelif.mp4,0.9541195631027222
cfeccumoiy.mp4,0.957710862159729
cfegjchptu.mp4,0.9818214774131775
cfepgwphfx.mp4,0.9527966976165771
cffobunthq.mp4,0.9790939688682556
cfgvdxxrwb.mp4,0.32847142219543457
cfhoqpdzqb.mp4,0.8458861112594604
cfijmnlmjz.mp4,0.5794344544410706
cfiwjsjltu.mp4,0.28061866760253906
cfjfplnbrd.mp4,0.8647252321243286
cfjfyptzwn.mp4,0.9498423337936401
cfjvctusjp.mp4,0.6577601432800293
cfkbnqpbpm.mp4,0.11651625484228134
cfkjxylprk.mp4,0.9264848232269287
cfkodaajhv.mp4,0.9454596042633057
cflajhyjwz.mp4,0.8934891819953918
cfmiliboth.mp4,0.9443321228027344
cfmjwmqgjd.mp4,0.9188385009765625
cfmnirsgxs.mp4,0.07825369387865067
cfmskgcrrm.mp4,0.9197549223899841
cfmxdisump.mp4,0.8573918342590332
cfmxhruvov.mp4,0.07621369510889053
cfnbltpvbr.mp4,0.9415997266769409
cfnlqhqhvp.mp4,0.9297075867652893
cfogjeundg.mp4,0.7782975435256958
cfozboeyaq.mp4,0.8507627248764038
cfpblexucf.mp4,0.9066729545593262
cfpwugwvjj.mp4,0.9573001265525818
cfqmnjcuwa.mp4,0.05878271907567978
cfqnmpqyrv.mp4,0.9665008783340454
cfrdfuunan.mp4,0.8947240710258484
cfryhrtbkr.mp4,0.9334930181503296
cfsdvzrckg.mp4,0.970464825630188
cfskcbujka.mp4,0.969577431678772
cftaeufnmp.mp4,0.9861097931861877
cftlnhvkjm.mp4,0.9108188152313232
cfuilgjref.mp4,0.10948646068572998
cfuwvsrylm.mp4,0.7909641861915588
cfvdlhypmw.mp4,0.8776795864105225
cfvdrawtgq.mp4,0.0802701860666275
cfwdlimdjk.mp4,0.8867506384849548
cfwjfzjdby.mp4,0.9704322814941406
cfwjpthcpu.mp4,0.9592617750167847
cfwsamzybv.mp4,0.9570409655570984
cfxypsulos.mp4,0.9116234183311462
cfzfhvyrsr.mp4,0.7248818874359131
cgakuqkotg.mp4,0.8632726073265076
cgaoujuasi.mp4,0.6411184072494507
cgauqjrqrb.mp4,0.07089796662330627
cgbcoyyuhn.mp4,0.9223225116729736
cgbfmokzmf.mp4,0.8573547005653381
cgbjtfbljp.mp4,0.8728757500648499
cgcfrcephg.mp4,0.8600176572799683
cgcmdddbch.mp4,0.9111952781677246
cgdpimxyqd.mp4,0.8366248607635498
cgdrflfmom.mp4,0.948401927947998
cgebtadovo.mp4,0.47306209802627563
cgefriykjw.mp4,0.11959588527679443
cgejubwayd.mp4,0.8414871692657471
cgetledlxm.mp4,0.882762610912323
cggdptapsj.mp4,0.8998017907142639
cggngboudt.mp4,0.9365130662918091
cgheccdlif.mp4,0.22211608290672302
cghklgzlau.mp4,0.07447908073663712
cghmcisqjh.mp4,0.11855486035346985
cgifdoaosl.mp4,0.893790066242218
cgirwxsied.mp4,0.9109589457511902
cgjmjdenqi.mp4,0.2359561026096344
cgjqegcfvz.mp4,0.9652572274208069
cgkkwecgjq.mp4,0.9462194442749023
cgksdoyyxv.mp4,0.6028217077255249
cgkuwkbpsx.mp4,0.9349870085716248
cglpyitrzw.mp4,0.7438170313835144
cgmcrovuwg.mp4,0.13757197558879852
cgmrbwbsmr.mp4,0.9731076955795288
cgntouozbs.mp4,0.9596561789512634
cgomfzqjeu.mp4,0.9629241228103638
cgoqhidgvq.mp4,0.04662793502211571
cgpoltonnr.mp4,0.9102458953857422
cgqnxavvus.mp4,0.9373413324356079
cgrgytpdjg.mp4,0.9168015718460083
cgshwqygpt.mp4,0.9008501172065735
cgswtobqsw.mp4,0.8024159669876099
cgtazaiapf.mp4,0.9396606087684631
cgtfmnnfrw.mp4,0.9003219604492188
cgttnbybei.mp4,0.9147611856460571
cgttzpagqf.mp4,0.9309826493263245
cguelfepci.mp4,0.8856284618377686
cguelxskll.mp4,0.7258355617523193
cguwnxrdgl.mp4,0.8328215479850769
cgvffsrefc.mp4,0.14396832883358002
cgvgfncfzs.mp4,0.9025932550430298
cgvnxghqbl.mp4,0.9552517533302307
cgvwhhfpha.mp4,0.9285659790039062
cgvxnadtdm.mp4,0.9795390963554382
cgwwzjscib.mp4,0.9614004492759705
cgxbvngoek.mp4,0.9577925801277161
cgxruwoaqc.mp4,0.9359908103942871
cgxsxdllit.mp4,0.9232777953147888
cgxvgsgzco.mp4,0.31788158416748047
cgyficbwoe.mp4,0.5768364667892456
cgyfydvyyx.mp4,0.8976523280143738
cgyglkqfut.mp4,0.8896447420120239
cgzxxjamqy.mp4,0.9148592948913574
chaintznsk.mp4,0.9532923102378845
chajgyysle.mp4,0.9173002243041992
chbjetguwl.mp4,0.9424983263015747
chbmstljzm.mp4,0.9609547853469849
chdvhlhaiq.mp4,0.8117024898529053
chdwmbuyle.mp4,0.9618208408355713
chehvhrqyg.mp4,0.5618873834609985
chfonbvkxq.mp4,0.8951166272163391
chgdwwwgrq.mp4,0.8973546624183655
chgkcdtkhw.mp4,0.04112432897090912
chhdhwehot.mp4,0.9312605261802673
chhfxazpav.mp4,0.43670982122421265
chhqtdxurz.mp4,0.10285714268684387
chhzoxcvhl.mp4,0.8446727395057678
chibbtchnd.mp4,0.08459734916687012
chipvomngq.mp4,0.055231232196092606
chiyetcxfu.mp4,0.9100525975227356
chjatzdqcl.mp4,0.2284548133611679
chjpflakmt.mp4,0.8924952149391174
chkwjaamct.mp4,0.787274181842804
chlrkevtxa.mp4,0.8837903141975403
chlshvbday.mp4,0.5999135375022888
chmcianbdf.mp4,0.9239894151687622
chmjkdgtyx.mp4,0.35168397426605225
chmomgbvyf.mp4,0.8866652250289917
chmwoofpir.mp4,0.981024444103241
chnbexdyhq.mp4,0.061790239065885544
chnejmuaqs.mp4,0.68294358253479
chnhlsjyxb.mp4,0.915096640586853
chnkxknmbq.mp4,0.7801639437675476
chombbeegs.mp4,0.8323337435722351
choosfntwb.mp4,0.8240565061569214
chowsoaunb.mp4,0.8486945629119873
chpcotzlpx.mp4,0.896699070930481
chppuauksa.mp4,0.10381730645895004
chqleyudul.mp4,0.829006016254425
chsyitbssl.mp4,0.8807876706123352
chtgkrlbek.mp4,0.9664892554283142
chtslmxyax.mp4,0.9383181929588318
chudhiiygb.mp4,0.3176918029785156
chuiqnmuwo.mp4,0.8662577271461487
chujiurbqs.mp4,0.9559301733970642
chukujgyvi.mp4,0.04230856895446777
chupatlkxc.mp4,0.804916262626648
chupyqxggc.mp4,0.8981983661651611
chuqdswyhh.mp4,0.40084680914878845
chwmwqiisa.mp4,0.9619449377059937
chwqafjhkr.mp4,0.4623449444770813
chxbbhvgjh.mp4,0.9462674260139465
chxgwiaujv.mp4,0.7621908187866211
chyfmhbvbi.mp4,0.07799170166254044
chygufblpo.mp4,0.954842746257782
chyxqupfqy.mp4,0.9639725089073181
chzbutmizx.mp4,0.10203664749860764
chzpclvkvg.mp4,0.9317519068717957
ciacypsucq.mp4,0.8795765042304993
ciajjlkqpo.mp4,0.062090061604976654
cibhriqswz.mp4,0.23318541049957275
cidafzafml.mp4,0.06340673565864563
cidhdrfcbe.mp4,0.9179282784461975
cidujokplp.mp4,0.8036591410636902
cieecwrewu.mp4,0.1452142745256424
ciepqxjamz.mp4,0.9761149287223816
ciewuhazfw.mp4,0.7306467890739441
cifsgbnvrx.mp4,0.09068302810192108
cifvbemfhi.mp4,0.4507609009742737
cigchlqmkp.mp4,0.8813897371292114
cihbvwgicn.mp4,0.76804518699646
cihqsivbtq.mp4,0.9519738554954529
cihurvzgbh.mp4,0.9681968092918396
ciijjqsrto.mp4,0.22329676151275635
cijqgyeubp.mp4,0.9137783646583557
cikgroaccw.mp4,0.14070655405521393
cikibrhzja.mp4,0.17793536186218262
cilnawgeah.mp4,0.42898666858673096
cilnlmkzqz.mp4,0.9464302062988281
ciluwvyjbk.mp4,0.923602819442749
cimfjgnans.mp4,0.952701985836029
cimlotvwxy.mp4,0.8882540464401245
cimmouewvu.mp4,0.8308237791061401
cingpunobd.mp4,0.9484411478042603
ciniwjlhit.mp4,0.94509357213974
cinjqeodep.mp4,0.6537370085716248
cinrseylyp.mp4,0.8577567934989929
ciofvmjkdw.mp4,0.8148350119590759
cipbjqtdfa.mp4,0.839053750038147
ciphtizqbs.mp4,0.33545392751693726
cipjezpcti.mp4,0.9644507169723511
ciqrvmazdq.mp4,0.7423941493034363
cisanwqtaq.mp4,0.9475638270378113
cisatzdpcs.mp4,0.03200025111436844
cishdivhvc.mp4,0.9052155613899231
cismesuomc.mp4,0.8528308272361755
cisyhndlli.mp4,0.8827855587005615
cithuwasbk.mp4,0.9899998307228088
citotkokpc.mp4,0.8293523788452148
ciufbwnbko.mp4,0.9223292469978333
ciuwvrkjpy.mp4,0.9046399593353271
civfnvmgog.mp4,0.739349365234375
ciwzwmlyxz.mp4,0.9291381239891052
cixobvpgwk.mp4,0.8916722536087036
cixshbsmix.mp4,0.7946161031723022
cixsuhxaot.mp4,0.8991987109184265
ciypszaqje.mp4,0.7323652505874634
ciyvpljyvt.mp4,0.10458832234144211
cizkoevvax.mp4,0.9170604348182678
cizlladvwf.mp4,0.9130518436431885
cizxmeztny.mp4,0.9111632108688354
cjaiskhrsh.mp4,0.0459209606051445
cjaqstlzkb.mp4,0.9276483654975891
cjbcbkhtni.mp4,0.9746173620223999
cjcneqgjba.mp4,0.8749300837516785
cjfnkuulch.mp4,0.8116101622581482
cjfxvoqehy.mp4,0.926911473274231
cjgmkstamu.mp4,0.038940731436014175
cjgozeokwu.mp4,0.8207265138626099
cjhudarkzv.mp4,0.9386893510818481
cjiwxfwcit.mp4,0.8478217720985413
cjjkfuqaee.mp4,0.9221369624137878
cjkctgykua.mp4,0.9496484398841858
cjldjpzxzb.mp4,0.6834810376167297
cjldpugnxb.mp4,0.9011549353599548
cjmfuasyog.mp4,0.9282076954841614
cjmzyaylfj.mp4,0.970971941947937
cjnfiihawm.mp4,0.9427832961082458
cjorckqkcn.mp4,0.6418663263320923
cjoszlysnr.mp4,0.8742201328277588
cjoxtbrenc.mp4,0.9677955508232117
cjpdbowxbt.mp4,0.9756687879562378
cjpfsoagsm.mp4,0.746801495552063
cjptajsjfh.mp4,0.887284517288208
cjqvoprhav.mp4,0.10450644046068192
cjricjqzwh.mp4,0.7582677602767944
cjrtufpftt.mp4,0.8417231440544128
cjrxquwhtp.mp4,0.8768657445907593
cjrzklaqjt.mp4,0.5391311645507812
cjtdvfiwui.mp4,0.8320844769477844
cjtnjjfqhx.mp4,0.8509854674339294
cjuqcwkxkz.mp4,0.750886857509613
cjuyjjiizm.mp4,0.4426644444465637
cjvauezybx.mp4,0.649895191192627
cjwpszyzar.mp4,0.8272814750671387
cjwyfughav.mp4,0.823681652545929
cjxqxerjer.mp4,0.9588034749031067
cjyqqdurec.mp4,0.10221867263317108
cjzaphxcwi.mp4,0.7499743103981018
ckadtcipgr.mp4,0.3500581383705139
ckbdjpflsu.mp4,0.11508441716432571
ckcsmgxnbr.mp4,0.9898393154144287
ckdamfrafe.mp4,0.05859702453017235
ckechbyzit.mp4,0.97456294298172
ckedkayawm.mp4,0.5118286609649658
ckewjamoaq.mp4,0.5624408721923828
ckfiodyxbq.mp4,0.7282495498657227
ckgabgjnca.mp4,0.14462511241436005
ckgsjlswpm.mp4,0.7810625433921814
ckgtfnhxaw.mp4,0.8835000991821289
ckhiqguxzt.mp4,0.9521323442459106
ckhjteceto.mp4,0.9174979329109192
ckiovbrsdf.mp4,0.9605572819709778
ckjctlogrm.mp4,0.9652003049850464
ckjpnsrkue.mp4,0.8508040904998779
ckkyjknfqa.mp4,0.962695837020874
ckmahvimru.mp4,0.9857594966888428
cknqoxgbru.mp4,0.9208785891532898
ckokvqjebx.mp4,0.922548234462738
ckpkmybeox.mp4,0.9206224083900452
ckpqmqcbms.mp4,0.9328556060791016
ckpzdejlzb.mp4,0.945898711681366
ckqfqernbf.mp4,0.1380431354045868
ckqpzpsnku.mp4,0.6318255066871643
ckreyvmlgz.mp4,0.9707642197608948
ckronlxbzr.mp4,0.7691123485565186
cksfcfaegh.mp4,0.8942210674285889
cksjhegwyq.mp4,0.9040423631668091
cksxlgdxuh.mp4,0.8687308430671692
cktraanpyu.mp4,0.8988057374954224
cktsyobheu.mp4,0.5278090834617615
ckubrpacib.mp4,0.7172623872756958
ckuklkwpkk.mp4,0.8868061304092407
ckuqkzmkyd.mp4,0.9746010303497314
ckuyocuenw.mp4,0.9358178377151489
ckwteckxaq.mp4,0.6782594919204712
ckxeznxxop.mp4,0.9826735258102417
ckxfnwnamq.mp4,0.09510574489831924
ckzxryfjqo.mp4,0.9143862724304199
claloechcd.mp4,0.9527068734169006
clbvotyixd.mp4,0.9258383512496948
clbwuespnm.mp4,0.8102241158485413
clcyaiybyu.mp4,0.8883607983589172
cldcraffvt.mp4,0.5259389877319336
cldzxfpbkj.mp4,0.8664215803146362
clekngdqxa.mp4,0.8491081595420837
clfgoqymlx.mp4,0.8767331838607788
cljaovquzv.mp4,0.5955709218978882
cllpbyfczw.mp4,0.7781172394752502
cllsklblbu.mp4,0.9538024067878723
clmtssvjaf.mp4,0.9618584513664246
clnnqtjnld.mp4,0.559328556060791
clnugjmcva.mp4,0.8080182671546936
clotzdefxi.mp4,0.8456740379333496
clpfdaynyl.mp4,0.939257025718689
clrlpomyhr.mp4,0.8429233431816101
clrxigzbqr.mp4,0.7593986392021179
clssjlgtkp.mp4,0.7156955003738403
cltcgfkyrb.mp4,0.8426811695098877
cltivdolgi.mp4,0.8743951320648193
cltocmrmvu.mp4,0.9611079692840576
cltpibyvfx.mp4,0.7833408713340759
cltzentanu.mp4,0.9508426785469055
clvddrgsab.mp4,0.9477981328964233
clvhyorkei.mp4,0.9295880198478699
clwhicktkw.mp4,0.7972965836524963
clwvkyuyqv.mp4,0.3573359549045563
clxgzkdgta.mp4,0.11145303398370743
clyiowxjxl.mp4,0.9612244367599487
clyqxccszs.mp4,0.04824050888419151
clzcvdsuyp.mp4,0.8949450254440308
clzmxxvlxs.mp4,0.9233190417289734
clzoosrlpp.mp4,0.9003625512123108
clzpxvnaui.mp4,0.9477769136428833
clzsqkrvga.mp4,0.2808660566806793
cmaeplipsz.mp4,0.7818925976753235
cmaislyngh.mp4,0.7906561493873596
cmbeyrzhvr.mp4,0.34343674778938293
cmbkignhjt.mp4,0.8188086152076721
cmbkzxueyi.mp4,0.9415050745010376
cmbloezomc.mp4,0.9268864989280701
cmbrlniexh.mp4,0.14822305738925934
cmcgahdcmo.mp4,0.894498348236084
cmdgmeoloz.mp4,0.8336177468299866
cmdivumlkb.mp4,0.8787477016448975
cmdnbivizp.mp4,0.8187611699104309
cmebjfuvfg.mp4,0.8349164128303528
cmebrzpwbo.mp4,0.9498760104179382
cmfldpsgig.mp4,0.8352926969528198
cmfvltcddo.mp4,0.16795803606510162
cmgmhevsmr.mp4,0.9253597855567932
cmgpkcqhwt.mp4,0.8884360194206238
cmgswxmvlv.mp4,0.9211563467979431
cmgxxmjbhr.mp4,0.9225510954856873
cmibddnytf.mp4,0.9446711540222168
cmieiniplg.mp4,0.9040893316268921
cmirvugxlv.mp4,0.971997857093811
cmjiaqgbuv.mp4,0.9286777377128601
cmkcljpcsp.mp4,0.7523412704467773
cmkigulnas.mp4,0.8858427405357361
cmleyapewy.mp4,0.034697677940130234
cmlkxrufqw.mp4,0.9431599378585815
cmlmcdbwtg.mp4,0.9630172252655029
cmlvgoiwvz.mp4,0.931260347366333
cmmifuinbl.mp4,0.9362245798110962
cmmqqqkpri.mp4,0.9647585153579712
cmnnfymbez.mp4,0.9305877089500427
cmnubbdpnt.mp4,0.8613521456718445
cmoeewkbqv.mp4,0.7486323118209839
cmoqplbifs.mp4,0.9484239220619202
cmoydflohs.mp4,0.7897021770477295
cmpbjkjtks.mp4,0.800831139087677
cmpfjuwyud.mp4,0.905633270740509
cmpkopoabr.mp4,0.6478657126426697
cmplvsxspz.mp4,0.819430410861969
cmpnnbdogx.mp4,0.24208933115005493
cmptloljte.mp4,0.07473552227020264
cmqegbgirh.mp4,0.9410369396209717
cmqrkqlqck.mp4,0.9717536568641663
cmqtagbxou.mp4,0.8361900448799133
cmskrcosbs.mp4,0.9630340337753296
cmsvynguda.mp4,0.6749377846717834
cmtwutvqch.mp4,0.9350773692131042
cmtxuweesh.mp4,0.8770326375961304
cmuzrrlaiy.mp4,0.8542332649230957
cmveqobtaf.mp4,0.05199875310063362
cmvguitoba.mp4,0.8934603333473206
cmvnrjllux.mp4,0.343382328748703
cmvterrdsl.mp4,0.9008472561836243
cmwkhvxthg.mp4,0.8646564483642578
cmwozbaxwb.mp4,0.5145456790924072
cmwxpmbuea.mp4,0.9604682326316833
cmxtwpabsw.mp4,0.9741730690002441
cmyahcrgiv.mp4,0.2896707057952881
cmybfubapj.mp4,0.8096382021903992
cmydgfodof.mp4,0.9736155867576599
cmyvjmgldk.mp4,0.2299317866563797
cmzcojwcbn.mp4,0.8568252921104431
cmzeicaooh.mp4,0.9895899891853333
cnahwlfafy.mp4,0.7147568464279175
cnaifxmdlx.mp4,0.9503978490829468
cnazdwrfur.mp4,0.9750649929046631
cnbkrmhwjc.mp4,0.9409282803535461
cnbtegsjlx.mp4,0.9188028573989868
cncditjduh.mp4,0.43354207277297974
cndpomgvxd.mp4,0.9812420010566711
cnequaglft.mp4,0.7145889401435852
cnfcweqfvl.mp4,0.9000011086463928
cnfidfeyln.mp4,0.890933096408844
cngogfretb.mp4,0.8150610327720642
cnguoshwca.mp4,0.6136195063591003
cnhpwzknts.mp4,0.8241130113601685
cniguenkpg.mp4,0.9241352081298828
cniuvcmuwp.mp4,0.8476926684379578
cnjhnysnft.mp4,0.8538310527801514
cnjlvpzfrg.mp4,0.8215318918228149
cnklpvtzdv.mp4,0.38568589091300964
cnlboybtqk.mp4,0.78423672914505
cnlovaecgh.mp4,0.4091230034828186
cnmdwvuecr.mp4,0.8393718004226685
cnoasvesez.mp4,0.06063630431890488
cnobbyyzoq.mp4,0.8839203715324402
cnowlqxdbx.mp4,0.8791511654853821
cnplpnqrfn.mp4,0.9390299916267395
cnqqzkrgmh.mp4,0.8970606327056885
cnqrnrzzll.mp4,0.845708966255188
cnqsdkwzmn.mp4,0.9364595413208008
cnqwgagcgy.mp4,0.09189609438180923
cnsmgjuxbi.mp4,0.8777331709861755
cnsnofuoiq.mp4,0.9440568685531616
cntorkscyt.mp4,0.936861515045166
cnuhhfeikg.mp4,0.9819564819335938
cnuhjcswso.mp4,0.8174563050270081
cnuvbfpaek.mp4,0.1514378935098648
cnvquynriz.mp4,0.07863694429397583
cnvuwedyis.mp4,0.7276125550270081
cnwiicuofh.mp4,0.7048805356025696
cnycctrbyt.mp4,0.8884974718093872
cnyfzszjoh.mp4,0.09113357961177826
cnyphduocz.mp4,0.870507538318634
cnzlqibzwf.mp4,0.6252365708351135
cnzxvjdwbw.mp4,0.8377560973167419
coacrsvrnl.mp4,0.9118501543998718
coahfvujdv.mp4,0.9560209512710571
coamtllvrf.mp4,0.8663688898086548
cobcvmzdph.mp4,0.9135327339172363
cobowalzix.mp4,0.14100128412246704
cobrcdtekr.mp4,0.3356859087944031
cocxlcbtfz.mp4,0.8564062714576721
codthnumyq.mp4,0.14149793982505798
codynbclja.mp4,0.9275723695755005
cofjvqjkcj.mp4,0.7097177505493164
cofxgrlrpb.mp4,0.9124718904495239
cogcrwzvdb.mp4,0.8880788087844849
cohnfjjaas.mp4,0.9458264708518982
coijxsppdw.mp4,0.9693153500556946
coiqibotbv.mp4,0.922745943069458
cojfnbtfkr.mp4,0.11381197720766068
cojfzsbdkf.mp4,0.1994827687740326
cokcdaizvg.mp4,0.9622079730033875
cokftyhjmk.mp4,0.706317663192749
coklfjtcyt.mp4,0.043641574680805206
comoufohza.mp4,0.9439929127693176
cooarrfjoi.mp4,0.9855826497077942
coptuddcwd.mp4,0.8864284157752991
coqrcakmmx.mp4,0.09486617892980576
corvccyssr.mp4,0.9207172393798828
cosdfmtfwa.mp4,0.3826896548271179
cosfoqobzo.mp4,0.07566386461257935
cotcpetxls.mp4,0.8663018941879272
cotriwoyvq.mp4,0.9174666404724121
cotubmgefn.mp4,0.9015222787857056
cotxffvovx.mp4,0.8606816530227661
couyrcwviy.mp4,0.9167762398719788
cowmhzmvyg.mp4,0.9446477293968201
cowxzlygfo.mp4,0.900922954082489
cozcfuwxip.mp4,0.987429678440094
cozslsoswi.mp4,0.3533795177936554
cozxtycxag.mp4,0.05461990088224411
cpaeucefro.mp4,0.9247263669967651
cpbqwwhrxq.mp4,0.06642204523086548
cpbrauhlcl.mp4,0.951353907585144
cpcecgauub.mp4,0.9389519691467285
cpcnyqoevu.mp4,0.2640478014945984
cpcrcezxqo.mp4,0.06678854674100876
cpctqroarq.mp4,0.9156030416488647
cpcuvixqbn.mp4,0.9254952073097229
cpdlqhbvux.mp4,0.8500369191169739
cpdtroihpl.mp4,0.8388856053352356
cpecqrnxkn.mp4,0.8225789070129395
cpegivsezt.mp4,0.9797922968864441
cpegwviavn.mp4,0.934220016002655
cpekxlmlwa.mp4,0.9856956601142883
cpelglathd.mp4,0.9698042273521423
cpgayhckef.mp4,0.7963729500770569
cpgksamyev.mp4,0.8189951181411743
cpgmeuhbtk.mp4,0.7617987394332886
cpgtztewxf.mp4,0.8739391565322876
cphwzddoiy.mp4,0.8245095014572144
cpijvkgxvy.mp4,0.9363055229187012
cpixrjvxjn.mp4,0.9661165475845337
cpjiflbqbo.mp4,0.15862852334976196
cpkbrjijpt.mp4,0.6930413842201233
cpkeyidusc.mp4,0.10304504632949829
cpkpfdwfmb.mp4,0.05947396531701088
cpkyabfzlc.mp4,0.8857467770576477
cplkdbfpxj.mp4,0.939592182636261
cplqsrsnyr.mp4,0.8990304470062256
cpmgnsrogr.mp4,0.8719385862350464
cpmqxchnmg.mp4,0.9520536065101624
cpmridjxbc.mp4,0.05167550966143608
cpmswmgiqr.mp4,0.9701195955276489
cpmvsuixwn.mp4,0.08815839886665344
cpnlmkmmdh.mp4,0.47766923904418945
cpnpmgzqvv.mp4,0.741881251335144
cppaigkyae.mp4,0.8934657573699951
cppztnbtvs.mp4,0.9650349020957947
cpqaiqrblo.mp4,0.9258221387863159
cprbzixvdu.mp4,0.9891427755355835
cprdwtsorp.mp4,0.2908243238925934
cprktvyrlw.mp4,0.8600594997406006
cprmmgasmm.mp4,0.8558712005615234
cpsmnqhsck.mp4,0.7493835687637329
cpszgjiwdh.mp4,0.8810994029045105
cptemwefma.mp4,0.9292342662811279
cpthtjqwjg.mp4,0.9682840704917908
cpucjmfawf.mp4,0.29936835169792175
cpvbjfhbph.mp4,0.11849968135356903
cpvlmfudwa.mp4,0.6607187986373901
cpwgofevvo.mp4,0.8981969952583313
cpwovkauzj.mp4,0.13914282619953156
cpwyqbacrt.mp4,0.821607232093811
cpxbnzuafp.mp4,0.07523418962955475
cpxkrtypkz.mp4,0.8195118308067322
cpxlmsatst.mp4,0.9359219670295715
cpycvtmtuo.mp4,0.320793092250824
cpynfxglzc.mp4,0.6069183945655823
cpyqtpzmtr.mp4,0.9378708600997925
cpzazvweaq.mp4,0.8980864882469177
cpzncpzzwa.mp4,0.1302003562450409
cqamutjreg.mp4,0.9247138500213623
cqbjqtmqvj.mp4,0.9291391372680664
cqbodtkxiw.mp4,0.6867864727973938
cqbtboxqzb.mp4,0.9361683130264282
cqbxgessxh.mp4,0.08806256204843521
cqclibqbwz.mp4,0.3846918046474457
cqcqgggpml.mp4,0.84721440076828
cqdnnweluw.mp4,0.8585694432258606
cqdxzxirqw.mp4,0.695153534412384
cqdyheoqhn.mp4,0.9789252877235413
cqegquwdda.mp4,0.9663375020027161
cqemqttubw.mp4,0.3639257550239563
cqeuyhnqft.mp4,0.8938199877738953
cqewayywpg.mp4,0.09936637431383133
cqfzfuxvyw.mp4,0.03856508433818817
cqgdtrywmy.mp4,0.17408758401870728
cqgfbxpkuj.mp4,0.3335532248020172
cqgsacster.mp4,0.7668137550354004
cqgzckbimc.mp4,0.6718657612800598
cqinqrcvse.mp4,0.4737423062324524
cqiscqrtlw.mp4,0.5707037448883057
cqiyijvrcj.mp4,0.9272986054420471
cqkarxqzxx.mp4,0.40416938066482544
cqkfihwvvr.mp4,0.6786676645278931
cqkftuhhza.mp4,0.8976939916610718
cqklyqnfer.mp4,0.8752182722091675
cqljnmuloq.mp4,0.8948346376419067
cqlwckvaeb.mp4,0.9664447903633118
cqmhxvdkuo.mp4,0.33553144335746765
cqmmgxqjtf.mp4,0.3696657419204712
cqmwyzpikk.mp4,0.653714656829834
cqnbolqdhe.mp4,0.9547794461250305
cqntibhkbq.mp4,0.09896963089704514
cqnutosgsm.mp4,0.8769592642784119
cqnwfpglna.mp4,0.8208808898925781
cqogueyphy.mp4,0.6588825583457947
cqojknfuus.mp4,0.3398193120956421
cqoqzojnzo.mp4,0.6928972005844116
cqpjedhvoz.mp4,0.15441250801086426
cqpoanrjak.mp4,0.9399428963661194
cqqvqkryoe.mp4,0.9593321681022644
cqrxhsuqqq.mp4,0.719907283782959
cqshmiarqg.mp4,0.9700366258621216
cqskjazxwc.mp4,0.9582399129867554
cqsmuftgep.mp4,0.8735529184341431
cqtaofqvtl.mp4,0.932964563369751
cqtikmpave.mp4,0.8776705861091614
cqtozexihz.mp4,0.8583410978317261
cqttsbnsag.mp4,0.813961923122406
cqtwjlhsgl.mp4,0.8818719387054443
cquhouhgoc.mp4,0.7885419130325317
cquwxluokz.mp4,0.9504719376564026
cqvancueff.mp4,0.9546188712120056
cqvglgkzui.mp4,0.9318041205406189
cqvndapzgg.mp4,0.4513632655143738
cqwpquwxid.mp4,0.224578395485878
cqxkqqscrm.mp4,0.9583941102027893
cqxqzzfrox.mp4,0.6798585057258606
cqyowzdfdd.mp4,0.6540816426277161
cqzkjylvwz.mp4,0.6964707374572754
cracconkyr.mp4,0.2539536952972412
crbcrxqftw.mp4,0.5992948412895203
crbeedzivm.mp4,0.8614539504051208
crbjylbwlc.mp4,0.6113144159317017
crbspiybxp.mp4,0.8294053673744202
crcnhvsixi.mp4,0.06721851974725723
crcwhjdwhy.mp4,0.4395461678504944
crdehzludu.mp4,0.5712721347808838
crdhketdoh.mp4,0.06074441969394684
crdtvzbluw.mp4,0.914770781993866
creplotjfu.mp4,0.0976947769522667
crevnrhhxu.mp4,0.8810750842094421
crfmxlbnbd.mp4,0.5166250467300415
crfnqdprte.mp4,0.18178017437458038
crfyvirnma.mp4,0.9436839818954468
crgeyrdfxk.mp4,0.7238520979881287
crhjwwgtef.mp4,0.9063113331794739
crhkipauyk.mp4,0.07465952634811401
crilhpdoez.mp4,0.931896984577179
crisotkdmh.mp4,0.8139137625694275
crjlenlhek.mp4,0.9058592915534973
crkjzvzyzb.mp4,0.8696613311767578
crlbzncobq.mp4,0.3993498384952545
crllsfqiul.mp4,0.6431055068969727
crlphqtqnq.mp4,0.9408782124519348
crmwccddrb.mp4,0.5928913354873657
crnfdbnpjz.mp4,0.9124673008918762
crnhcygnjj.mp4,0.6444547176361084
crnjzofvaf.mp4,0.8012248277664185
crnnkjvdmt.mp4,0.4392903745174408
crnwdznwcx.mp4,0.8386548757553101
crocgecwna.mp4,0.9208567142486572
crooqcjlqc.mp4,0.07040609419345856
crotumbywg.mp4,0.9771960377693176
crplxxbnkm.mp4,0.9473271369934082
crpmgqavlf.mp4,0.8770935535430908
crpmskycub.mp4,0.843000590801239
crqhicfshq.mp4,0.29374054074287415
crrthxtrth.mp4,0.677677571773529
crsdkuimiu.mp4,0.8996239304542542
crsfsmblkf.mp4,0.8782227635383606
crtfokolyw.mp4,0.4455113410949707
crtvtlmchf.mp4,0.8487020134925842
crubhecwnk.mp4,0.08889711648225784
cruhcatywp.mp4,0.33549776673316956
crumzbcdoq.mp4,0.976449728012085
crvotfojeq.mp4,0.7400814890861511
crvvtpydtx.mp4,0.8861486315727234
crwkoeoxfi.mp4,0.9484577775001526
crwzuxqezo.mp4,0.873328447341919
cryqrsysbf.mp4,0.8683380484580994
crytsyqpyl.mp4,0.9432551860809326
crzrsezocr.mp4,0.96421879529953
crzzbqlhfj.mp4,0.8804295659065247
crzzzxzvtw.mp4,0.9897766709327698
csagttjlqt.mp4,0.7120472192764282
csahmhbavq.mp4,0.8618727326393127
csauiuajcs.mp4,0.09189395606517792
csbhsossva.mp4,0.9064261317253113
csbmiqaidp.mp4,0.9826321005821228
cscdlfidfj.mp4,0.9462695717811584
cscwdukujx.mp4,0.2987900376319885
csdcnwbwiu.mp4,0.33643972873687744
csdkogcust.mp4,0.7687833309173584
csdrwieihk.mp4,0.32698357105255127
csdzjehwbf.mp4,0.8533622622489929
csefroivib.mp4,0.7026644349098206
cseqwtcwdl.mp4,0.9340084195137024
csetzcnezn.mp4,0.7412536144256592
csfixqpjhw.mp4,0.9492164850234985
csflmeggme.mp4,0.07493402808904648
csfoaeqqdu.mp4,0.05062606558203697
csfsskknsh.mp4,0.8961979150772095
csfssvnwsp.mp4,0.603092610836029
csgnemklmq.mp4,0.5334355235099792
cshhakbofs.mp4,0.08882464468479156
cshxowxrfl.mp4,0.9883893132209778
csikbraapk.mp4,0.8560516238212585
csjeiievqq.mp4,0.6267435550689697
csjpfrogyp.mp4,0.07222875207662582
cslceaskvo.mp4,0.8996906876564026
cslfapvyjv.mp4,0.07107818126678467
cslmdbmlzk.mp4,0.06529559195041656
csmiexvtfh.mp4,0.7791230082511902
csmrqvgsrk.mp4,0.9520931839942932
csmsrngjrm.mp4,0.9803761839866638
csollwjhrx.mp4,0.6411434412002563
csoxekulpu.mp4,0.9523226618766785
csozifgqcx.mp4,0.8615084886550903
csozphfidv.mp4,0.2668814957141876
csplgefkgx.mp4,0.06493600457906723
cspnpyohxu.mp4,0.9074863195419312
csptvrxfap.mp4,0.513629674911499
csqbebvoxt.mp4,0.05293510481715202
csqsdmrctj.mp4,0.07907390594482422
csqsxsjrnp.mp4,0.7948558926582336
csraeqynwd.mp4,0.9793479442596436
csremuoyna.mp4,0.8437946438789368
csrqbscgxz.mp4,0.9589211940765381
csrqlmzjph.mp4,0.9185154438018799
csrsxklgle.mp4,0.8587125539779663
csrzijbfda.mp4,0.9326367974281311
cstkcclhdc.mp4,0.6891975402832031
cstzexdcbw.mp4,0.9602048397064209
csuaztyjjt.mp4,0.9072216153144836
csuwuruutx.mp4,0.9158939123153687
csvflnmkvh.mp4,0.9323344230651855
csvggiwfey.mp4,0.8772271871566772
cswajdmqyx.mp4,0.9495439529418945
cswhwudpzk.mp4,0.15608350932598114
csxjcoesqt.mp4,0.9257873892784119
csxjoirhtw.mp4,0.9430180788040161
csxksuzkhm.mp4,0.9626666903495789
csxymovdqx.mp4,0.7924705147743225
cszdcuibjt.mp4,0.8296232223510742
cszvjqvmed.mp4,0.8953421711921692
ctarrlrgdy.mp4,0.8250490427017212
ctavqrrmgv.mp4,0.8834782242774963
ctawiyhhzf.mp4,0.15864701569080353
ctbvhwpvhy.mp4,0.9131786823272705
ctccuizjur.mp4,0.920089066028595
ctchthbojs.mp4,0.8896467089653015
ctchulwwxm.mp4,0.6351686120033264
ctclbnlclm.mp4,0.09624599665403366
ctcozenfll.mp4,0.07925347983837128
ctdetnpcny.mp4,0.9604489803314209
ctdwkvfsmp.mp4,0.8045267462730408
ctdwtfcjei.mp4,0.179117351770401
ctdzrkqorp.mp4,0.9011702537536621
cteqlloxwu.mp4,0.07862532883882523
cteungyauw.mp4,0.9283406734466553
ctexjdufex.mp4,0.6618574261665344
ctfegjuydq.mp4,0.769008219242096
ctfvpczuea.mp4,0.14110706746578217
ctibxwjesk.mp4,0.19021159410476685
ctidqluhtj.mp4,0.9477360844612122
ctiyalwbsv.mp4,0.9069353342056274
ctjcicttwr.mp4,0.8899550437927246
ctjepwqiul.mp4,0.8920658230781555
ctjqfwivhb.mp4,0.8787537813186646
ctjuwaprck.mp4,0.9588589072227478
ctkopczrhm.mp4,0.8623157739639282
ctkwuprdsl.mp4,0.1475411355495453
ctlmkrjmut.mp4,0.9580212235450745
ctlwouvozz.mp4,0.80759197473526
ctmqwwpdnc.mp4,0.894412100315094
ctmzprtrhs.mp4,0.9051125049591064
ctnbxsceln.mp4,0.9170785546302795
ctnneaxztc.mp4,0.15630313754081726
ctnupbsabf.mp4,0.9887367486953735
ctojcitnpn.mp4,0.38323870301246643
ctopurgfgx.mp4,0.690034806728363
ctouemisne.mp4,0.6240131258964539
ctowvrmazl.mp4,0.893413245677948
ctozwusfxb.mp4,0.9500472545623779
ctpaahkfdc.mp4,0.894025981426239
ctpexqamtx.mp4,0.9593527913093567
ctpypmzfnl.mp4,0.04887702316045761
ctqjnsvrvk.mp4,0.9628300666809082
ctrengqlqk.mp4,0.8738922476768494
ctrodwqvjx.mp4,0.35503092408180237
ctsdittcdz.mp4,0.9348151683807373
ctsjalmkpx.mp4,0.980139434337616
cttbevkbhr.mp4,0.8859991431236267
ctvnkjdxoz.mp4,0.8583959937095642
ctxhjpebsl.mp4,0.9248384833335876
ctyhaquawh.mp4,0.8709589242935181
ctzextgily.mp4,0.8601512312889099
ctzidpuxqo.mp4,0.9065590500831604
ctzknhuffj.mp4,0.0638863667845726
ctzvhowbhr.mp4,0.8150002360343933
ctzzytwvpi.mp4,0.7052420973777771
cualykjhoa.mp4,0.917998194694519
cubernsric.mp4,0.8380562663078308
cubidebbwb.mp4,0.8953235745429993
cubudyesmd.mp4,0.9335241317749023
cubuvjbojg.mp4,0.9255948662757874
cubyoldoos.mp4,0.8745777010917664
cucnhxbrrz.mp4,0.06823525577783585
cudjeshfcw.mp4,0.8656696677207947
cudqwytasr.mp4,0.65496826171875
cueivytkwb.mp4,0.7651842832565308
cuerkhzuum.mp4,0.8595829010009766
cuewtjauyi.mp4,0.9311332106590271
cufgfduips.mp4,0.7462235689163208
cufipbigrt.mp4,0.8676292300224304
cufpjxwbjt.mp4,0.8616989850997925
cufwpbfhwc.mp4,0.835825502872467
cugbtwdurl.mp4,0.64329594373703
cugifqjqto.mp4,0.06408625841140747
cuinqgwczx.mp4,0.8112324476242065
cujqbmziws.mp4,0.846969485282898
cukedccddh.mp4,0.9315457344055176
cukgevrxhx.mp4,0.7164208889007568
cukqowdaey.mp4,0.9201406240463257
cukwoecmmq.mp4,0.8682531714439392
cukyihsryf.mp4,0.9160642027854919
culqnykaue.mp4,0.43071967363357544
cumgkxsjgz.mp4,0.7028864622116089
cumhonvwlg.mp4,0.9655763506889343
cumrfsvpri.mp4,0.08092168718576431
cunannjawe.mp4,0.7808075547218323
cuobzceakk.mp4,0.9388239979743958
cuovwgibgk.mp4,0.8246554732322693
cupmtmedsc.mp4,0.1168651208281517
cupqbscadr.mp4,0.7326751947402954
cupujkcxwr.mp4,0.8063778281211853
curoyzlzbr.mp4,0.9606217741966248
curyxptmtx.mp4,0.446611613035202
cuslsmkwpx.mp4,0.9406341910362244
cusnretedj.mp4,0.8676881790161133
cuuspjotwf.mp4,0.8253170251846313
cuuvswxxek.mp4,0.9600163698196411
cuuyarnbhw.mp4,0.7498504519462585
cuvihcqjej.mp4,0.7548691034317017
cuxaxdgtkr.mp4,0.9062445163726807
cuxhekncql.mp4,0.44782164692878723
cuxlufcotk.mp4,0.8689684271812439
cuycsnvhfq.mp4,0.6021806597709656
cuyigebxzv.mp4,0.8900904655456543
cuzbvoqeff.mp4,0.9525641798973083
cvaeexwlkk.mp4,0.9299566745758057
cvallwyhed.mp4,0.9519274830818176
cvbebdokcr.mp4,0.928235650062561
cvbjxpwoie.mp4,0.7220375537872314
cvbubcwkkl.mp4,0.08067426085472107
cvcsmrjjbi.mp4,0.9619773626327515
cvcznehtwl.mp4,0.8100800514221191
cvdpjordgi.mp4,0.8750559687614441
cveehypkla.mp4,0.9569942355155945
cvepfgpobe.mp4,0.9535836577415466
cvesotrbwj.mp4,0.9539880156517029
cvfbxmteyv.mp4,0.8422344326972961
cvgbmvjnds.mp4,0.8958410024642944
cvhgdhteev.mp4,0.30583277344703674
cvhmdigame.mp4,0.9173944592475891
cvibusznso.mp4,0.056888189166784286
cvickaqyxn.mp4,0.9184654951095581
cvicohmags.mp4,0.05467761680483818
cvixicyuon.mp4,0.9899999499320984
cviyjsusie.mp4,0.7346600890159607
cvjcxhzjqq.mp4,0.5491887331008911
cvjtaxyhed.mp4,0.7076528072357178
cvlmosigys.mp4,0.5914918780326843
cvmerrznwg.mp4,0.6233513355255127
cvmmtklgst.mp4,0.5965605974197388
cvmofrwdcz.mp4,0.054039862006902695
cvnusiwohr.mp4,0.35961252450942993
cvoikrdglc.mp4,0.9143805503845215
cvousgnasq.mp4,0.8394110798835754
cvqbppiabu.mp4,0.8799997568130493
cvqgrezhur.mp4,0.8682355284690857
cvrtjvwvqg.mp4,0.9576358795166016
cvrzdywcth.mp4,0.6664721369743347
cvsftmwnnh.mp4,0.9881230592727661
cvsobewhsk.mp4,0.8512442111968994
cvtklxtdrd.mp4,0.9429160952568054
cvtogeuiqd.mp4,0.921151340007782
cvtwlzgzne.mp4,0.13072122633457184
cvvabkmusu.mp4,0.7044146656990051
cvvnebbktm.mp4,0.7589322328567505
cvvtpdnajw.mp4,0.9441009163856506
cvvwrjubjv.mp4,0.8469783663749695
cvwfocfmpb.mp4,0.8987385034561157
cvxuswbzmq.mp4,0.913435697555542
cvyenririk.mp4,0.08703017979860306
cvyrfhetrx.mp4,0.7172887325286865
cvywcvnytv.mp4,0.6026708483695984
cvzsiudpyx.mp4,0.9015473127365112
cwbgztanym.mp4,0.1760091632604599
cwbincavby.mp4,0.8771490454673767
cwcdlmovnm.mp4,0.876209557056427
cwcwgibsgo.mp4,0.22468705475330353
cwdzddbqyi.mp4,0.9343745708465576
cwhibklyle.mp4,0.7294119596481323
cwhitukhlh.mp4,0.9824590682983398
cwhmodncwy.mp4,0.8469834923744202
cwhocpcoqq.mp4,0.9167219996452332
cwixfnvhmn.mp4,0.9525324106216431
cwjguxtovt.mp4,0.04809575527906418
cwjovizmhq.mp4,0.5
cwjqtcdmoe.mp4,0.8373329043388367
cwjvrpudbb.mp4,0.879423201084137
cwkiapvkwg.mp4,0.8790688514709473
cwkiiyezzg.mp4,0.45847204327583313
cwlkfmhlox.mp4,0.30134332180023193
cwlkqoxzee.mp4,0.9291422963142395
cwltsdyued.mp4,0.9625719785690308
cwlxxhemsd.mp4,0.9531625509262085
cwmidyiqvl.mp4,0.8498566746711731
cwmjhyvfcv.mp4,0.9841461777687073
cwmqvgihtt.mp4,0.2025374323129654
cwmrhkeqsm.mp4,0.9659322500228882
cwmwbryhqx.mp4,0.9421652555465698
cwnnhwqhpu.mp4,0.9067014455795288
cwoiryhauz.mp4,0.9050758481025696
cwovrcucqo.mp4,0.058315157890319824
cwqhzuhjol.mp4,0.051068540662527084
cwqwhvjaul.mp4,0.8372738361358643
cwrtvtyanu.mp4,0.7450295090675354
cwruaywtvb.mp4,0.09445863217115402
cwsdeasldr.mp4,0.9175146818161011
cwsgfhdizj.mp4,0.7694915533065796
cwsktcqrzf.mp4,0.16080830991268158
cwsrozctrk.mp4,0.9778863191604614
cwstdobzfg.mp4,0.9630913138389587
cwszhupzre.mp4,0.8837423324584961
cwtgddlhby.mp4,0.16967856884002686
cwtmswdzww.mp4,0.9368447661399841
cwtqzovbba.mp4,0.9785388708114624
cwtsuxyhea.mp4,0.9330340027809143
cwtxqxuvlc.mp4,0.6784080266952515
cwupoiihky.mp4,0.9557639360427856
cwvpjumhbg.mp4,0.980167031288147
cwvtgzizxw.mp4,0.9632450342178345
cwwgsnejua.mp4,0.9144682288169861
cwwnlfahfx.mp4,0.9105471968650818
cwwqaazswi.mp4,0.8475514054298401
cwxrlwltie.mp4,0.08360132575035095
cwyslgvsmr.mp4,0.5112971067428589
cwzgdnkite.mp4,0.870833694934845
cwzyzxjmfh.mp4,0.9807083606719971
cwzzqzmblh.mp4,0.8696839809417725
cxacbzdokf.mp4,0.05291752889752388
cxajnkqjkq.mp4,0.4409778118133545
cxajobdgrv.mp4,0.9787482023239136
cxatnnpeyo.mp4,0.8966166973114014
cxbimcvejo.mp4,0.9611926674842834
cxbsalbmst.mp4,0.9170423150062561
cxcesxkunc.mp4,0.9221583604812622
cxcopmaqcx.mp4,0.9344133138656616
cxeopypcfd.mp4,0.931851863861084
cxepagsvia.mp4,0.9192753434181213
cxevdilqjh.mp4,0.37830206751823425
cxeyiytudt.mp4,0.8533855676651001
cxeziknbpr.mp4,0.6456760764122009
cxfyrqbrji.mp4,0.9715439677238464
cxgdlbmeqy.mp4,0.7801647186279297
cxgdmvuxjc.mp4,0.987613320350647
cxgrlduslk.mp4,0.9891933798789978
cxguvyaque.mp4,0.12982824444770813
cxhcdctspt.mp4,0.802628219127655
cxieibifyj.mp4,0.5147925019264221
cxiephiblg.mp4,0.9592801332473755
cxigoqsdoo.mp4,0.9601335525512695
cxiurodzsg.mp4,0.8598532676696777
cxjiyyhcvg.mp4,0.8603500127792358
cxjpzucdse.mp4,0.9469053745269775
cxjsxgirny.mp4,0.9507014751434326
cxjwmxsgjv.mp4,0.6961504220962524
cxlkfsyfvb.mp4,0.09848268330097198
cxngkbtdek.mp4,0.0612243227660656
cxnoxemydo.mp4,0.8895384669303894
cxogiwyldp.mp4,0.8807562589645386
cxohfdhkkq.mp4,0.7849603891372681
cxojlakmoj.mp4,0.9666948318481445
cxopoojmmo.mp4,0.903733491897583
cxpmdgntdl.mp4,0.9546815752983093
cxptpzqfnf.mp4,0.059934351593256
cxqhrnxgvd.mp4,0.9100136756896973
cxrncthuby.mp4,0.07938060164451599
cxroabhzxu.mp4,0.8191690444946289
cxrooetoay.mp4,0.9025046825408936
cxrstzfsuy.mp4,0.03094489686191082
cxsekvffny.mp4,0.6912702918052673
cxsnzkabaa.mp4,0.9234388470649719
cxsxwxcstd.mp4,0.9347585439682007
cxszdyotss.mp4,0.9440904855728149
cxthlqeseq.mp4,0.3214070498943329
cxtodzawmj.mp4,0.9714604020118713
cxuvzmrisu.mp4,0.7896028757095337
cxvayntesu.mp4,0.08801259845495224
cxvctggwxi.mp4,0.27849385142326355
cxvgbzsijg.mp4,0.8729199171066284
cxvqurbsev.mp4,0.9366342425346375
cxvwreuyuz.mp4,0.6269556283950806
cxxhhwykme.mp4,0.9317964315414429
cxxyvegmxm.mp4,0.4611906409263611
cxyizzufss.mp4,0.7943485975265503
cxyqglsyyx.mp4,0.9309176802635193
cxyvoffxcv.mp4,0.8682259917259216
cxzdbwctfx.mp4,0.511775553226471
cyafkadnnw.mp4,0.0940699651837349
cyavflusgb.mp4,0.5730592608451843
cyavimfiex.mp4,0.5163390040397644
cybetknayd.mp4,0.9028348922729492
cybfrdydog.mp4,0.9467210173606873
cybvkcmdgl.mp4,0.10051843523979187
cyckgyxtxi.mp4,0.535025954246521
cydneakcyh.mp4,0.9596254229545593
cydsglobim.mp4,0.9683317542076111
cyeiqwpyxo.mp4,0.6279524564743042
cyfaiicytj.mp4,0.9290639758110046
cyfaimpqvv.mp4,0.1551792323589325
cyfgzhxmdo.mp4,0.93753582239151
cyfjdftqxg.mp4,0.9329994320869446
cyglumtcmz.mp4,0.2340492159128189
cyhefjhsko.mp4,0.9686464071273804
cyhmklcvkd.mp4,0.8971277475357056
cyhpyggvsq.mp4,0.9752931594848633
cyjcfkdjgp.mp4,0.9259797930717468
cyjrsnjizj.mp4,0.8693386912345886
cykylxfjrb.mp4,0.9429267644882202
cymktmzosb.mp4,0.7007057070732117
cynqzgnnkd.mp4,0.9229518175125122
cynrqvpahp.mp4,0.48857030272483826
cyokqrzbol.mp4,0.969838559627533
cypejmkvjc.mp4,0.7072435021400452
cypzxddmmk.mp4,0.8490212559700012
cyqhzdxgrk.mp4,0.9616361260414124
cyqqtpkazm.mp4,0.9422112107276917
cyqrdjfqfp.mp4,0.9502215385437012
cyqsfqlbgp.mp4,0.9321298003196716
cyrmhszohp.mp4,0.933769166469574
cyrnxncxif.mp4,0.9285123944282532
cyucijsqiw.mp4,0.6315290927886963
cyudfgcsbh.mp4,0.7337835431098938
cyvjigpbao.mp4,0.7281333804130554
cyvrbnzomt.mp4,0.957082986831665
cyvwarfocs.mp4,0.8999343514442444
cywebjaezn.mp4,0.06894449889659882
cyxhaypqzs.mp4,0.8359634876251221
cyxhjuflrs.mp4,0.23665973544120789
cyxtasgppy.mp4,0.09046272933483124
cyxzkgsafw.mp4,0.14866772294044495
cyyqtralcn.mp4,0.9044864773750305
cyzaecgzji.mp4,0.8944945931434631
czbsjdjmlq.mp4,0.896736204624176
czcbegjurf.mp4,0.5498415231704712
czddwifbwy.mp4,0.5804238319396973
czdipdvsft.mp4,0.3140794336795807
czffoviacf.mp4,0.7650694847106934
czftcuzylj.mp4,0.9159439206123352
czfvgsiezr.mp4,0.8569509983062744
czgzxzzvfg.mp4,0.9580816030502319
czhddzphpn.mp4,0.8319212198257446
czirapruub.mp4,0.47289925813674927
czixqjgyck.mp4,0.07387665659189224
czjjlhcdaf.mp4,0.9423053860664368
czjmqasuys.mp4,0.9040096998214722
czjyavzouv.mp4,0.9119077324867249
czkgavlmdr.mp4,0.2308291643857956
czkmptcbfr.mp4,0.8046337366104126
czkwwkzpyx.mp4,0.8467382788658142
czlanpxaoq.mp4,0.8721789121627808
czldstijav.mp4,0.8189874291419983
czlfmczgfs.mp4,0.08125628530979156
cznweqvrog.mp4,0.9088584780693054
czobhnafne.mp4,0.9640607833862305
czofuhtjvw.mp4,0.9818545579910278
czpfqlacbh.mp4,0.9553303122520447
czpgezpcrt.mp4,0.8716866970062256
czqsbhaceo.mp4,0.636716365814209
czquwucvls.mp4,0.8768647909164429
czrhylrxtc.mp4,0.05106884241104126
czspkzxynw.mp4,0.9346766471862793
cztqkbxnzr.mp4,0.9634270071983337
czvafigkpt.mp4,0.06574297696352005
czvkzoewhw.mp4,0.9311851859092712
czvwaeigfa.mp4,0.33258897066116333
czxtlccmnm.mp4,0.8393526077270508
czxuxqxdzr.mp4,0.9062452912330627
czygbspvwr.mp4,0.06810029596090317
czygnxlbjc.mp4,0.5337739586830139
czyhqhvccy.mp4,0.9092007875442505
czylfgmknr.mp4,0.9159597158432007
czyllxdlzo.mp4,0.5666949152946472
czzesconay.mp4,0.9248769283294678
dabecadkih.mp4,0.8942468762397766
dabgyrgsmq.mp4,0.9258127808570862
dabimeamvb.mp4,0.740497887134552
dacipjinby.mp4,0.8653509616851807
dadafcvbky.mp4,0.9276880621910095
dadkezptce.mp4,0.9794647097587585
dadoqbxlso.mp4,0.923190176486969
dadrotzwag.mp4,0.8611913323402405
dagcolpmki.mp4,0.0829475000500679
dagcrdgape.mp4,0.08099815249443054
dagerloolt.mp4,0.955354630947113
daghsascso.mp4,0.8622806072235107
dagmnvkeeg.mp4,0.9413253664970398
dagnyzbyvf.mp4,0.9245336055755615
dagtaiqtnd.mp4,0.8015636801719666
dailocwlfc.mp4,0.8955015540122986
daimottkty.mp4,0.07557417452335358
daisdfsvkt.mp4,0.8643139600753784
daiwuxoium.mp4,0.959919273853302
dajcyskjxs.mp4,0.8580984473228455
dajlkmlvch.mp4,0.9056935906410217
dakgcjvwgg.mp4,0.9528427124023438
dakqqwnrmp.mp4,0.19514256715774536
dalkdjprwa.mp4,0.8371609449386597
dalqfujoxh.mp4,0.0871579721570015
dalxcpgfym.mp4,0.5117857456207275
dalynxygrs.mp4,0.9839083552360535
damibfwqrr.mp4,0.049470651894807816
damjizgilg.mp4,0.5424008369445801
damwvewpft.mp4,0.9555742740631104
danafqnhho.mp4,0.6359543800354004
danqvbizlv.mp4,0.6247545480728149
danseoxojf.mp4,0.7965663075447083
danuecrfoy.mp4,0.9266876578330994
danxziqhbj.mp4,0.7581818699836731
daoacyzjae.mp4,0.5
daojzrtlbh.mp4,0.8519032597541809
daoqftnvgp.mp4,0.8545246124267578
dapvpkfack.mp4,0.05975412577390671
daqbetniep.mp4,0.9166338443756104
darajozjnx.mp4,0.897171676158905
darxqfiash.mp4,0.139252707362175
dasikdoalw.mp4,0.23065416514873505
dasivprjjm.mp4,0.2703329920768738
dasprsensp.mp4,0.24292723834514618
dathymnzrv.mp4,0.6873078942298889
dauiheqtqt.mp4,0.5415271520614624
daukofinwi.mp4,0.8734689950942993
dauxqdsrta.mp4,0.8435112833976746
dawquhngxn.mp4,0.7187034487724304
dazcqddmah.mp4,0.3622221052646637
dazmitzpls.mp4,0.5888078212738037
dazseswwpp.mp4,0.8917141556739807
dbahlxpfkm.mp4,0.9244888424873352
dbajaaprln.mp4,0.9501341581344604
dbauiiupef.mp4,0.5163605213165283
dbbbhusgnt.mp4,0.33050936460494995
dbbefxhmfk.mp4,0.7911780476570129
dbbvpyzdsv.mp4,0.05942846089601517
dbckbkktch.mp4,0.21635812520980835
dbdoggoocx.mp4,0.9142987132072449
dbeouqereh.mp4,0.9480461478233337
dbgdvoqjrs.mp4,0.9404799938201904
dbgknmtfbf.mp4,0.9561452865600586
dbgvpwesbv.mp4,0.3238261640071869
dbhehpfump.mp4,0.0926675945520401
dbhprzhroy.mp4,0.04352366924285889
dbixwxtuxs.mp4,0.06984050571918488
dbjeddgjgs.mp4,0.0695049837231636
dbkmmswqfg.mp4,0.42663848400115967
dbkrfxlell.mp4,0.947722315788269
dbkximjyaw.mp4,0.8730005025863647
dblcsugamc.mp4,0.963269054889679
dblhswzedj.mp4,0.9617891311645508
dbljnexmlf.mp4,0.8700191378593445
dbmaspujld.mp4,0.9096258878707886
dbmbkijkmk.mp4,0.09403353929519653
dbmlazkbll.mp4,0.924439549446106
dbmrufysdj.mp4,0.9390904903411865
dbnggnoozm.mp4,0.9146199822425842
dbobbvqmkr.mp4,0.6543223261833191
dbogzmnzlt.mp4,0.7799849510192871
dbpcjeeaui.mp4,0.09675699472427368
dbpfptzhiw.mp4,0.0457829125225544
dbpzdrpogs.mp4,0.9436038732528687
dbqbbonwjt.mp4,0.969201922416687
dbqbwrcvjk.mp4,0.314318984746933
dbqcfvuugb.mp4,0.9616190195083618
dbqtnfwwle.mp4,0.9113671779632568
dbqyiobgnx.mp4,0.8913858532905579
dbrnckvpjv.mp4,0.9880441427230835
dbsxlxitgm.mp4,0.0604432113468647
dbthqamhyz.mp4,0.9691402316093445
dbvdymdpym.mp4,0.16569101810455322
dbvjdiyqrb.mp4,0.31517937779426575
dbvvehcocv.mp4,0.8889038562774658
dbwydfwtip.mp4,0.6876477599143982
dbxpzfbhsn.mp4,0.8679458498954773
dbyordqnut.mp4,0.9463506937026978
dbyyuizpvr.mp4,0.9512115120887756
dcadwqahtn.mp4,0.5186294913291931
dcadxbcfng.mp4,0.04217533394694328
dcawsogoet.mp4,0.9665003418922424
dcazaskuka.mp4,0.6816070675849915
dcbbeqmvuk.mp4,0.8429681062698364
dcbuzzqnof.mp4,0.8008984327316284
dcddcsmeyi.mp4,0.16842393577098846
dcekkkxnfx.mp4,0.952444314956665
dcekxwervb.mp4,0.9682177305221558
dceycqcznl.mp4,0.9507496953010559
dcgaqywrfn.mp4,0.9018344879150391
dcgnumdfoq.mp4,0.6086271405220032
dcgzckukcv.mp4,0.9244784116744995
dcjfueishg.mp4,0.32047274708747864
dcjmcaxcxz.mp4,0.6743932962417603
dcjmwckfgf.mp4,0.05121208354830742
dcjnlrvwko.mp4,0.33015984296798706
dcjvqpgjgd.mp4,0.972603440284729
dcjymntuui.mp4,0.8012412786483765
dcklqywyhe.mp4,0.05352569371461868
dckwrwjrzb.mp4,0.930579423904419
dckygrkwnr.mp4,0.32288816571235657
dcmammspzg.mp4,0.9217854142189026
dcmitrlcbk.mp4,0.15216514468193054
dcmolptgrh.mp4,0.9555745720863342
dcmwnhbreb.mp4,0.7314897775650024
dcnlykkbbx.mp4,0.9081900119781494
dcnqtgonsk.mp4,0.8370864391326904
dcoieqrjhf.mp4,0.9243411421775818
dcoyfnrpsm.mp4,0.8960830569267273
dcpgtzfulm.mp4,0.776924192905426
dcpmipuapc.mp4,0.07627149671316147
dcqdtsgrif.mp4,0.29500317573547363
dcqhhkwztm.mp4,0.9119614362716675
dcqxjyahds.mp4,0.7027454972267151
dcrefaartv.mp4,0.8837409615516663
dcrjbnkhwu.mp4,0.9131238460540771
dcrsugpfcv.mp4,0.8985224366188049
dcsuccbsei.mp4,0.970831573009491
dcszjczlpo.mp4,0.9461365938186646
dctlyoecwq.mp4,0.5422353744506836
dctsqbktdd.mp4,0.8163760304450989
dctyzjipfr.mp4,0.4257084131240845
dcveredmux.mp4,0.6400408148765564
dcvnpbelyb.mp4,0.9306594729423523
dcvnuptiko.mp4,0.8971572518348694
dcwcdhskvh.mp4,0.942510187625885
dcwokudqws.mp4,0.057538632303476334
dcxozcclel.mp4,0.07590644061565399
dcyizhgzmd.mp4,0.6930285096168518
dcykyujhay.mp4,0.9551592469215393
dczlxpspyt.mp4,0.9203035831451416
dczmsjrwlc.mp4,0.8226349949836731
dcztdakmjg.mp4,0.9644071459770203
dczxxkstmj.mp4,0.9850523471832275
ddafrtsryt.mp4,0.9074802398681641
ddagxidupk.mp4,0.5494015216827393
ddbiylzzqx.mp4,0.911424458026886
ddblowwfcm.mp4,0.9513413310050964
ddbyhorsay.mp4,0.9021636247634888
ddcymnyysf.mp4,0.8057824373245239
dddjbmpchd.mp4,0.9047204852104187
ddewfzykyp.mp4,0.5555385947227478
ddfqkcxrnx.mp4,0.6186509132385254
ddfrexfnhg.mp4,0.053564317524433136
ddgdbctyif.mp4,0.8485608696937561
ddgworhapa.mp4,0.936180830001831
ddhsykhyod.mp4,0.923664927482605
ddidvzmvjs.mp4,0.93907231092453
ddieekaouu.mp4,0.9401000738143921
ddifvixwxx.mp4,0.9312574863433838
ddjfjzmdkk.mp4,0.6972366571426392
ddjzmyabyu.mp4,0.9458602070808411
ddkcxrncmq.mp4,0.8968122601509094
ddkjmumjgf.mp4,0.8812729716300964
ddktcurcsw.mp4,0.9081025719642639
ddnfrgolit.mp4,0.6882371306419373
ddnthwdvwg.mp4,0.11031503230333328
ddnticyxmd.mp4,0.11837209016084671
ddoanziqhj.mp4,0.7825762629508972
ddofbnkgot.mp4,0.8901500701904297
ddofbzcdbb.mp4,0.8861405253410339
ddogfurugq.mp4,0.44667282700538635
ddpngojvzy.mp4,0.9142832159996033
ddppcudrad.mp4,0.967811107635498
ddqayybsuq.mp4,0.927789032459259
ddqnhxudty.mp4,0.8101270198822021
ddqsbryhvd.mp4,0.14184629917144775
ddrjnwlugg.mp4,0.07928057760000229
ddrtwbrvvq.mp4,0.6311915516853333
ddrxykcwxm.mp4,0.3064262568950653
ddryljorfm.mp4,0.9662702083587646
ddshhjsygw.mp4,0.8792604207992554
ddsylmermi.mp4,0.9167196750640869
ddteixybzf.mp4,0.35572177171707153
ddtxbzgbho.mp4,0.9436556696891785
dduarbnfwc.mp4,0.08945067971944809
ddvbvfrnwi.mp4,0.9356701374053955
ddvbwjmtxo.mp4,0.8919951319694519
ddvgrczjno.mp4,0.840358316898346
ddvknwrapr.mp4,0.05200023949146271
ddvqkgpblf.mp4,0.5378465056419373
ddvstiwcwt.mp4,0.9624413251876831
ddvwdvwcla.mp4,0.9797105193138123
ddvxmmcqic.mp4,0.8304492831230164
ddwepnuyti.mp4,0.7042496800422668
ddwfpwxejt.mp4,0.8763683438301086
ddzdqyzdhc.mp4,0.0768379271030426
ddzfcscdat.mp4,0.983919620513916
ddzsbynofq.mp4,0.9442312717437744
debaivdfyo.mp4,0.8787021636962891
debfikcmdv.mp4,0.19223006069660187
debllamlvm.mp4,0.9143198728561401
decpkffsla.mp4,0.8297051191329956
dedqiwxjck.mp4,0.9738751649856567
dedyedsjrf.mp4,0.6275189518928528
deeihusbku.mp4,0.22390642762184143
deeqmpacic.mp4,0.932976484298706
deesewpczx.mp4,0.7809985876083374
deewyvrlzo.mp4,0.8952006697654724
defeqlyysh.mp4,0.6304691433906555
defolmxezz.mp4,0.9530503749847412
degaiqcgjz.mp4,0.8789570927619934
degqguwzgp.mp4,0.05973665416240692
degriaqieh.mp4,0.9487131237983704
degrpcsful.mp4,0.5873047113418579
degyedntzd.mp4,0.9475212693214417
dehhyjdoal.mp4,0.9038375020027161
dehkunamqr.mp4,0.8663604855537415
deiwnqacsh.mp4,0.8627626299858093
dejrbttkhl.mp4,0.9869329333305359
delpasdocb.mp4,0.7135174870491028
delyrslnsy.mp4,0.9150137305259705
demhikwrxs.mp4,0.8937695026397705
denujrssjb.mp4,0.7573798298835754
denvrbrfex.mp4,0.9312106966972351
deogcslvgj.mp4,0.5614970922470093
deoisxtlgy.mp4,0.5503184199333191
deokroxvyd.mp4,0.9582341909408569
deonabexby.mp4,0.888100266456604
depcrcqwai.mp4,0.8850288987159729
depsivyouu.mp4,0.6452285051345825
depwiwjaya.mp4,0.9709524512290955
deqdvahbhg.mp4,0.9187328219413757
deqjbfxtgj.mp4,0.7118931412696838
derdywipzq.mp4,0.5147996544837952
derfsbbisk.mp4,0.8318684101104736
derkcaxbhk.mp4,0.9867466688156128
dermobcmbu.mp4,0.17880958318710327
derpbinucl.mp4,0.855024516582489
deslnszgpy.mp4,0.09462003409862518
detuirvogn.mp4,0.9496868252754211
detwoqyuci.mp4,0.8096842169761658
devefnvbbj.mp4,0.9270102381706238
devkehhkrk.mp4,0.09255041927099228
dewntsgucs.mp4,0.16875438392162323
dewwkfbakz.mp4,0.972207248210907
dexltvvrzu.mp4,0.8805280923843384
dexmozizsn.mp4,0.8664552569389343
dexnpbncta.mp4,0.8912113904953003
dexrcvoajh.mp4,0.8827884197235107
dexuumghyb.mp4,0.9070962071418762
dezuxwdjih.mp4,0.5299109816551208
dezvqtncth.mp4,0.7932262420654297
dfaeqriiwz.mp4,0.857107937335968
dfarlbhxsu.mp4,0.7340652346611023
dfaslvpqyj.mp4,0.3446058928966522
dfcoszgyow.mp4,0.8874112963676453
dfcschesei.mp4,0.8314663171768188
dferzfqkbu.mp4,0.8706908822059631
dffkcrccsj.mp4,0.8452600836753845
dffmvpqblv.mp4,0.980308473110199
dffsnfrocs.mp4,0.7820756435394287
dffwjugyxq.mp4,0.07443783432245255
dfgmdzwtdj.mp4,0.919756293296814
dfgxmbooui.mp4,0.9100471138954163
dfgzhzlnpa.mp4,0.7866532802581787
dfhijhjvbb.mp4,0.8270360231399536
dfhnxcowcn.mp4,0.14243564009666443
dfhofezdps.mp4,0.9210735559463501
dfhzmusawi.mp4,0.6073024868965149
dfiwbwdvci.mp4,0.9886751174926758
dfizleqjyx.mp4,0.47585442662239075
dfjeslbxar.mp4,0.8898299932479858
dfkjcoltmo.mp4,0.9647536873817444
dfkkldwxjs.mp4,0.9208799600601196
dfkqciwcxx.mp4,0.7012448906898499
dfkqgmlyqe.mp4,0.047534577548503876
dflerefwqj.mp4,0.33876729011535645
dflmmskmaf.mp4,0.5362458825111389
dflntkllui.mp4,0.880601167678833
dfltwxmthv.mp4,0.8069531321525574
dfmgpurley.mp4,0.9849269986152649
dfmrkjvbst.mp4,0.9462383985519409
dfnxqfwtxy.mp4,0.907904863357544
dfolhoqttw.mp4,0.8914415240287781
dfpmkyzpca.mp4,0.563376784324646
dfpyystabi.mp4,0.24327726662158966
dfqwasrdvq.mp4,0.6457149386405945
dfqzmxyvqw.mp4,0.08900019526481628
dfrblpzrfs.mp4,0.7546743154525757
dfrhdjwfpz.mp4,0.9000018835067749
dfrxcsrixu.mp4,0.9670299887657166
dfsgzankji.mp4,0.823255181312561
dfsudwuyki.mp4,0.9160650372505188
dftyisuemv.mp4,0.8017652630805969
dfueewmwus.mp4,0.8239388465881348
dfujjfsabh.mp4,0.8993077278137207
dfulockbbz.mp4,0.957729697227478
dfvfkozxkx.mp4,0.9530640244483948
dfvwkacxqe.mp4,0.8587126731872559
dfwachzzkr.mp4,0.9841371774673462
dfwtdceztx.mp4,0.45137104392051697
dfxiluowgr.mp4,0.8967365026473999
dfzgnwsdcd.mp4,0.9159106016159058
dgavmmishw.mp4,0.9163251519203186
dgaytezioz.mp4,0.9818506240844727
dgbeekairq.mp4,0.413410484790802
dgbqnwuqlf.mp4,0.850875735282898
dgbszzkmyr.mp4,0.9110420942306519
dgbxioynxc.mp4,0.9695238471031189
dgcjustqps.mp4,0.959236741065979
dgcuscqlkd.mp4,0.13850754499435425
dgcyaajqwm.mp4,0.8520679473876953
dgdaodyusj.mp4,0.7748143672943115
dgdvunsamx.mp4,0.5851262211799622
dgezbtjinh.mp4,0.9436712861061096
dgftkfwzwu.mp4,0.12117301672697067
dgfuertkjp.mp4,0.7292944192886353
dgfxvmrcxi.mp4,0.8073874711990356
dggzfnnmwf.mp4,0.8955355286598206
dggzimgtrq.mp4,0.5770086646080017
dghbpnphef.mp4,0.11309665441513062
dghlnlzoks.mp4,0.4788517653942108
dghuodhtqi.mp4,0.8411956429481506
dgizmspftn.mp4,0.9146735072135925
dgjlourgsw.mp4,0.8704391717910767
dgjmstvnpd.mp4,0.9500763416290283
dgjssccxhx.mp4,0.9455562829971313
dgjxfzhrzg.mp4,0.8291091322898865
dgkyrayvtd.mp4,0.6997578144073486
dglnsoibqk.mp4,0.8294808864593506
dglvilfaao.mp4,0.9520523548126221
dgmcoflrox.mp4,0.9528866410255432
dgmerbxfzu.mp4,0.9326615333557129
dgmxfixurf.mp4,0.7855899333953857
dgmzjbwhdm.mp4,0.9612315893173218
dgnnjvelxv.mp4,0.9587576985359192
dgnrrgbuck.mp4,0.8326576352119446
dgnrrzbdki.mp4,0.06287838518619537
dgnzzvfujo.mp4,0.06869043409824371
dgohtipgij.mp4,0.9446173310279846
dgpvbdmebj.mp4,0.8755810856819153
dgqifelufo.mp4,0.3044903576374054
dgrsfhioaj.mp4,0.15114754438400269
dgrzbruftl.mp4,0.5207366943359375
dgsfaepnum.mp4,0.9386021494865417
dgsvgrqoku.mp4,0.8567351698875427
dgtdgrzifi.mp4,0.09930023550987244
dguibctgnw.mp4,0.8550171256065369
dguimpsjmb.mp4,0.8481799364089966
dguncbljmw.mp4,0.11100073903799057
dguvdjysqo.mp4,0.9651840925216675
dgvjvwlahu.mp4,0.8300964832305908
dgvqefslkw.mp4,0.21760377287864685
dgwexsksra.mp4,0.9219791293144226
dgwhrhufly.mp4,0.9103890657424927
dgwrkbdoop.mp4,0.6306196451187134
dgxpjtddfz.mp4,0.8100011348724365
dgxwkzjeuh.mp4,0.9781080484390259
dgyidaeucw.mp4,0.8524645566940308
dgyqnulynq.mp4,0.5617817044258118
dgytnkpzjs.mp4,0.9166069626808167
dgzajzyzum.mp4,0.07675615698099136
dhacxelphg.mp4,0.5385123491287231
dhafiubuuv.mp4,0.2282811850309372
dharoobkdi.mp4,0.8226258754730225
dhbbkwlagj.mp4,0.5
dhbixobmeu.mp4,0.8445011973381042
dhbnxpdkof.mp4,0.9342909455299377
dhbzkpirjq.mp4,0.9353422522544861
dhcfvvwvid.mp4,0.8489556908607483
dhcpmedqqw.mp4,0.11319244652986526
dhcvupxnrj.mp4,0.052942484617233276
dhcxruhxqm.mp4,0.9343178868293762
dhdarygjio.mp4,0.9717697501182556
dhdbsecfsy.mp4,0.9700683355331421
dhdivhuwly.mp4,0.9216942191123962
dhdtvnuglu.mp4,0.887824535369873
dheglvyxoz.mp4,0.48213955760002136
dhetuxjmnz.mp4,0.9083070158958435
dheynhtlps.mp4,0.8907535672187805
dhfcwchsir.mp4,0.9152947068214417
dhfeyosllj.mp4,0.10151994228363037
dhfinawlcy.mp4,0.9055230617523193
dhfkryfspz.mp4,0.9805738925933838
dhflewbzbo.mp4,0.9136589169502258
dhhpaftgnd.mp4,0.7670958638191223
dhibgljpai.mp4,0.0828668624162674
dhiiiwxtof.mp4,0.6560064554214478
dhinaqxuuj.mp4,0.9404391646385193
dhisuendkq.mp4,0.9749859571456909
dhjmgdgkte.mp4,0.04522331804037094
dhjromtynd.mp4,0.9005071520805359
dhkdjqwfhy.mp4,0.9587081670761108
dhkwqxhujb.mp4,0.8153561353683472
dhlibjhsri.mp4,0.9527261853218079
dhlpxgiilz.mp4,0.5025051236152649
dhmgfhlwzp.mp4,0.8415892124176025
dhmovshgex.mp4,0.9733323454856873
dhmqtqggfb.mp4,0.9404122829437256
dhnbifolrc.mp4,0.9700731635093689
dhnoqbblkm.mp4,0.8753858804702759
dhoazaplgg.mp4,0.953783392906189
dhpjfcwifb.mp4,0.8993168473243713
dhprkfvrph.mp4,0.9486907124519348
dhpxicqwzj.mp4,0.8419650197029114
dhsvhffmmv.mp4,0.6047016978263855
dhujlrhlmc.mp4,0.9761005640029907
dhuvrjnggi.mp4,0.9273519515991211
dhvakcuotf.mp4,0.39600425958633423
dhvibkkpax.mp4,0.7256057858467102
dhvnzywyuf.mp4,0.8174620866775513
dhvojcmjnl.mp4,0.7276797294616699
dhweakfwyf.mp4,0.8447625637054443
dhwvoebdjs.mp4,0.0622330941259861
dhxfrumvhh.mp4,0.7030693888664246
dhxmdqifot.mp4,0.9626454710960388
dhxrauqahg.mp4,0.9247244596481323
dhyevnqzak.mp4,0.9124842286109924
dhyywwatda.mp4,0.5400733351707458
dhzitkpnzx.mp4,0.8613682985305786
dianuqbtho.mp4,0.8916119337081909
dicdynesul.mp4,0.9406033158302307
dicfjxkgdb.mp4,0.9669205546379089
diegrsidvu.mp4,0.937278151512146
difjzyvozs.mp4,0.7316674590110779
difkouazrx.mp4,0.9422304630279541
digadpqbnq.mp4,0.3006546199321747
digodfuebj.mp4,0.9138561487197876
digvzzvyoe.mp4,0.8389348983764648
dihikfoowv.mp4,0.8813720345497131
dihltgtngr.mp4,0.8509563207626343
dihvecbwqc.mp4,0.8504111766815186
diiznqknyh.mp4,0.9328790307044983
dijbnarhjk.mp4,0.09294822067022324
dijkbxqbtk.mp4,0.8978078961372375
dijkublluh.mp4,0.8920450210571289
dikjzdxxoa.mp4,0.8268284797668457
dikmwvppsb.mp4,0.8988357782363892
dilfieqeyf.mp4,0.9011000394821167
dilfumvxqx.mp4,0.9576345086097717
dilvamjaoj.mp4,0.9294803738594055
dilyraxdba.mp4,0.7765598297119141
dimiflrvgt.mp4,0.9009023308753967
dimlufgfja.mp4,0.9284184575080872
dimxnfalvi.mp4,0.9369611740112305
dimzkihwpf.mp4,0.95701664686203
dinsbywbwl.mp4,0.0904824435710907
dinswqpjsj.mp4,0.8513119220733643
diopnptloj.mp4,0.5993472337722778
dioueusgrg.mp4,0.15364882349967957
dioxvkiwze.mp4,0.8137097358703613
diozrmqahq.mp4,0.9061968922615051
diptkcsvwb.mp4,0.7699607014656067
diqqbcmidu.mp4,0.8974332809448242
dirfuosarj.mp4,0.7199783325195312
dirmzyzqdc.mp4,0.9705089330673218
disbytpxhu.mp4,0.9268463253974915
diskzkrrph.mp4,0.13474437594413757
disldvkasb.mp4,0.9040340781211853
disvnwrryr.mp4,0.05008653923869133
ditgggwqru.mp4,0.9157850742340088
ditgnohyeb.mp4,0.7746493220329285
ditygkvzml.mp4,0.9525368809700012
diuaptgufo.mp4,0.8974206447601318
diubkvruls.mp4,0.460353285074234
diufxiirow.mp4,0.9049832224845886
diuoilvnvc.mp4,0.8319997787475586
diwiirjriq.mp4,0.18719755113124847
diwpgiikqw.mp4,0.9441745281219482
diybxapfbw.mp4,0.89871746301651
diyokbalej.mp4,0.9416265487670898
diztudbgym.mp4,0.9395834803581238
djabgmttqg.mp4,0.7816051244735718
djagudgftt.mp4,0.1891290843486786
djbimbpwbg.mp4,0.17521850764751434
djbwlpybbr.mp4,0.837247371673584
djbxnuqltp.mp4,0.9343309998512268
djchjxxndc.mp4,0.9398756623268127
djckwbjble.mp4,0.8415398597717285
djcwyyddya.mp4,0.8330920934677124
djelvxvyhb.mp4,0.8674454689025879
djhhnixfyi.mp4,0.895204484462738
djhnisnmzs.mp4,0.9143751263618469
djillmkele.mp4,0.9165482521057129
djiysgzgpe.mp4,0.20710544288158417
djjafmdtxy.mp4,0.9011494517326355
djjdcnhlma.mp4,0.969021201133728
djjdzsivvi.mp4,0.9395396709442139
djjhidxwnx.mp4,0.7083584070205688
djjtwjtymj.mp4,0.9435591101646423
djkvxejnqm.mp4,0.7749088406562805
djkwstalvv.mp4,0.10458055138587952
djkzdbcfgb.mp4,0.8813063502311707
djlbwxsyud.mp4,0.925349235534668
djlgjbpuvk.mp4,0.5368338227272034
djlgnbnsle.mp4,0.8766475319862366
djlkkqmjkk.mp4,0.07038529217243195
djlubjyhsj.mp4,0.053530558943748474
djmormcyqu.mp4,0.07468806952238083
djncmccgpw.mp4,0.6483587026596069
djodnxisaa.mp4,0.33775123953819275
djossucaoj.mp4,0.8925381302833557
djozjfcnwk.mp4,0.8678229451179504
djpakbpuym.mp4,0.9280640482902527
djphxzgkco.mp4,0.1130196675658226
djrfxolqxm.mp4,0.8238502740859985
djttvzkrat.mp4,0.8441157937049866
djtxjdqkhn.mp4,0.8727002739906311
djuglubovi.mp4,0.8435057997703552
djurladqta.mp4,0.9473434090614319
djvbsnsiah.mp4,0.07424793392419815
djvustcyne.mp4,0.7632682919502258
djvygkqnxw.mp4,0.9873082041740417
djwcqyqznx.mp4,0.5757684111595154
djwshghuug.mp4,0.9294348955154419
djxcmobexd.mp4,0.9141606688499451
djxogftlxw.mp4,0.8867005705833435
djxtvdtmxx.mp4,0.9287371039390564
djxzmbwtxh.mp4,0.9765134453773499
djycdroxqm.mp4,0.8549209833145142
djynqeqhud.mp4,0.7495121359825134
djytodyczi.mp4,0.6329348087310791
djzdpqlzfe.mp4,0.9317159652709961
djzjzfzmel.mp4,0.8147789239883423
djzpxvypfp.mp4,0.912638247013092
dkadyyxwru.mp4,0.04390856996178627
dkaklaptww.mp4,0.8945766687393188
dkayifawyz.mp4,0.6512212157249451
dkbpvlmyhq.mp4,0.9045425057411194
dkcdwhimur.mp4,0.9867755770683289
dkcffbwxex.mp4,0.8204820156097412
dkdxutvheq.mp4,0.9562004804611206
dkecoglfmz.mp4,0.8350610136985779
dkeguzynhx.mp4,0.9281919598579407
dkemxsjleq.mp4,0.2899714410305023
dketpabwga.mp4,0.1904413402080536
dkeywucgch.mp4,0.9683826565742493
dkfyvfjcpr.mp4,0.2158997505903244
dkgmpwbqde.mp4,0.061426229774951935
dkgxnghmhd.mp4,0.9177309274673462
dkgxsuavjw.mp4,0.896658182144165
dkhdxcsjsk.mp4,0.9620947241783142
dkiiqijowz.mp4,0.0670604258775711
dkisuimzar.mp4,0.879210889339447
dkjpnomaek.mp4,0.9540809392929077
dkkqtmyitk.mp4,0.9748194217681885
dklyohebjb.mp4,0.9479978680610657
dkmesyoxlp.mp4,0.8348305225372314
dkmyaphiqy.mp4,0.1892092525959015
dkobxivwmn.mp4,0.16866929829120636
dkofkxrhng.mp4,0.871502161026001
dkpegbxels.mp4,0.7596634030342102
dkpvmylcug.mp4,0.9023032784461975
dkqbuhxzbn.mp4,0.8230734467506409
dkqgphgzgf.mp4,0.9435887932777405
dkqzxeudzp.mp4,0.934882640838623
dkrgbzdtot.mp4,0.8448338508605957
dkrjqyfgxb.mp4,0.7974246740341187
dktuqozmst.mp4,0.8985676169395447
dktvjujnqu.mp4,0.06255011260509491
dktwmkgcrz.mp4,0.9555686712265015
dktywrlqgu.mp4,0.9771155118942261
dkuekmvqoy.mp4,0.8044010996818542
dkuuejqoss.mp4,0.8501867651939392
dkuvktiywb.mp4,0.7701114416122437
dkvxzocpnx.mp4,0.9608493447303772
dkwhpqqqaf.mp4,0.9474755525588989
dkxbvpgztu.mp4,0.40253424644470215
dkxermeyac.mp4,0.8014495968818665
dkxsrhspqf.mp4,0.04232233017683029
dkxyfdytbs.mp4,0.2253206968307495
dkyztnifza.mp4,0.3053690791130066
dkzdguggob.mp4,0.9654206037521362
dkzvhtkenl.mp4,0.8733327388763428
dlalkoiknc.mp4,0.9567444324493408
dlazwrjveu.mp4,0.15793417394161224
dlbxnfthal.mp4,0.8562847375869751
dlcbmdkbxz.mp4,0.8514518737792969
dlccyuailb.mp4,0.824395477771759
dlckdleyaj.mp4,0.9607914090156555
dlebjfujap.mp4,0.9079364538192749
dlelgvsnae.mp4,0.21350474655628204
dlezhlbjtu.mp4,0.5724542140960693
dlfjgxzokr.mp4,0.060110364109277725
dlfubjxywg.mp4,0.903519332408905
dlgcycscay.mp4,0.9412283897399902
dlhibcsuow.mp4,0.8928393125534058
dlhnapxhem.mp4,0.9827111959457397
dlhzfvfgzh.mp4,0.9370071887969971
dliapdgfsg.mp4,0.6906267404556274
dljvfmkkpo.mp4,0.614814281463623
dlkjimbdzz.mp4,0.11597879976034164
dlknkizxrw.mp4,0.854811429977417
dllkubdbbd.mp4,0.94233638048172
dlllcetqbw.mp4,0.9561648368835449
dlmfukhdrj.mp4,0.07657501101493835
dlnxsfbljv.mp4,0.8748459815979004
dlogguklox.mp4,0.45233258605003357
dlohmggfrd.mp4,0.8919607996940613
dlqouiqfue.mp4,0.7368735671043396
dlrooyspqx.mp4,0.9453073143959045
dlsdmdraln.mp4,0.5098538994789124
dlszoejyjb.mp4,0.08361038565635681
dltoduaeaj.mp4,0.8767314553260803
dluknggcwk.mp4,0.5547428727149963
dluqlzodmm.mp4,0.9432852864265442
dlvuwljayy.mp4,0.9367765188217163
dlvvnxsmyt.mp4,0.918006181716919
dlwczwqwer.mp4,0.9096077084541321
dlzptoehia.mp4,0.8749240040779114
dmabuhmyel.mp4,0.05181267857551575
dmadqljrab.mp4,0.07317621260881424
dmavufuqqy.mp4,0.8597910404205322
dmbhjotdud.mp4,0.9431898593902588
dmbwijgszl.mp4,0.4745415151119232
dmcaboiwzd.mp4,0.9421873092651367
dmchxgiecw.mp4,0.9246141910552979
dmcnsuwsin.mp4,0.3868443965911865
dmczblhcdt.mp4,0.9022977948188782
dmddngkhes.mp4,0.9107756614685059
dmdskkrzbc.mp4,0.8832414150238037
dmdsqhprqw.mp4,0.8382436633110046
dmebceoylu.mp4,0.9107124209403992
dmecajzxbx.mp4,0.38165950775146484
dmehxjzdmv.mp4,0.07027312368154526
dmelcppgzc.mp4,0.9869189262390137
dmepwdmccf.mp4,0.5094090104103088
dmfaqzikrh.mp4,0.8894631266593933
dmffmleqcu.mp4,0.8432901501655579
dmfysraiiw.mp4,0.9222573041915894
dmgafmocjl.mp4,0.18494358658790588
dmgjhisfnt.mp4,0.944419801235199
dmgshaefup.mp4,0.9614247679710388
dmhfssknop.mp4,0.8910133242607117
dmhsizbghm.mp4,0.9010188579559326
dmisapphyk.mp4,0.9782761335372925
dmitvectsn.mp4,0.049485981464385986
dmjozwexzt.mp4,0.9081796407699585
dmllscpmpp.mp4,0.7127947807312012
dmmdfzagvm.mp4,0.9290338754653931
dmmuakrefq.mp4,0.14867153763771057
dmncsnzmsa.mp4,0.9199445247650146
dmndsesdsu.mp4,0.6888279914855957
dmneorhwcl.mp4,0.8781370520591736
dmniibimgn.mp4,0.8607717156410217
dmnurdpswv.mp4,0.9385876655578613
dmoctfubep.mp4,0.959248960018158
dmokusotwn.mp4,0.8998549580574036
dmomurmnec.mp4,0.9695993661880493
dmonugzxlo.mp4,0.89794921875
dmpacchzdi.mp4,0.13981445133686066
dmpeqobntf.mp4,0.711875855922699
dmpfxquzrt.mp4,0.8925407528877258
dmpvbeyuqb.mp4,0.10901837795972824
dmqjmpuosu.mp4,0.9011144638061523
dmqwuutqun.mp4,0.15959526598453522
dmqydcvmyy.mp4,0.9614885449409485
dmsbpidqka.mp4,0.12726184725761414
dmtjqgbezd.mp4,0.10840728878974915
dmubrkqxvd.mp4,0.07125013321638107
dmueaxtkcm.mp4,0.890432596206665
dmuhzrcbfa.mp4,0.43048134446144104
dmuovykqam.mp4,0.8538503050804138
dmurhipwia.mp4,0.7625445127487183
dmvnzlhpgm.mp4,0.5779367685317993
dmxcrspnga.mp4,0.3434385657310486
dmxinfvegm.mp4,0.581235408782959
dmxwithiff.mp4,0.9499151110649109
dmyojxbjac.mp4,0.8358928561210632
dmyrdvcubh.mp4,0.8765687942504883
dmyydmewnv.mp4,0.9519444108009338
dmzbzcjsrg.mp4,0.8380821943283081
dmzfhikjjo.mp4,0.9464414119720459
dnaoszqxag.mp4,0.9641461372375488
dnargmsmdp.mp4,0.8757622838020325
dnarvuxikn.mp4,0.8228225111961365
dnavpslhmy.mp4,0.9331938028335571
dnbnqzidxy.mp4,0.8739985227584839
dndpcusmgh.mp4,0.7888883948326111
dndpfhgmlx.mp4,0.8933784365653992
dndurwfpfx.mp4,0.8519923686981201
dnebeevzpl.mp4,0.9381850957870483
dnecilutfg.mp4,0.06793724000453949
dnfnxwbsoi.mp4,0.052724458277225494
dnfvyzhnfh.mp4,0.8839498162269592
dngwozfwzc.mp4,0.10959107428789139
dnhaskulaj.mp4,0.7368577718734741
dnhotbpzzg.mp4,0.8722370862960815
dnigdffplp.mp4,0.9552401304244995
dnirzrdpcv.mp4,0.9311926960945129
dnjlbgljyf.mp4,0.6669750809669495
dnksorsbcm.mp4,0.9341108202934265
dnlghyhgfj.mp4,0.12770245969295502
dnlqdcchcz.mp4,0.9365075826644897
dnlshtnedx.mp4,0.9080369472503662
dnlxklfacs.mp4,0.886372983455658
dnmgjhucsj.mp4,0.9396706819534302
dnmhntrzck.mp4,0.8743382096290588
dnnagoloqb.mp4,0.33471348881721497
dnnvqoyckz.mp4,0.3776591122150421
dnomkfoccj.mp4,0.22908228635787964
dnonvgmeyp.mp4,0.9224722385406494
dnqobuqalm.mp4,0.4800014793872833
dnquugxkdd.mp4,0.9030379056930542
dnratobdph.mp4,0.3749547600746155
dnrqehggwv.mp4,0.9521826505661011
dnrttdylqa.mp4,0.8893822431564331
dnrydtpjus.mp4,0.9394109845161438
dnsntuccbs.mp4,0.8912355899810791
dnsokgitxl.mp4,0.8882539868354797
dnswxamjjt.mp4,0.06632301211357117
dntihcoxuv.mp4,0.05566640943288803
dnublilpww.mp4,0.9127768278121948
dnuejnupba.mp4,0.8350813388824463
dnvrbqxhqz.mp4,0.29517197608947754
dnvxraeele.mp4,0.771609902381897
dnwfukbbcn.mp4,0.9540507793426514
dnwhoboviz.mp4,0.7388297915458679
dnwkqvsdtm.mp4,0.9541971683502197
dnwmnttyfe.mp4,0.9759222269058228
dnwohsnyob.mp4,0.09872055053710938
dnxpsqsuil.mp4,0.9450719952583313
dnydftpgky.mp4,0.8753301501274109
doagslzeae.mp4,0.8435674905776978
doaisfmawr.mp4,0.8035292625427246
doazeldxul.mp4,0.7463873624801636
doblwjidzf.mp4,0.9226606488227844
dobmkyconz.mp4,0.7123606204986572
dobniqrlak.mp4,0.06449154019355774
doboalxzro.mp4,0.9867861270904541
dodwessgpl.mp4,0.9473103880882263
doeijjugxc.mp4,0.9452096223831177
doemehunwj.mp4,0.7154821157455444
doevunlyyt.mp4,0.8310651779174805
dofxakipma.mp4,0.8755438923835754
dogibysjkl.mp4,0.9199774861335754
dogotzkdiw.mp4,0.10885510593652725
dohbueaisb.mp4,0.039953723549842834
doheugxdet.mp4,0.1289999634027481
doieimouer.mp4,0.09966793656349182
dojiveigog.mp4,0.08519698679447174
dojorsyreo.mp4,0.9766017198562622
dojtnxqdrq.mp4,0.9684767127037048
donlceyfem.mp4,0.9268832206726074
donrqywxxu.mp4,0.9449926614761353
dopcoxsotn.mp4,0.08235912024974823
dopphjahir.mp4,0.590560257434845
doprgfnryn.mp4,0.9106648564338684
doptetuggv.mp4,0.823036253452301
dopulvkqip.mp4,0.9301432371139526
dopxldqkao.mp4,0.7466655969619751
dopyarkmwh.mp4,0.8521575927734375
dorkzruqpe.mp4,0.9439532160758972
dorqiyjsod.mp4,0.7264356017112732
doruflroku.mp4,0.7669647932052612
dosezavwhq.mp4,0.9111994504928589
dosjwmjzrx.mp4,0.7044087052345276
dosnxvkzgf.mp4,0.7259524464607239
dosvlktrae.mp4,0.8908693194389343
dousbnlwam.mp4,0.07457645982503891
doveoojfbg.mp4,0.37136879563331604
dovonxgzrn.mp4,0.9280424118041992
dovzpopzop.mp4,0.9526793956756592
dowcqibizd.mp4,0.9677432775497437
dowopnjsjm.mp4,0.3479454517364502
doyfynweis.mp4,0.3390171527862549
doyxphntti.mp4,0.8581578731536865
dozdjdnsrl.mp4,0.146773099899292
dozswzstib.mp4,0.9704185128211975
dpacxirzme.mp4,0.8797032833099365
dpaqaxgzon.mp4,0.7399554252624512
dpbojjwctj.mp4,0.8476083278656006
dpcahzyjmo.mp4,0.9301921129226685
dpcbuydqaz.mp4,0.9439266920089722
dpdeszoxlp.mp4,0.08463360369205475
dpdjjmqwqn.mp4,0.05552460625767708
dpdpkevreu.mp4,0.9446483254432678
dpegbdzijf.mp4,0.10973573476076126
dpekatbxlr.mp4,0.9497982263565063
dpesoimjjo.mp4,0.9687982797622681
dpetoqdajw.mp4,0.9470261931419373
dpevhliuec.mp4,0.24461309611797333
dpevppxaaz.mp4,0.4369536340236664
dpfdxyzenz.mp4,0.10776559263467789
dpfjhklovx.mp4,0.9381218552589417
dpfuqzdtrs.mp4,0.9417383670806885
dpfygjvurs.mp4,0.9036274552345276
dpgaegossz.mp4,0.5729045271873474
dpgejlhueq.mp4,0.08142181485891342
dpgjudbvus.mp4,0.0789896547794342
dpglsmiqwm.mp4,0.16379493474960327
dpgxrxlmqj.mp4,0.32472413778305054
dpgznlwvpx.mp4,0.06498310714960098
dphivdjboy.mp4,0.9841209053993225
dphpvmgpbp.mp4,0.9679333567619324
dphqaflxdo.mp4,0.2794559597969055
dphqkybvto.mp4,0.9614312052726746
dphtzcswiu.mp4,0.9176124930381775
dpirglafro.mp4,0.8519012331962585
dpiynoeiwp.mp4,0.9188832640647888
dpjghtzvko.mp4,0.8989508152008057
dpjvdjeduu.mp4,0.05538390576839447
dpjzcvczif.mp4,0.6289002299308777
dpkbgifccb.mp4,0.821765661239624
dpldrcqfdx.mp4,0.3067358434200287
dpmbiymdxs.mp4,0.9184487462043762
dpmzclizkp.mp4,0.9518589377403259
dpoguapjty.mp4,0.9292473196983337
dpoisudctx.mp4,0.485116571187973
dppixhsszo.mp4,0.8161426186561584
dpqocpjswu.mp4,0.39880436658859253
dpqspsnfls.mp4,0.9474769830703735
dpquvbkgoh.mp4,0.9183300137519836
dpsfsvflio.mp4,0.8844308257102966
dpswvtluiz.mp4,0.1933460533618927
dpugwumfok.mp4,0.8089348673820496
dpumavoiti.mp4,0.9630094766616821
dpuzevsqec.mp4,0.8618157505989075
dpvligsdzp.mp4,0.908568263053894
dpvmizbjmm.mp4,0.783462643623352
dpvyupznif.mp4,0.10167161375284195
dpwxclnvav.mp4,0.9466349482536316
dpxjxfjxaj.mp4,0.8088659048080444
dpyjlbgxhv.mp4,0.05303020402789116
dpynqhdyal.mp4,0.9071539044380188
dpzpbjufmy.mp4,0.9306954145431519
dpzsgxhecn.mp4,0.20089206099510193
dqbgdbtdij.mp4,0.21090854704380035
dqbhuexjiv.mp4,0.5701300501823425
dqbilrqozl.mp4,0.56704181432724
dqblrylonj.mp4,0.9387778043746948
dqchmjpkwp.mp4,0.11725849658250809
dqcqaciyjp.mp4,0.9870371222496033
dqeexnwfso.mp4,0.22943079471588135
dqevbrjxzm.mp4,0.9243292808532715
dqfgwejsvm.mp4,0.04314929246902466
dqfkandnht.mp4,0.8976989984512329
dqfqgkoyax.mp4,0.6060773730278015
dqibpplzly.mp4,0.09135987609624863
dqidxhktvn.mp4,0.09187721461057663
dqidxrvhud.mp4,0.898201584815979
dqisjtyguv.mp4,0.6345943212509155
dqivnrmzjs.mp4,0.9743772745132446
dqkpfpxrkb.mp4,0.7967497706413269
dqmkthhjbx.mp4,0.5650867223739624
dqmlelzmkk.mp4,0.9419915080070496
dqmmcbbvzh.mp4,0.8604586720466614
dqmrfhgpql.mp4,0.9409127235412598
dqombsgufg.mp4,0.36277690529823303
dqomowdkuy.mp4,0.9178008437156677
dqpjkpgvts.mp4,0.7603351473808289
dqppcbikrv.mp4,0.8164801597595215
dqqeyuatkw.mp4,0.9500716328620911
dqqgfwcmrn.mp4,0.6636610627174377
dqquvfnfir.mp4,0.038826752454042435
dqqzkftrov.mp4,0.8836055994033813
dqrsukajna.mp4,0.887089192867279
dqsbmlbioa.mp4,0.5339290499687195
dqsdcbmoyo.mp4,0.07000405341386795
dqseyefxus.mp4,0.9485830068588257
dqsjrwfcim.mp4,0.9050267934799194
dqstwncfrt.mp4,0.9343435764312744
dqthpbczpo.mp4,0.4339069426059723
dquxguciif.mp4,0.8538994193077087
dqvigmswec.mp4,0.9408161640167236
dqwaqerwma.mp4,0.8935760259628296
dqwivnescd.mp4,0.9380083680152893
dqwnndyoti.mp4,0.9228246808052063
dqwstprwis.mp4,0.9308032989501953
dqwzmbwhzo.mp4,0.16996334493160248
dqxprtqlxy.mp4,0.6294708847999573
dqxqmexekn.mp4,0.745326578617096
dqztatxlqb.mp4,0.9798360466957092
dralbstugr.mp4,0.9228585362434387
drbnyexjsp.mp4,0.9308059215545654
drbqpaasvz.mp4,0.3844837546348572
drcbersvnq.mp4,0.7234007716178894
dreamznfsd.mp4,0.9184350967407227
dreiuqfayx.mp4,0.3155236840248108
dresjrvhhj.mp4,0.9663094878196716
drffprhwll.mp4,0.9265018105506897
drfxxsoqpu.mp4,0.09955193847417831
drgvtllewu.mp4,0.8737055063247681
drheirwjbb.mp4,0.970276415348053
drhsyogfpq.mp4,0.9403292536735535
drieyseoev.mp4,0.9441288113594055
drjbrauwqt.mp4,0.07184924185276031
drjjyrznum.mp4,0.7240774631500244
drjlymljha.mp4,0.919320821762085
drjmagfuss.mp4,0.895510196685791
drjmigyisb.mp4,0.9208027124404907
drjnvbiqbu.mp4,0.927108883857727
drkdtigcja.mp4,0.1413796842098236
drkgblxscz.mp4,0.8426846265792847
drkisthaav.mp4,0.8897778391838074
drlbzmlsuh.mp4,0.9569598436355591
drlnvwvvuw.mp4,0.19297607243061066
drmtumqfus.mp4,0.9146708250045776
drnwsctnuh.mp4,0.4737163186073303
drnyxcdxmj.mp4,0.9269547462463379
droflgpbgt.mp4,0.8559585213661194
drojjsajtb.mp4,0.9711509346961975
drpqbtfjsr.mp4,0.8773144483566284
drpstylchq.mp4,0.07762177288532257
drqkbppazx.mp4,0.6840870380401611
drqtyzvhdd.mp4,0.8926562070846558
drrcckzpnm.mp4,0.8079521059989929
drrfshifmg.mp4,0.06968004256486893
drrpntzyos.mp4,0.8037245869636536
drscxohoqw.mp4,0.9547440409660339
drsfrhpdgk.mp4,0.22466015815734863
drsgygzgya.mp4,0.9274153113365173
drsqpxhfeq.mp4,0.7347397804260254
drtcebdmsd.mp4,0.6009346842765808
drthoxlzfr.mp4,0.8668215274810791
drunryhskx.mp4,0.9547193646430969
drwiutntjf.mp4,0.7626711130142212
drwmfvxesn.mp4,0.9444682002067566
drwzbuwdwo.mp4,0.9423539638519287
drxdmrwgmc.mp4,0.5134580135345459
drxfjitbio.mp4,0.7225564122200012
drxswkgtst.mp4,0.0756743922829628
drxvhmrfmo.mp4,0.8985152244567871
drxvwffypa.mp4,0.5203059911727905
dryhqdbmut.mp4,0.10400167107582092
drykptqtsm.mp4,0.8805593848228455
drytosluag.mp4,0.06713972240686417
drznplrdda.mp4,0.913298487663269
dsaimnkbgj.mp4,0.948646068572998
dsaqimdnjb.mp4,0.9409277439117432
dsbvhyjfor.mp4,0.845272421836853
dscgrauvgh.mp4,0.9383201003074646
dscijfgpba.mp4,0.7376894950866699
dscprfjses.mp4,0.19292765855789185
dsdgxlsvab.mp4,0.9377503991127014
dsdsmfrmdw.mp4,0.30126288533210754
dsealbmwme.mp4,0.9108802080154419
dsgwsmscmh.mp4,0.05534399300813675
dshgmpqmxa.mp4,0.37214699387550354
dshzlfpsdh.mp4,0.9340155124664307
dsilxejbkg.mp4,0.7938210368156433
dsiqhmzjcq.mp4,0.8685049414634705
dsjswaaiiv.mp4,0.6925254464149475
dskdhcxutl.mp4,0.5346416234970093
dskmqeboxb.mp4,0.9611837267875671
dskzamsvtn.mp4,0.8377232551574707
dslifinjkj.mp4,0.8903067708015442
dslpjueuhn.mp4,0.5301069617271423
dsmcmczelz.mp4,0.8631748557090759
dsmdkytbzr.mp4,0.9390934705734253
dsmdylqcjr.mp4,0.9199180006980896
dsmlabbgkb.mp4,0.6569117307662964
dsnerafcqv.mp4,0.6245354413986206
dsnnxyfctp.mp4,0.7955029606819153
dspahjiktq.mp4,0.9179876446723938
dspdtacmun.mp4,0.1954837292432785
dspezmgkkj.mp4,0.9413730502128601
dspnjwfpes.mp4,0.8468745350837708
dsqixnximj.mp4,0.053683601319789886
dsqoagpfgc.mp4,0.9071645140647888
dsralytzln.mp4,0.6795706748962402
dsrmzmrvxa.mp4,0.26798468828201294
dsrytiitih.mp4,0.776052713394165
dstvkvrglm.mp4,0.8331369757652283
dsveelyrgf.mp4,0.08416524529457092
dsvibdylng.mp4,0.928569495677948
dsviippitl.mp4,0.9078648686408997
dsvzltsbyq.mp4,0.9105464220046997
dsxvketzmt.mp4,0.9060043096542358
dsyapihokr.mp4,0.9486665725708008
dsyljupsqw.mp4,0.9213983416557312
dsypvnksuc.mp4,0.0529286153614521
dsywxyckwy.mp4,0.9593921303749084
dsyxpluggm.mp4,0.9415770173072815
dszfkngghv.mp4,0.9153104424476624
dsznmzroir.mp4,0.9231138229370117
dszyfycaxl.mp4,0.9657898545265198
dtbgjdtujf.mp4,0.7194849848747253
dtbnoimzzl.mp4,0.21093660593032837
dtcseuijtb.mp4,0.5114445686340332
dtdfjxyubu.mp4,0.98639976978302
dtdlzuofte.mp4,0.6862908601760864
dtehuznchv.mp4,0.9261160492897034
dteshahzfp.mp4,0.9260706305503845
dtfgsvfmjq.mp4,0.9151128530502319
dtfrslgpwj.mp4,0.1691834181547165
dtgejbdshy.mp4,0.8830147981643677
dthbysjgfg.mp4,0.3340432643890381
dthectkigu.mp4,0.9886385202407837
dthgskgnxk.mp4,0.8257938623428345
dthsbwohjb.mp4,0.22732074558734894
dthvdezqws.mp4,0.8532552719116211
dtidkfvnnw.mp4,0.8853981494903564
dtissoiefc.mp4,0.7558587789535522
dtivssiisl.mp4,0.8845187425613403
dtjamuiyiu.mp4,0.7254539728164673
dtjcrfmraj.mp4,0.9823657274246216
dtjxsdvkov.mp4,0.9709285497665405
dtllszqumv.mp4,0.5454358458518982
dtlrlpemur.mp4,0.1222110465168953
dtmboydqqu.mp4,0.9243766665458679
dtmjmmhrzi.mp4,0.9864824414253235
dtmqbsbmtx.mp4,0.7055549621582031
dtmyiszoad.mp4,0.835382878780365
dtnbfjtoou.mp4,0.9308502078056335
dtndkhtznj.mp4,0.6792937517166138
dtngwlnmhu.mp4,0.2900213301181793
dtobxangxt.mp4,0.07919583469629288
dtovjfinca.mp4,0.8803483247756958
dtqgehoxjl.mp4,0.8839534521102905
dtqhijoxgk.mp4,0.8561959862709045
dtrylmmfku.mp4,0.9252892136573792
dtsemuqyot.mp4,0.8825704455375671
dtskukyggw.mp4,0.8405820727348328
dtsoxfqjtr.mp4,0.6479730606079102
dtspghozbj.mp4,0.6164242029190063
dtssdnhgiw.mp4,0.08882120251655579
dtteldyuvf.mp4,0.9063471555709839
dtuatfaetk.mp4,0.9162147641181946
dtutjoeohz.mp4,0.8189436793327332
dtuwyvosek.mp4,0.1060761883854866
dtvsntuctq.mp4,0.35878756642341614
dtwbmdgqsl.mp4,0.9004474878311157
dtwmkvalrf.mp4,0.8830628991127014
dtwyrdfwjv.mp4,0.9521914124488831
dtybbstrow.mp4,0.06281883269548416
dtylzjvdic.mp4,0.766166627407074
dtzcznnnri.mp4,0.9338458776473999
dubcbdxrjw.mp4,0.3229391872882843
dudffwylgp.mp4,0.9733150005340576
dudwffxjrv.mp4,0.8787808418273926
duekvkfzff.mp4,0.9815835356712341
dufjujmnjb.mp4,0.8902331590652466
dufwqldemv.mp4,0.8312956690788269
dugqhdwduy.mp4,0.8191424012184143
dugxnvunhp.mp4,0.9479460716247559
duharfxvlx.mp4,0.916877806186676
duhsvhutbd.mp4,0.9739617705345154
dujcilrfww.mp4,0.9128628969192505
dujodwlmny.mp4,0.8067649602890015
dujqekxrvp.mp4,0.9361394643783569
dukyihrdhb.mp4,0.977628231048584
dulrkjgjvr.mp4,0.6362477540969849
dultiznosk.mp4,0.04201601445674896
dulurmlisg.mp4,0.9213395714759827
dunalebmpa.mp4,0.1054803654551506
duoehftfgy.mp4,0.9158206582069397
duorbxnaew.mp4,0.9416810870170593
duowkaxqfz.mp4,0.9364590048789978
dupqqiguui.mp4,0.9013099074363708
dupsnteozu.mp4,0.12077194452285767
duqeevntgr.mp4,0.6657423973083496
duqfwmozqw.mp4,0.7177600860595703
duqiruqllb.mp4,0.9738653898239136
duqzgngijc.mp4,0.946857213973999
dusbhhockt.mp4,0.051352694630622864
dusgrtwjfs.mp4,0.5150724053382874
duskgxxgha.mp4,0.6481271982192993
dutcaatdbk.mp4,0.15129277110099792
dutxfomimk.mp4,0.980819821357727
duutgvwvhj.mp4,0.956314206123352
duuzobnkdu.mp4,0.9416772723197937
duvevfzcjn.mp4,0.8823703527450562
duvlanzhnn.mp4,0.571459949016571
duwmzggdvd.mp4,0.8685300350189209
duxhvftnpq.mp4,0.8487688302993774
duxjjywsah.mp4,0.9323197603225708
duyisbzujq.mp4,0.7778106331825256
duywhnombt.mp4,0.6461150050163269
duzmotcwss.mp4,0.9765966534614563
duzpgwrxnt.mp4,0.9081728458404541
duzueyonao.mp4,0.8753305673599243
dvajdynpdh.mp4,0.928955614566803
dvalwsjxcv.mp4,0.9693585634231567
dvazfntepg.mp4,0.8761876821517944
dvbbnrkvdy.mp4,0.9543145298957825
dvbboychog.mp4,0.8610674142837524
dvcioruqyy.mp4,0.9311807155609131
dvclvkchod.mp4,0.07892550528049469
dvdetyfrop.mp4,0.9459263682365417
dvdgwbcsdo.mp4,0.7521145939826965
dvdtizyhyb.mp4,0.9008721709251404
dvdxtnnnmp.mp4,0.8518677353858948
dvfmhaqocl.mp4,0.48050227761268616
dvgbdxchzh.mp4,0.9383224844932556
dvgeqilcbb.mp4,0.6833618879318237
dvgrxlhsry.mp4,0.6658418774604797
dvgtnbiaoo.mp4,0.9048081636428833
dvhqffxuud.mp4,0.602573573589325
dvidirtwll.mp4,0.9368878602981567
dvidnauyrz.mp4,0.9543910622596741
dvieslcdff.mp4,0.05364041402935982
dvinxyskoc.mp4,0.9587517380714417
dviplwhgui.mp4,0.9848462343215942
dvjwublkvq.mp4,0.5558530688285828
dvjzmpccug.mp4,0.49668818712234497
dvkbsvwkrg.mp4,0.8468034267425537
dvkxchfqbv.mp4,0.07993143796920776
dvmllfuicr.mp4,0.09876494109630585
dvncxecafe.mp4,0.9277995824813843
dvnqjpwfvn.mp4,0.8614451885223389
dvokziuunu.mp4,0.9283052086830139
dvpcfmcsml.mp4,0.08092504739761353
dvpfvrshkw.mp4,0.9023609757423401
dvqthddptg.mp4,0.9713792204856873
dvriktjvyz.mp4,0.30418163537979126
dvslakpmqw.mp4,0.7905340194702148
dvsvpiqaad.mp4,0.9312607645988464
dvtecviott.mp4,0.9565274715423584
dvtfjdkanq.mp4,0.07159412652254105
dvtiaiezhe.mp4,0.8372610211372375
dvtzvkcrku.mp4,0.6290173530578613
dvuzmqrykm.mp4,0.5825055837631226
dvvaingisq.mp4,0.9236569404602051
dvvekopjjj.mp4,0.9528747200965881
dvvffgunte.mp4,0.8798121213912964
dvvglvssak.mp4,0.9718014001846313
dvxwteqbti.mp4,0.8371081948280334
dvybyygisy.mp4,0.9881930947303772
dvyixgckvo.mp4,0.8891391158103943
dvyuxkyvws.mp4,0.8285263180732727
dvyvppiqcp.mp4,0.9700630307197571
dvyzijxwpk.mp4,0.7877121567726135
dvzazyccgb.mp4,0.13921453058719635
dvzbpciyvq.mp4,0.667678952217102
dvzikrvoam.mp4,0.7343280911445618
dvzlyikrcy.mp4,0.8950341939926147
dvzmolgimy.mp4,0.8970614075660706
dvzwkvoefx.mp4,0.06778202950954437
dvzxmhkzti.mp4,0.946418821811676
dvzzbsykab.mp4,0.839625895023346
dwbiteoown.mp4,0.886134147644043
dwbnvmlubl.mp4,0.8483327031135559
dwbowdmluw.mp4,0.75908362865448
dwbqyobupb.mp4,0.8875462412834167
dwburmdnah.mp4,0.29658350348472595
dwcmicccsa.mp4,0.7983339428901672
dwdktihpbm.mp4,0.908039391040802
dwehmdegct.mp4,0.06528399884700775
dwepeiwahc.mp4,0.46605944633483887
dwezonukuz.mp4,0.9304661154747009
dwfwzvngmw.mp4,0.38765063881874084
dwglpajork.mp4,0.7449933886528015
dwhrslidcc.mp4,0.9022035002708435
dwikmjmppn.mp4,0.8619056344032288
dwimhjnmxv.mp4,0.96932053565979
dwjhuqjqdc.mp4,0.9601650834083557
dwjqiionzx.mp4,0.9205096960067749
dwkmwwyvpj.mp4,0.7640063166618347
dwmsebyypl.mp4,0.04482476785778999
dwmuulwqpt.mp4,0.9850201606750488
dwnuedgsbk.mp4,0.8059402108192444
dwnuveeret.mp4,0.7866637706756592
dwolumdlvo.mp4,0.9125717878341675
dwpbdbpodw.mp4,0.8312461972236633
dwpjyidlfg.mp4,0.3631860315799713
dwpoopdkmp.mp4,0.28444433212280273
dwpurwnovd.mp4,0.12122977524995804
dwqbukyujc.mp4,0.925656259059906
dwqdhjlgvm.mp4,0.9352432489395142
dwqnoceslb.mp4,0.8688406348228455
dwrleiwqtb.mp4,0.0688614621758461
dwruwqicke.mp4,0.9768185615539551
dwrvthsffp.mp4,0.9524127244949341
dwtbnrjoid.mp4,0.9521158337593079
dwulcgctyu.mp4,0.8844478726387024
dwuuehrtfw.mp4,0.8826483488082886
dwuwkbiwdr.mp4,0.7919993996620178
dwvcyqnrfc.mp4,0.948614239692688
dwvozvlsna.mp4,0.8388935923576355
dwvxvbxioc.mp4,0.6093882918357849
dwvxwfoiet.mp4,0.7685629725456238
dwwsypbeok.mp4,0.9327468872070312
dwwytkheyx.mp4,0.7094722986221313
dwxbothlyp.mp4,0.2404087781906128
dwxphntupz.mp4,0.27459126710891724
dwxvxxyzgg.mp4,0.7185083031654358
dwxzgolduz.mp4,0.8958377838134766
dwyaezgzaa.mp4,0.5808932185173035
dwydctgjoi.mp4,0.9032843112945557
dwydykqtls.mp4,0.6235567331314087
dwyhwmuvkp.mp4,0.8125066161155701
dwyqnukmve.mp4,0.8473412990570068
dwzfkpasbo.mp4,0.7024732828140259
dwzimdqfbg.mp4,0.9628707766532898
dxabwtdvfh.mp4,0.05795104056596756
dxaqipdvyw.mp4,0.9222739934921265
dxcbnkgqep.mp4,0.6627101898193359
dxcdoqatqe.mp4,0.9299318194389343
dxdansstna.mp4,0.19856785237789154
dxdtcwvnsf.mp4,0.8824880123138428
dxdytmqtmx.mp4,0.8615437150001526
dxemcmxlan.mp4,0.9282813668251038
dxepehnhgm.mp4,0.15154992043972015
dxgotgmdnr.mp4,0.9346462488174438
dxgqpzshfu.mp4,0.19676202535629272
dxhgyiunie.mp4,0.9570021033287048
dxizvbkadb.mp4,0.7458018064498901
dxjahepfze.mp4,0.9857825636863708
dxkeetpqey.mp4,0.9439522624015808
dxlepkqbeh.mp4,0.9466202259063721
dxlfedxafu.mp4,0.4378340244293213
dxlpyszdqi.mp4,0.47521689534187317
dxlytaxhoe.mp4,0.3652913570404053
dxmcnxzrkc.mp4,0.5974113941192627
dxmtotjlpy.mp4,0.9516723155975342
dxopfluwmw.mp4,0.056829337030649185
dxpcynpokl.mp4,0.901005208492279
dxphlwcvan.mp4,0.7406835556030273
dxpqnkmhby.mp4,0.9192705750465393
dxpzolbzgh.mp4,0.06735239177942276
dxswqlriar.mp4,0.8394554853439331
dxttlqpkhh.mp4,0.32186248898506165
dxtztpodxl.mp4,0.9427868723869324
dxufplmrlm.mp4,0.9224053621292114
dxuxkyqhof.mp4,0.10749561339616776
dxvddjmexe.mp4,0.9525137543678284
dxvgdftehj.mp4,0.8959125876426697
dxvpdvmcjp.mp4,0.42274782061576843
dxwevhvjhm.mp4,0.8999505043029785
dxwizawmim.mp4,0.7948204278945923
dxwkixitat.mp4,0.5260912775993347
dxxxefjrdg.mp4,0.7959690093994141
dxyakiyigf.mp4,0.9167088270187378
dxydqtnkgi.mp4,0.9896643757820129
dxyhygfcry.mp4,0.9765139222145081
dxykhefnal.mp4,0.895575225353241
dxyvzmpqgp.mp4,0.9610147476196289
dxzfynmsis.mp4,0.8900624513626099
dxzgokytcd.mp4,0.08814860135316849
dxzitnlvqg.mp4,0.90962815284729
dxzyaovkks.mp4,0.935354471206665
dyanizlneu.mp4,0.9203159213066101
dybcnokooq.mp4,0.8807250261306763
dybfpqertz.mp4,0.8251863121986389
dycqaiefqc.mp4,0.9189597964286804
dycsnodlkx.mp4,0.8805709481239319
dycxvvosfn.mp4,0.41969501972198486
dydtmhlkhl.mp4,0.7977386116981506
dyesrdnfia.mp4,0.9303218722343445
dyftroxrlv.mp4,0.9850967526435852
dyggbogcao.mp4,0.9651861190795898
dygqkwggyf.mp4,0.8431930541992188
dygsjlcqut.mp4,0.9494173526763916
dygvvksupx.mp4,0.6402813792228699
dyhnlrkhki.mp4,0.8972797393798828
dyifxrijyv.mp4,0.9900001287460327
dyjgbbvocn.mp4,0.7210069894790649
dyjtfbqrmt.mp4,0.6182616949081421
dykdovyrzi.mp4,0.9720335006713867
dykyivrvxo.mp4,0.8985594511032104
dylfraworx.mp4,0.9766309261322021
dylmbeyjub.mp4,0.06025034189224243
dymnwzerlb.mp4,0.555387020111084
dymulfowor.mp4,0.8768888711929321
dymuwnxxuc.mp4,0.9672951698303223
dymxcnijsb.mp4,0.971095621585846
dynmsxtbup.mp4,0.8193913102149963
dyocqhemds.mp4,0.9021007418632507
dyotjlcnhf.mp4,0.9216952919960022
dyowjilyiv.mp4,0.940155029296875
dypncubgem.mp4,0.9763538241386414
dyprovhtkx.mp4,0.7441412806510925
dyqeddqknx.mp4,0.8229893445968628
dyqggzcpxc.mp4,0.9318365454673767
dyrcppjudh.mp4,0.7948094606399536
dyrparmuyd.mp4,0.7927275896072388
dysayreyzb.mp4,0.27863115072250366
dysijtsjkv.mp4,0.9103847146034241
dytbiqhhzf.mp4,0.8025422096252441
dythhiiokb.mp4,0.0682857409119606
dytpllwlko.mp4,0.6643034219741821
dyuirqtols.mp4,0.7368274927139282
dyukishyle.mp4,0.9309017062187195
dyuxqtrhxj.mp4,0.9246930480003357
dyvudcaipy.mp4,0.6832513213157654
dyvvxwyrau.mp4,0.8508182168006897
dywegzqyel.mp4,0.10490737110376358
dywsegvtvy.mp4,0.9210447669029236
dyxbmpetbl.mp4,0.9654871225357056
dyxdggbmgk.mp4,0.6798921227455139
dyxhwddplw.mp4,0.9787188172340393
dyxmvodnfp.mp4,0.9122562408447266
dyyemtaizw.mp4,0.7345142364501953
dyzgapdmtk.mp4,0.43080446124076843
dyzjiomjcd.mp4,0.9158751368522644
dyzkwqexox.mp4,0.9238362908363342
dyzlyeclbs.mp4,0.8036580681800842
dyzowrafjy.mp4,0.9706130027770996
dzakrufkag.mp4,0.9775694012641907
dzauhngzwk.mp4,0.8153384923934937
dzbptdqivh.mp4,0.7514656782150269
dzbtoxlwnc.mp4,0.9006819725036621
dzcdamilyz.mp4,0.8423519730567932
dzdiqfvapz.mp4,0.916455090045929
dzelmotnxm.mp4,0.8825139403343201
dzerihccix.mp4,0.9168012142181396
dzgfolcvpq.mp4,0.929315447807312
dzgfxjhife.mp4,0.9371058940887451
dzhethcpbw.mp4,0.07708153873682022
dzhkiyfivt.mp4,0.07218955457210541
dzhrumagfs.mp4,0.9397091865539551
dzhugeqyah.mp4,0.9297468066215515
dziomdvusw.mp4,0.909544050693512
dzjgfpssjx.mp4,0.898907482624054
dzjikkybip.mp4,0.8293933868408203
dzjsckzcmq.mp4,0.891575813293457
dzjzsbobdm.mp4,0.9648424386978149
dzkfjraptq.mp4,0.9313914179801941
dzlkulrplo.mp4,0.8466027975082397
dzlnrbwdda.mp4,0.9377073049545288
dzlvydjnkp.mp4,0.9227327108383179
dzmdabeasy.mp4,0.9643645286560059
dzmynqyozi.mp4,0.6258394122123718
dznchaiaqh.mp4,0.15497960150241852
dznjykynmf.mp4,0.8608816266059875
dznofrvkfp.mp4,0.9797412157058716
dznonnujmx.mp4,0.9828311204910278
dzptrcpemh.mp4,0.8959731459617615
dzpychqarm.mp4,0.09072668850421906
dzqirzkwon.mp4,0.06430535763502121
dzqnkdwrph.mp4,0.902702808380127
dzrgflxexs.mp4,0.106593057513237
dzrjhrbppm.mp4,0.8812955617904663
dzrtfcvmxm.mp4,0.06794030964374542
dzsgbnotgw.mp4,0.914391815662384
dzstrtwvix.mp4,0.9520769119262695
dztfgwfowu.mp4,0.955223023891449
dztivnzyod.mp4,0.6139246225357056
dzuliuxzcj.mp4,0.9318479299545288
dzutxqywjo.mp4,0.9171300530433655
dzuxxgokdh.mp4,0.8544445633888245
dzvaykngjf.mp4,0.8926704525947571
dzvijsbblm.mp4,0.488150417804718
dzvxnkvwon.mp4,0.8390256762504578
dzxiokxmzp.mp4,0.050763096660375595
dzxiwecdvq.mp4,0.8508606553077698
dzxqjtzzjp.mp4,0.7697210311889648
dzxsudpvwm.mp4,0.9474846720695496
dzxtgayaos.mp4,0.9659518599510193
dzyayxyzbx.mp4,0.8957658410072327
dzymzqavcd.mp4,0.9505537748336792
dzywbvexqk.mp4,0.21868301928043365
dzzbigqcpf.mp4,0.8697329163551331
dzzevfhzgv.mp4,0.5
dzzinekulq.mp4,0.8770967721939087
dzztxvsixn.mp4,0.9491086602210999
eaaksafhqq.mp4,0.9273673295974731
eaapbktdnv.mp4,0.8858556747436523
eaaysmdwlq.mp4,0.9254570603370667
eabghyltka.mp4,0.8843374848365784
eabucrvsij.mp4,0.04193681851029396
eabyiybnkn.mp4,0.10750120878219604
eabzzdgsfx.mp4,0.9789405465126038
eacjsuqenz.mp4,0.23621098697185516
eacsjvcmlp.mp4,0.7492402195930481
eadirncnsr.mp4,0.8779714107513428
eadunjmjwk.mp4,0.8951956033706665
eaevlthzlv.mp4,0.8353544473648071
eagawpusdy.mp4,0.7634158134460449
eagiowqlut.mp4,0.7819378972053528
eagzlzukzh.mp4,0.9047983288764954
eahfxxbwtf.mp4,0.9635976552963257
eahgjoumll.mp4,0.948159396648407
eahhbyqhgj.mp4,0.8891918659210205
eahsqrwwum.mp4,0.9574411511421204
eaikuhffkj.mp4,0.9831923246383667
eajtsffbsf.mp4,0.9753856658935547
eajucugllb.mp4,0.9001675248146057
ealguqfocu.mp4,0.9109557867050171
ealngzauwe.mp4,0.6732267737388611
ealtwtwcbq.mp4,0.9480074048042297
ealvekafep.mp4,0.7785760760307312
eamixkghtw.mp4,0.8740617632865906
eamrsjonro.mp4,0.752357542514801
eanspddxov.mp4,0.957192599773407
eaolaqoahr.mp4,0.28491994738578796
eaqfgjytez.mp4,0.5277013182640076
eaqkzccyga.mp4,0.9408887624740601
eaqpooegza.mp4,0.8982983231544495
eaqqrmewhd.mp4,0.07559771090745926
earcinbicd.mp4,0.11069110780954361
earyrbmojv.mp4,0.263387531042099
eatqiqtytv.mp4,0.8817499279975891
eauzbdfdsx.mp4,0.8953396677970886
eaveotxisi.mp4,0.8022475838661194
eaxkilqqgu.mp4,0.2034798264503479
eaxmcrkbtm.mp4,0.1446567326784134
eayzufzneh.mp4,0.769795298576355
eazsywdpgh.mp4,0.9222753643989563
eaztsmksng.mp4,0.8989226818084717
eazuxemota.mp4,0.27620697021484375
ebafpavapo.mp4,0.8756269216537476
ebagtzwylp.mp4,0.09044355154037476
ebakrsmaqv.mp4,0.680343508720398
ebaopkgfpx.mp4,0.9280373454093933
ebavidcenm.mp4,0.9695746302604675
ebcviipxzp.mp4,0.8039471507072449
ebdlffrebe.mp4,0.8793134689331055
ebdysevkut.mp4,0.534174382686615
ebeaounzou.mp4,0.7214006781578064
ebejzdkxll.mp4,0.24469542503356934
ebenjegtdw.mp4,0.7384520173072815
ebenvuuxld.mp4,0.06773050129413605
ebfasahlma.mp4,0.9448843598365784
ebffuhuesn.mp4,0.7618053555488586
ebfqwugmjo.mp4,0.9670045375823975
ebfzzxgswf.mp4,0.9623349905014038
ebgmolbmjs.mp4,0.9546999335289001
ebhimgkrjz.mp4,0.8116755485534668
ebhmsikovp.mp4,0.37489551305770874
ebhzhkizzd.mp4,0.8776514530181885
ebjcqjslzz.mp4,0.621241569519043
ebjdkllijf.mp4,0.798080325126648
ebjflxoidl.mp4,0.9133553504943848
ebjloshjfk.mp4,0.7115616798400879
ebkcxeqyab.mp4,0.7715525031089783
ebkgmakwhy.mp4,0.38423609733581543
ebkowxhori.mp4,0.07831453531980515
eblzoeldgf.mp4,0.9482547044754028
ebmgcemgbu.mp4,0.7938364148139954
ebmintmsej.mp4,0.9545202851295471
ebmkpusppg.mp4,0.8773267865180969
ebmnymgbgm.mp4,0.7756824493408203
ebmotsujrb.mp4,0.7924882769584656
ebnlvzkonj.mp4,0.6085349917411804
ebnswzlvrn.mp4,0.9402081370353699
ebofoaidos.mp4,0.06151514872908592
ebonugqvvy.mp4,0.48396801948547363
ebopmkcizs.mp4,0.9293907880783081
eboqtnoxkv.mp4,0.08819306641817093
ebpyicqwue.mp4,0.6301074028015137
ebrsglqviz.mp4,0.9301430583000183
ebrtmonrma.mp4,0.8386461734771729
ebsvuoccfd.mp4,0.925190806388855
ebtgcelpdh.mp4,0.8737881779670715
ebtkdczsdq.mp4,0.6009898781776428
ebubrjyqns.mp4,0.9507167339324951
ebubysoxsl.mp4,0.9155133366584778
ebuejzauxq.mp4,0.07326614111661911
ebuthbfhyn.mp4,0.9310782551765442
ebvanagxbt.mp4,0.9008781313896179
ebvmlmfspr.mp4,0.9296956658363342
ebwirtdlkj.mp4,0.9619704484939575
ebwjtjcspx.mp4,0.9308881163597107
ebxnhqeaab.mp4,0.09138552844524384
ebxrckrvig.mp4,0.9099295735359192
ebydtebztb.mp4,0.9481627345085144
ebzsbvkutx.mp4,0.9166260361671448
ebzspprfny.mp4,0.8751895427703857
ecaetyjowd.mp4,0.6179053783416748
ecaokdxkyd.mp4,0.9145592451095581
ecbdlzgwnb.mp4,0.45230749249458313
ecbdylimvv.mp4,0.9021293520927429
eccpdfpjel.mp4,0.06683921068906784
ececuhyxce.mp4,0.9056829214096069
eceeqbggko.mp4,0.9195547699928284
ecepjwtain.mp4,0.8999003171920776
ecetgjzzxa.mp4,0.9780418276786804
ecfcmnyxzr.mp4,0.853257954120636
ecfvkaewto.mp4,0.821122407913208
ecgvpejkiz.mp4,0.9194449782371521
eciaaifomk.mp4,0.8933951258659363
eciqmzhjpv.mp4,0.9003742337226868
eciwkxuihs.mp4,0.9573472142219543
eclbfxrelo.mp4,0.9265433549880981
eclmwgvast.mp4,0.6804879903793335
eclnhayuzs.mp4,0.9852530360221863
eclnowceyi.mp4,0.9036803245544434
eclpgjjies.mp4,0.5464017987251282
ecmqlztklx.mp4,0.9493022561073303
ecndenhhar.mp4,0.9086637496948242
ecnhovxzfr.mp4,0.8404526710510254
ecnuekyfvy.mp4,0.07993155717849731
ecpcukyzsu.mp4,0.6783865094184875
ecpoizyscr.mp4,0.09395897388458252
ecptxiqiqp.mp4,0.8940685391426086
ecqzntbaqf.mp4,0.9714831113815308
ecrskxqpav.mp4,0.8733749389648438
ecscbclfaa.mp4,0.9154755473136902
ecsjgdocyg.mp4,0.9843516945838928
ecsjyvknwr.mp4,0.9843270778656006
ectccevjdi.mp4,0.9511241912841797
ecudvgsqtg.mp4,0.9649708867073059
ecutcsdroz.mp4,0.9196349382400513
ecveihaltc.mp4,0.9162673354148865
ecvmcszigb.mp4,0.9398646950721741
ecwmsjcmfo.mp4,0.43469637632369995
ecydbcaucn.mp4,0.9086809158325195
eczcpjxzwv.mp4,0.5712548494338989
eczejwdufy.mp4,0.13425227999687195
eczoulhdgj.mp4,0.918769896030426
edanjkaglb.mp4,0.8633878827095032
edavfjsjzw.mp4,0.11268811672925949
edbpulmoms.mp4,0.17102763056755066
edcfsbfmgq.mp4,0.7603346109390259
edcmufkmfj.mp4,0.9314325451850891
eddfbqjngn.mp4,0.955385684967041
eddocxyxea.mp4,0.8605816960334778
eddqbbzglr.mp4,0.6367936730384827
edemmtmucu.mp4,0.9210468530654907
edeswiwtiy.mp4,0.09386826306581497
edevpyuazf.mp4,0.2319064885377884
edfmwxmirk.mp4,0.9616283178329468
edgruppmkq.mp4,0.8648070096969604
edgznrmukf.mp4,0.8584871292114258
edixsialsl.mp4,0.7507754564285278
edjfbhwszx.mp4,0.8884319067001343
edjsytrrth.mp4,0.6946415901184082
edjycjxyyn.mp4,0.6251107454299927
edldghszvx.mp4,0.19575531780719757
edmmhxrwls.mp4,0.6836984753608704
edmuvmtcde.mp4,0.7025691866874695
edmvpoaniw.mp4,0.7858221530914307
ednakzreoi.mp4,0.9751710891723633
edntyxboxd.mp4,0.9173483848571777
ednucjfqso.mp4,0.7707676887512207
ednvnkmnze.mp4,0.9595970511436462
ednxpkgmqz.mp4,0.8908270597457886
edodholdem.mp4,0.8361639380455017
edosobmtzq.mp4,0.2584979832172394
edovkrceaj.mp4,0.9808548092842102
edovmwavuw.mp4,0.47856366634368896
edpbqnwtho.mp4,0.9395638704299927
edpffjbmai.mp4,0.897599995136261
edpgkratsh.mp4,0.5607874989509583
edpjgsunfy.mp4,0.8187371492385864
edryvpqidj.mp4,0.7560033202171326
edsjrpcbqk.mp4,0.9668227434158325
edsxkhhcmd.mp4,0.8378949761390686
edtccalvgr.mp4,0.5761982202529907
edukarxbph.mp4,0.919547975063324
eduxitjqlq.mp4,0.8908784985542297
edvlekdczt.mp4,0.8837220668792725
edvtyrosef.mp4,0.8830251097679138
edvyiiycqu.mp4,0.1277868002653122
edvyxmzpoy.mp4,0.4739452004432678
edwbjpderw.mp4,0.8229994177818298
edweilpuxf.mp4,0.9130660891532898
edwmmaidud.mp4,0.1312379390001297
edwqoonrkm.mp4,0.5116103291511536
edylmobkop.mp4,0.5066580772399902
eeaowdnspv.mp4,0.8831071853637695
eebtzyoqyd.mp4,0.0726456567645073
eecjlreedm.mp4,0.9509938955307007
eecvubghfz.mp4,0.9689631462097168
eedwazoljh.mp4,0.9644525051116943
eedwyzhipo.mp4,0.9440082907676697
eeekohpfpm.mp4,0.9260239601135254
eeeuyarirv.mp4,0.8786843419075012
eeeuzozcdc.mp4,0.9257881045341492
eeevqpmusf.mp4,0.2465583235025406
eeexurxfne.mp4,0.8297081589698792
eegeqglget.mp4,0.9228730797767639
eegzqcqtrm.mp4,0.8981038928031921
eehgcdgiok.mp4,0.07748179137706757
eehmfwoqrp.mp4,0.8904182314872742
eeiabruiqj.mp4,0.9017001986503601
eejdelozuo.mp4,0.9376733899116516
eejgkudwwg.mp4,0.766782820224762
eejnusvlxl.mp4,0.9653124213218689
eejsansfwg.mp4,0.9609231948852539
eekftvuvcl.mp4,0.4049377143383026
eeldudssre.mp4,0.4967668950557709
eelegoxjwv.mp4,0.4217602610588074
eempfhjvbl.mp4,0.837592363357544
eencgyhphy.mp4,0.9384820461273193
eenmkbzwie.mp4,0.6813172101974487
eeohcepxjm.mp4,0.9123778939247131
eephmartuo.mp4,0.7427938580513
eepogoslrw.mp4,0.9831380844116211
eepqrmtrdk.mp4,0.8008105158805847
eepqzrqyvg.mp4,0.9366657137870789
eepubbscmz.mp4,0.9117825627326965
eeqfqxwenp.mp4,0.790588915348053
eeqtqmhxhc.mp4,0.7194561958312988
eeqxajletz.mp4,0.3743491470813751
eeqxmjwbhi.mp4,0.9859085083007812
eeriyvjsek.mp4,0.7525613903999329
eerksicnlb.mp4,0.18429651856422424
eerytoiriw.mp4,0.8957617282867432
eetigtaciw.mp4,0.16944172978401184
eeuekpiwkh.mp4,0.06498438864946365
eeuhwigdaq.mp4,0.9466877579689026
eewysqrcjf.mp4,0.5206327438354492
eexqilyakb.mp4,0.8224905133247375
eeyrbkikrn.mp4,0.5964149236679077
eezmfnvxxt.mp4,0.7648880481719971
efaiqwiifj.mp4,0.043516095727682114
efakoetljk.mp4,0.8950835466384888
efazuieysm.mp4,0.8560998439788818
efbibsmgpw.mp4,0.36397436261177063
efbkgcgnnk.mp4,0.9162492752075195
efbmvocbli.mp4,0.8432065844535828
efbsmnanjr.mp4,0.9238064289093018
efbwpzryhw.mp4,0.07339462637901306
efcdxjwwih.mp4,0.3228040337562561
efclidoyxb.mp4,0.9011325836181641
efdclayinw.mp4,0.9119929075241089
efdidhtpfe.mp4,0.9759466052055359
efdtgxwvqz.mp4,0.8406660556793213
efdzfglkij.mp4,0.9855658411979675
efekpstvwa.mp4,0.7953731417655945
efelqzmraz.mp4,0.9130497574806213
efeshzcjpb.mp4,0.9236687421798706
efexumqepp.mp4,0.9626966714859009
efezbuuywa.mp4,0.8836432695388794
effavbfvay.mp4,0.9031432271003723
effbozsxwq.mp4,0.07578140497207642
effdaakkfi.mp4,0.9053496718406677
effgbuweip.mp4,0.8840418457984924
efgbikipop.mp4,0.6259467601776123
efgqvhbfqj.mp4,0.9468894004821777
efgvueaxxb.mp4,0.9552394151687622
efhxffocsi.mp4,0.8789753317832947
efianwppfc.mp4,0.9175459742546082
eficoxxbuo.mp4,0.8207470178604126
efifcvxhrj.mp4,0.905032753944397
efipryhtum.mp4,0.21973803639411926
efjsowsghk.mp4,0.9899072051048279
efjtzmmzrw.mp4,0.09026141464710236
efkafgubac.mp4,0.913266122341156
efktkdkcmi.mp4,0.0749158188700676
eflhlqmvek.mp4,0.7131562232971191
eflszerajt.mp4,0.8701281547546387
efmefgbbmk.mp4,0.9595103859901428
efmkwlqfip.mp4,0.863061785697937
efmnwgoyrj.mp4,0.8817480802536011
efmtxmmbfk.mp4,0.3027030825614929
efnhvieljj.mp4,0.0789281576871872
efoiowmcxr.mp4,0.9107880592346191
efosnegbxc.mp4,0.9535409212112427
efplrldzjr.mp4,0.953423261642456
efpwzhmwot.mp4,0.8220322132110596
efqcwnyqdu.mp4,0.9568049311637878
efqfomvqac.mp4,0.757556676864624
efrairxdnm.mp4,0.2017316222190857
efsctplmax.mp4,0.98830246925354
efsjmhfaee.mp4,0.7218630909919739
efstpwwzpb.mp4,0.057896990329027176
efsukarxtn.mp4,0.9405791759490967
efsxoprojd.mp4,0.975829541683197
eftlgmpiaw.mp4,0.5969334840774536
eftsoaodey.mp4,0.9335654377937317
efttfxdapw.mp4,0.6327555179595947
efudijaxql.mp4,0.9422728419303894
efudwfbimj.mp4,0.1566890925168991
efufmaxost.mp4,0.9771546721458435
efuwlafayn.mp4,0.896835446357727
efvsfftuqr.mp4,0.9415338039398193
efwctulsjy.mp4,0.9694216251373291
efwonrvqvy.mp4,0.7935450673103333
efwvynstiq.mp4,0.8277654051780701
efxbkgszyu.mp4,0.6989957094192505
efxkpdxsjs.mp4,0.9434753060340881
efydxghsro.mp4,0.9558999538421631
efyphrhpsw.mp4,0.9086233377456665
efyvmzqltw.mp4,0.6904226541519165
efzotvfgsh.mp4,0.9398857355117798
efzqlpbdfm.mp4,0.04564341530203819
efzuagfooh.mp4,0.3467935621738434
egagtyxwzl.mp4,0.7937688827514648
egamepwdao.mp4,0.9285792708396912
egbgzhqgwd.mp4,0.8490211367607117
egbkdnafdv.mp4,0.8058212399482727
egbllgwolp.mp4,0.9386260509490967
egbraautld.mp4,0.9742956757545471
egcaufhmql.mp4,0.9197975397109985
egcggwtorf.mp4,0.16071093082427979
egcizcdwjn.mp4,0.9202116131782532
egcliesbel.mp4,0.8587519526481628
egclqvbnus.mp4,0.4132081866264343
egcnwhidnx.mp4,0.9673576354980469
egcovnwlvk.mp4,0.9773709774017334
egcugeafxw.mp4,0.7765381336212158
egdhgkhcwo.mp4,0.9094964265823364
egdsycypqd.mp4,0.8950331807136536
egeazrsikj.mp4,0.9341656565666199
egeomopbmn.mp4,0.08068107813596725
egfscjuldp.mp4,0.8818861842155457
egfuigjmtu.mp4,0.9134963750839233
eghhfgzxme.mp4,0.9742170572280884
eghloowibn.mp4,0.4049191176891327
eghvuzdbpi.mp4,0.7931809425354004
egidkvnqlz.mp4,0.7109143137931824
egjrqbcgym.mp4,0.9788395762443542
egjwyrjipy.mp4,0.48325788974761963
egkddnuimv.mp4,0.4792543351650238
egkqlmafpr.mp4,0.20525959134101868
egkwbrsnbl.mp4,0.9481810331344604
egkzonvoze.mp4,0.9760465025901794
eglbpmqqbu.mp4,0.9868297576904297
eglmnhfbop.mp4,0.8083884716033936
eglxlqogub.mp4,0.7077838182449341
egmweglpxm.mp4,0.8763909339904785
egnqyvikah.mp4,0.9640812873840332
egnwccuxvw.mp4,0.8873832821846008
egolbmkdql.mp4,0.9031372666358948
egoxvspxpt.mp4,0.9664685130119324
egpvnriqsj.mp4,0.8309016227722168
egqkdzwaxb.mp4,0.9593815207481384
egqszphwcg.mp4,0.9900000691413879
egqugnqibo.mp4,0.8666688203811646
egrpjvuozo.mp4,0.9885197877883911
egrrujwgsm.mp4,0.05419531837105751
egrtychdmx.mp4,0.8779544830322266
egsaglisze.mp4,0.7208099961280823
egtrjvgggy.mp4,0.5855685472488403
egtxdxsgxa.mp4,0.967868447303772
egvkxaaams.mp4,0.9630882740020752
egvnshhsod.mp4,0.10603006929159164
egvtogliqb.mp4,0.8532537817955017
egwapsifcv.mp4,0.8380326628684998
egwodjebum.mp4,0.9851714372634888
egwzzhemvk.mp4,0.9313657879829407
egxbehzmza.mp4,0.08887303620576859
egydpqaqrc.mp4,0.9351565837860107
egyemqrvna.mp4,0.35231107473373413
egykjflrjp.mp4,0.07470934838056564
egyxkzfdec.mp4,0.8182762861251831
egzdspgmem.mp4,0.7030445337295532
egzfaoiuwo.mp4,0.035966191440820694
egztpetrgt.mp4,0.8719971776008606
eharakfchp.mp4,0.9118317365646362
ehcezdniyx.mp4,0.09078217297792435
ehdyzxlyra.mp4,0.9323067665100098
ehdzakapuz.mp4,0.9325923323631287
ehetlufgmx.mp4,0.04053565487265587
eheuapnenp.mp4,0.7272573113441467
ehexpzhdjn.mp4,0.9697592258453369
ehfrnagsqf.mp4,0.09215693920850754
ehftosntej.mp4,0.7633812427520752
ehglixdkng.mp4,0.6344451308250427
ehjkdsbmcm.mp4,0.9315851330757141
ehjkvtgdkm.mp4,0.8991163969039917
ehkhjxtdzp.mp4,0.981460690498352
ehlhxncasy.mp4,0.9050203561782837
ehlzgsgrgm.mp4,0.7015618085861206
ehmlnfjniv.mp4,0.7768070101737976
ehmtrgjafl.mp4,0.9270133972167969
ehmvilvlvj.mp4,0.863408088684082
ehmxtsynns.mp4,0.9150861501693726
ehnvjqosux.mp4,0.6935068368911743
ehobuslnal.mp4,0.09361324459314346
ehodfjcnbc.mp4,0.9192495942115784
ehojxfiaap.mp4,0.9167666435241699
ehovqehcia.mp4,0.9007313251495361
ehpqtlflru.mp4,0.9509267210960388
ehprcizkpq.mp4,0.9034186005592346
ehpwmtyvwm.mp4,0.1977224051952362
ehqfpnfynf.mp4,0.6359704732894897
ehqyvztebg.mp4,0.4641001224517822
ehrbdspppd.mp4,0.9790579080581665
ehsxbdyiog.mp4,0.38240960240364075
ehtbcrzwed.mp4,0.6240903735160828
ehtbiqorco.mp4,0.9519281387329102
ehtdvrunlh.mp4,0.7587273120880127
ehtvcnlsfl.mp4,0.9546740651130676
ehudnzecnx.mp4,0.8911584615707397
ehvdzmzoiq.mp4,0.8495397567749023
ehvjruzsyj.mp4,0.9466054439544678
ehvvslnvry.mp4,0.9093859791755676
ehwcyxmtmb.mp4,0.9050867557525635
ehwhbqciyf.mp4,0.5936251878738403
ehwjfenbgu.mp4,0.8197647333145142
ehwoohpulw.mp4,0.8904209733009338
ehwxlndsmd.mp4,0.9524928331375122
ehxxnbbgbf.mp4,0.7137420773506165
ehxzrvgvtx.mp4,0.9766417741775513
ehybveurpz.mp4,0.9078450798988342
ehyfxxxftq.mp4,0.5094142556190491
ehzfwxkwhd.mp4,0.9779046177864075
eibcvggmsf.mp4,0.8572714328765869
eibeoodnpu.mp4,0.8769658803939819
eiblikazji.mp4,0.9240942001342773
eibvbudwaa.mp4,0.8436222076416016
eibvvpheen.mp4,0.5023242235183716
eiciutahwn.mp4,0.8143554925918579
eicngtwvoh.mp4,0.14204932749271393
eiczxyyqbi.mp4,0.8933322429656982
eiduiphlgm.mp4,0.8934611082077026
eiewfmymhx.mp4,0.5567969083786011
eifdjwcjnq.mp4,0.7177652716636658
eifujvlrzd.mp4,0.9366284608840942
eiheiceuxo.mp4,0.7650802135467529
eihucwigue.mp4,0.7963793277740479
eihxhddeou.mp4,0.5178424119949341
eiiizbbmop.mp4,0.9178628325462341
eiitvcurxz.mp4,0.5874083638191223
eijbjnpqua.mp4,0.9186749458312988
eijchtxdae.mp4,0.8437076210975647
eijuqrgaqp.mp4,0.16608399152755737
eikgmiykos.mp4,0.8390841484069824
eikgoxbhht.mp4,0.34024450182914734
eiklavlmtk.mp4,0.9227159023284912
eilxyvmvvn.mp4,0.8887297511100769
eindiyyyec.mp4,0.9570001363754272
einuilwwyq.mp4,0.9760473370552063
einzjxuova.mp4,0.951816201210022
eiozvdohir.mp4,0.8713380694389343
eipgrasgik.mp4,0.9608467221260071
eiqjqnjdpj.mp4,0.9760085940361023
eirhvynauf.mp4,0.9064940810203552
eirndiltfu.mp4,0.9870481491088867
eisgeotlay.mp4,0.891182541847229
eissylsysf.mp4,0.7771345973014832
eitvkszvas.mp4,0.8755066990852356
eitzzrryrp.mp4,0.9472144842147827
eiumscwqwk.mp4,0.6563442349433899
eiuqpbsxvv.mp4,0.7265218496322632
eivjfbudaj.mp4,0.8805475831031799
eiwwftakrx.mp4,0.1067482978105545
eixapfhlww.mp4,0.8813105821609497
eixntxxxcl.mp4,0.9451601505279541
eiygtsqxco.mp4,0.19381093978881836
eiyhctwtne.mp4,0.8991411328315735
eiyjrjgvih.mp4,0.06195306405425072
eiyozfeewp.mp4,0.9621594548225403
eizdnwhclo.mp4,0.8593619465827942
ejarlcecxs.mp4,0.22637006640434265
ejaydbdptx.mp4,0.8994666337966919
ejcglpcihz.mp4,0.4171808958053589
ejdscdudfg.mp4,0.8655394911766052
ejduevqyce.mp4,0.1251644641160965
ejelabznep.mp4,0.8990389704704285
ejemhaucbz.mp4,0.9034260511398315
ejeucyrpbn.mp4,0.5759137272834778
ejevdfyyzw.mp4,0.9009537100791931
ejewrmwvbs.mp4,0.9618819355964661
ejfqzyxrqc.mp4,0.9819189310073853
ejgnnocwwf.mp4,0.9228213429450989
ejgukcmwdk.mp4,0.9519951939582825
ejhhriogdr.mp4,0.8187875747680664
ejhxgasndv.mp4,0.09354215115308762
ejiegvzplj.mp4,0.4343409538269043
ejihadjcos.mp4,0.6000739932060242
ejihiqyvtf.mp4,0.07433588057756424
ejijwbwnkv.mp4,0.9207122325897217
ejivdcrlnv.mp4,0.9450579285621643
ejkjrdkwci.mp4,0.9709984064102173
ejklzppjqd.mp4,0.9773964285850525
ejkmfyvlwa.mp4,0.934351921081543
ejldxbgeiz.mp4,0.9167773127555847
ejmmjzxuon.mp4,0.9731451272964478
ejncblwuej.mp4,0.9611031413078308
ejobauwpjq.mp4,0.8768507242202759
ejpftkbwln.mp4,0.887585461139679
ejpywzaser.mp4,0.8948888182640076
ejqkcermdx.mp4,0.37352609634399414
ejrbdkjhhn.mp4,0.8502522110939026
ejsnniudtz.mp4,0.21386836469173431
ejtimuprkr.mp4,0.5116047263145447
ejtoceqagd.mp4,0.7008305191993713
ejtondldnk.mp4,0.7089254856109619
ejufyjjskz.mp4,0.8205931186676025
ejughyndqp.mp4,0.8852264881134033
ejvekgctfu.mp4,0.896640956401825
ejvhpsisii.mp4,0.9155873656272888
ejvpuctmyr.mp4,0.8753730058670044
ejvqsahfcz.mp4,0.9092772006988525
ejvutjytwt.mp4,0.9238293766975403
ejwkklumeg.mp4,0.06052383780479431
ejwwivhszc.mp4,0.9308979511260986
ejxniublbo.mp4,0.8191206455230713
ejxrhjfhak.mp4,0.8423774838447571
ejybewlkze.mp4,0.9760563373565674
ejyhzcuytn.mp4,0.8891852498054504
ejymqfawpz.mp4,0.7741150259971619
ejyoybicax.mp4,0.7312502264976501
ejzkecngzf.mp4,0.8034602403640747
ekakeosslm.mp4,0.9219163060188293
ekbcrbtmmc.mp4,0.09517104178667068
ekbeqygtrq.mp4,0.22761516273021698
ekblnquxhq.mp4,0.19916117191314697
ekbntmuqhj.mp4,0.06114634498953819
ekbnytgwbc.mp4,0.7389646172523499
ekbqwgwevm.mp4,0.36928659677505493
ekbywoogqt.mp4,0.8433225750923157
ekcztejffy.mp4,0.2267211228609085
ekdgndagyc.mp4,0.5283966064453125
ekdytdjsax.mp4,0.4640316069126129
ekelpjsrmk.mp4,0.9119574427604675
ekensuxkkt.mp4,0.7634525299072266
ekexblgylm.mp4,0.2118551880121231
ekfhckgwbe.mp4,0.9326955676078796
ekfjpswjug.mp4,0.47522446513175964
ekfknmwrev.mp4,0.8931087255477905
ekgccotacg.mp4,0.9357254505157471
ekgojnyvby.mp4,0.7051790952682495
ekhjgthkoc.mp4,0.9762518405914307
ekhqsatjuo.mp4,0.8415393233299255
ekidiquivf.mp4,0.8707188963890076
ekihvvriqm.mp4,0.7781769037246704
ekinylkxkt.mp4,0.9650112986564636
ekjgzumgtq.mp4,0.29588985443115234
ekjifbzrfr.mp4,0.9636766910552979
ekkksdqgzl.mp4,0.9335052967071533
ekkufyfcon.mp4,0.14792725443840027
ekldiuludx.mp4,0.9684392213821411
eklgbwceyi.mp4,0.9695270657539368
ekllmudlwi.mp4,0.9506915211677551
eklmkbktzs.mp4,0.8789010047912598
eklmqoycqb.mp4,0.9719549417495728
ekmbotgxyr.mp4,0.09249211102724075
ekmpricrrr.mp4,0.9445205330848694
ekmwbuaedp.mp4,0.958962082862854
ekndxpycvw.mp4,0.9700759649276733
ekoyxvfxwi.mp4,0.9049973487854004
ekozfobxxw.mp4,0.9565998911857605
ekppovddnl.mp4,0.6277183890342712
ekqtlhsclp.mp4,0.10534299165010452
ekquarsplg.mp4,0.9890963435173035
ekreepcbid.mp4,0.22796489298343658
ekrooluwcl.mp4,0.8675130009651184
ektblhodgo.mp4,0.8232471942901611
ektcauseus.mp4,0.7392066121101379
ektrtuwidv.mp4,0.8454214930534363
ektwmkryvm.mp4,0.866550862789154
ekunwvpbzd.mp4,0.8648862838745117
ekusbammok.mp4,0.7166483998298645
ekutbiitqk.mp4,0.2905966341495514
ekvapshklb.mp4,0.309856653213501
ekvhyeycpr.mp4,0.12997378408908844
ekvwqojmnz.mp4,0.9558877348899841
ekwczkvszi.mp4,0.7724841237068176
ekwglpkqms.mp4,0.9698461294174194
ekwhsbcxdd.mp4,0.9738326072692871
ekxiidkjpq.mp4,0.881401777267456
ekxjfqulyc.mp4,0.23013034462928772
ekxowxtdfj.mp4,0.883701741695404
ekxsduhvwh.mp4,0.06356876343488693
ekxsotfdup.mp4,0.9319174289703369
ekxxlzflnb.mp4,0.9339902997016907
ekydnznbkd.mp4,0.9594355821609497
ekyqfnbgrm.mp4,0.9496716856956482
ekyycsaoqv.mp4,0.36696216464042664
ekzfjqzrnp.mp4,0.5344548225402832
ekzgrobucr.mp4,0.8035975694656372
ekziyatdew.mp4,0.9420106410980225
ekzlovqjbv.mp4,0.9433322548866272
ekzojdwvzr.mp4,0.956758439540863
ekzrprxyby.mp4,0.8749427199363708
ekzsevwpij.mp4,0.41658923029899597
ekzuhbtnqf.mp4,0.3551936447620392
elbcgmkdrw.mp4,0.11824295669794083
elbcslsoee.mp4,0.9016513228416443
elbelnfogt.mp4,0.8849871754646301
elbmrziana.mp4,0.8907018303871155
elboymgolh.mp4,0.8765702843666077
elbqkcpape.mp4,0.32221725583076477
elcnndreoc.mp4,0.94111168384552
elcolhrlnp.mp4,0.9722998738288879
eldfrkuxtd.mp4,0.9736472964286804
eleccezzfk.mp4,0.982099711894989
elefkzmxey.mp4,0.15254569053649902
elepzolpfv.mp4,0.46465054154396057
elernullyn.mp4,0.9160823225975037
eleyeeybqi.mp4,0.08857133984565735
elfqgfzyid.mp4,0.7518970370292664
elhiudovby.mp4,0.780685305595398
eliazncrwl.mp4,0.08762911707162857
elibzwmjie.mp4,0.2851236164569855
elikgbssgh.mp4,0.9605100750923157
elimogcqmt.mp4,0.9071502089500427
elinrhmuzg.mp4,0.5293869376182556
eljtgmcpfw.mp4,0.7715214490890503
eljvhsixvx.mp4,0.05042097344994545
elkvwoacwh.mp4,0.7405012845993042
ellerbzgmz.mp4,0.9882369637489319
elljrxzeau.mp4,0.8391259908676147
ellvxntech.mp4,0.9135743975639343
elondavtxd.mp4,0.9201502799987793
elovfrblwp.mp4,0.8947431445121765
elqbvncdpe.mp4,0.9057787656784058
elqwqccmot.mp4,0.90394127368927
elrkacifos.mp4,0.8900420665740967
elscuighwc.mp4,0.8534548878669739
elsvnmrlue.mp4,0.18843543529510498
eltdfmwgji.mp4,0.9667218327522278
eltegvmovm.mp4,0.9823978543281555
eluhuvocwr.mp4,0.4786736071109772
elujuuvdib.mp4,0.8718149662017822
elvdfqptjk.mp4,0.564581573009491
elvorjwdut.mp4,0.8596125841140747
elyuapcyhc.mp4,0.9541817903518677
elyyepyjrz.mp4,0.10671155899763107
elztrnjyjz.mp4,0.9327520132064819
embhtiswqh.mp4,0.4654998481273651
embjjaybmt.mp4,0.6856663823127747
emdoggnrga.mp4,0.9198241829872131
emecmfeykx.mp4,0.9041516184806824
emexwanqpg.mp4,0.8322097063064575
emffqrjhyk.mp4,0.3549349308013916
emfzmpxvfa.mp4,0.8994584083557129
emgciwmtuj.mp4,0.06871413439512253
emgdobptvi.mp4,0.27926912903785706
emgwaijgbx.mp4,0.8722261786460876
emhfdagxes.mp4,0.9178407788276672
emiyuzydgw.mp4,0.06529243290424347
emjrvrkdsj.mp4,0.8925384879112244
emjtexvqxo.mp4,0.8564805388450623
emjurnjsns.mp4,0.8352314829826355
emkzigwhnz.mp4,0.660784125328064
emluajmkqr.mp4,0.9133431911468506
emlxorhbwc.mp4,0.9271837472915649
emmddtvyal.mp4,0.967296838760376
emmompdpbp.mp4,0.7712859511375427
emmygleyft.mp4,0.07102008163928986
emmzfsmqfb.mp4,0.9595521688461304
emouqgcvda.mp4,0.9361518025398254
empibqxyvt.mp4,0.7131485939025879
emqrzuchea.mp4,0.9414162635803223
emrcntxdgx.mp4,0.7842840552330017
emrdfyhgoo.mp4,0.9404513239860535
emrhtomwpy.mp4,0.08662093430757523
emruzzbtpp.mp4,0.9267966747283936
emstbyvehc.mp4,0.33467385172843933
emtqhgpbkk.mp4,0.9359978437423706
emudwmtiku.mp4,0.8034520149230957
emusyxkytu.mp4,0.07088325172662735
emvefvjhxs.mp4,0.864810585975647
emvfaleomu.mp4,0.8770408630371094
emvikmmndn.mp4,0.9820677042007446
emvryijqlx.mp4,0.8657873272895813
emvyjelukj.mp4,0.5597443580627441
emwftcfjxv.mp4,0.41573619842529297
emwwxngstk.mp4,0.8442580103874207
emxqsgqtdz.mp4,0.09220300614833832
emyieqewtf.mp4,0.46390971541404724
emyxhllxsy.mp4,0.7702657580375671
emzbasnefg.mp4,0.9599868655204773
emzhjvmihq.mp4,0.8454248309135437
emzpwwqnbu.mp4,0.8704513907432556
emzvhjgvil.mp4,0.3896893858909607
enaupjigsj.mp4,0.9706921577453613
encmazdvub.mp4,0.6593667268753052
encpspxssi.mp4,0.06148282811045647
encvnokybd.mp4,0.10218054801225662
encyyfekai.mp4,0.932372510433197
endblutfop.mp4,0.14113016426563263
eneknlfodw.mp4,0.9674469232559204
enexnymsbr.mp4,0.5266937613487244
enfdiglvvt.mp4,0.9415953159332275
engswoxwys.mp4,0.6120232939720154
enhioxigpa.mp4,0.9433886408805847
enhnmsqyqj.mp4,0.6733965873718262
enhqfydjvr.mp4,0.7298815846443176
enhrmlgvnt.mp4,0.9150886535644531
enhxubddhk.mp4,0.4379291236400604
enizxofene.mp4,0.8697450757026672
enjcgntrbu.mp4,0.7757611870765686
enjlezwnxf.mp4,0.9230003356933594
enkpwtwwnf.mp4,0.21805651485919952
enkpxzkvni.mp4,0.5071999430656433
enlbqlghpj.mp4,0.9449253678321838
enllemybiz.mp4,0.054695963859558105
enlyxqyizx.mp4,0.9526676535606384
enmgplmpni.mp4,0.8220311999320984
enmowffmak.mp4,0.7966015338897705
ennbmnoygj.mp4,0.4051305055618286
ennggwgewg.mp4,0.29842305183410645
ennkjirvtk.mp4,0.920904815196991
enpqwqmztj.mp4,0.9777044057846069
enpryzieyc.mp4,0.05915369093418121
enpshnkugu.mp4,0.9265978932380676
enqojjephh.mp4,0.9565494060516357
enqxmaplyw.mp4,0.9497358202934265
entdaiqrgf.mp4,0.9318313002586365
enuvbqyode.mp4,0.8888047337532043
envgqunrmz.mp4,0.8281750679016113
envlpcyqsu.mp4,0.8915451765060425
envzcooavo.mp4,0.457551509141922
enwhstvrpt.mp4,0.512226939201355
enwsrtwsnm.mp4,0.9649502635002136
enxazpptrf.mp4,0.9264841079711914
enxxwptxzh.mp4,0.9425399899482727
enyfsmfgvb.mp4,0.9636141061782837
enyhgljqwr.mp4,0.8966942429542542
enyytoyguq.mp4,0.9101983904838562
enzlliylet.mp4,0.9551125764846802
enznkxtllv.mp4,0.831716001033783
enzsbbnwyz.mp4,0.8896804451942444
eoaviddrkc.mp4,0.7011343240737915
eobwpnjgld.mp4,0.8905109763145447
eoclcdruis.mp4,0.9726012945175171
eocqzwmtxp.mp4,0.09059784561395645
eoczvkvxer.mp4,0.7257661819458008
eodeiyybfk.mp4,0.7711032032966614
eodrioissz.mp4,0.8819717168807983
eoecyagmwn.mp4,0.9553862810134888
eoetruoced.mp4,0.9722850322723389
eoextlfkjh.mp4,0.8430041074752808
eofajrswbe.mp4,0.7298760414123535
eogoxcbumn.mp4,0.844082236289978
eohifcejnd.mp4,0.9601870179176331
eohwdmwtvb.mp4,0.8650201559066772
eoighdabxr.mp4,0.44406017661094666
eoijiohjqy.mp4,0.855385959148407
eoljscsixt.mp4,0.8872081637382507
eomckefhqz.mp4,0.9600401520729065
eomkkrghqx.mp4,0.8391104936599731
eomqauazvs.mp4,0.8286248445510864
eomsdkukdd.mp4,0.1298282891511917
eomywmlzyj.mp4,0.48416078090667725
eonmclkdvc.mp4,0.9155821204185486
eoohrrbolh.mp4,0.570439338684082
eoolybdaxo.mp4,0.8488359451293945
eoourklmjk.mp4,0.07841914892196655
eoovtabijc.mp4,0.8539509177207947
eopcxgdhmb.mp4,0.7319060564041138
eorfnapwtw.mp4,0.9062485098838806
eorlkzlhod.mp4,0.8764855861663818
eornwqtqsm.mp4,0.9281811714172363
eorpfyvlok.mp4,0.48965027928352356
eoshdeycui.mp4,0.9129877090454102
eotmblattz.mp4,0.8389283418655396
eotmtjvvny.mp4,0.49243858456611633
eotxapyhnr.mp4,0.8436006903648376
eowzujrqgy.mp4,0.8708739876747131
eoxcfhtroc.mp4,0.9086989760398865
eoxfxdocyx.mp4,0.9371201992034912
eoxmjrjlyz.mp4,0.9859455227851868
eoyzkmpjem.mp4,0.971794605255127
eozcbgtdmo.mp4,0.8499245047569275
eozpgpsgpt.mp4,0.9646255970001221
epbhocgjxi.mp4,0.8918057680130005
epbkfxmcnq.mp4,0.957969605922699
epbybxkzae.mp4,0.9445262551307678
epctzprswe.mp4,0.9177181124687195
epefspyufn.mp4,0.40388235449790955
epetovyqho.mp4,0.9430628418922424
epezasvfty.mp4,0.6738113760948181
epezdgjeji.mp4,0.9225544333457947
epfeounjus.mp4,0.9572973251342773
epgfqrvwlr.mp4,0.0637398287653923
epgokhdfyh.mp4,0.9062014222145081
epgpnifmwk.mp4,0.8473979830741882
ephnqagghe.mp4,0.874477744102478
epjborbgzq.mp4,0.12601029872894287
epjhqzeweb.mp4,0.9241862297058105
epjkmysvmn.mp4,0.9207489490509033
epjstuklzg.mp4,0.8604727983474731
epkmvescaj.mp4,0.31162455677986145
epktjbgnju.mp4,0.8928974270820618
epmjvvfqnb.mp4,0.033474572002887726
epnwuvxzxw.mp4,0.944552481174469
epnzmghgbt.mp4,0.9795286059379578
epqjwfuruc.mp4,0.07388721406459808
eprdgmcksq.mp4,0.8778498768806458
eprhdfsljo.mp4,0.9424965381622314
epsguwpsbn.mp4,0.9708895683288574
epsrffjokm.mp4,0.7357971668243408
epssdfmtjy.mp4,0.3984875977039337
eptivcmfdt.mp4,0.8525007963180542
epuzqxggwu.mp4,0.7789217829704285
epvnrjtjsi.mp4,0.9506523013114929
epwbrtgupr.mp4,0.8544732332229614
epwspldhvx.mp4,0.9354127049446106
epxcmrrwwi.mp4,0.9549384117126465
epxotdneee.mp4,0.8616679310798645
epxubxovhy.mp4,0.6598564386367798
epxwangnvl.mp4,0.5242010951042175
epyfkqlnhk.mp4,0.9732828140258789
epznxyujvz.mp4,0.9451338648796082
eqabuehals.mp4,0.0840388610959053
eqahzafnym.mp4,0.89786696434021
eqakmmwngj.mp4,0.9775294065475464
eqamptvplr.mp4,0.5261282920837402
eqbhmqbwak.mp4,0.6276918053627014
eqbksplsqc.mp4,0.9072881937026978
eqboxsomoz.mp4,0.381440669298172
eqbscfnyaa.mp4,0.7266664505004883
eqdhbelkdl.mp4,0.9238148927688599
eqemoxvlgt.mp4,0.9496999979019165
eqffckkduj.mp4,0.874094545841217
eqftvfwfhk.mp4,0.7880455255508423
eqhjyhhtcb.mp4,0.8396592140197754
eqhltmstho.mp4,0.8637757897377014
eqhpdwysuw.mp4,0.19514314830303192
eqhqvcyfri.mp4,0.9216582775115967
eqiccxqnjb.mp4,0.8406515717506409
eqihscbsti.mp4,0.1460675448179245
eqilhfaxqn.mp4,0.6491937041282654
eqitwdggyk.mp4,0.8616867661476135
eqjiagoygx.mp4,0.6342311501502991
eqjkjfdbch.mp4,0.9234505891799927
eqjyrvpfmz.mp4,0.3211405277252197
eqkegfxmur.mp4,0.3206729292869568
eqkmcistey.mp4,0.13208574056625366
eqkodjrjyz.mp4,0.7491954565048218
eqkybjnuea.mp4,0.13827474415302277
eqkymdlspg.mp4,0.8729240894317627
eqlhnwfxze.mp4,0.10265839844942093
eqlxpvxtvo.mp4,0.8623724579811096
eqlygriwog.mp4,0.9165258407592773
eqmrmdwnyo.mp4,0.08389917016029358
eqmxbrgkdd.mp4,0.7249324917793274
eqngodbndt.mp4,0.9731515049934387
eqnmiwvxow.mp4,0.8950446844100952
eqnrhfnypx.mp4,0.9246168732643127
eqnyjdtfxs.mp4,0.04206988215446472
eqoknwfyci.mp4,0.07283267378807068
eqpbudnwga.mp4,0.8935787081718445
eqpeiboklv.mp4,0.9612902402877808
eqpkecgzpu.mp4,0.8794932961463928
eqpmhxxgzu.mp4,0.8975147008895874
eqqkryvzcu.mp4,0.9046833515167236
eqqmxgktvw.mp4,0.8826614022254944
eqqrggcmrx.mp4,0.9627929925918579
eqrachdzog.mp4,0.8633469343185425
eqrjhjzpyg.mp4,0.6270310282707214
eqsmwnadad.mp4,0.9516876935958862
eqsntricik.mp4,0.8343913555145264
eqstliqzef.mp4,0.11341624706983566
eqszckrudp.mp4,0.9579952359199524
eqtnwfjxgu.mp4,0.9347684383392334
eqtnypkqul.mp4,0.5306590795516968
eqtvtmtgqi.mp4,0.9003317952156067
eqtwkqxolz.mp4,0.07667882740497589
equvuhnfmu.mp4,0.37832096219062805
eqwjrvlrbd.mp4,0.9650949239730835
eqxqgckeaa.mp4,0.6558423042297363
eqxqlfglra.mp4,0.9608689546585083
eqxvuwzyke.mp4,0.8307383060455322
eqzhmbwvip.mp4,0.6414794325828552
eqzhzhvfuk.mp4,0.9529023766517639
eqzizahfxi.mp4,0.899306058883667
eqzqwjmzmu.mp4,0.9600276947021484
eqzsejevjm.mp4,0.8728765249252319
eqztafqimw.mp4,0.3088167607784271
erbcdnkjqv.mp4,0.9069293141365051
erbohkvmhv.mp4,0.8884320855140686
erbqtjngvc.mp4,0.07944854348897934
erdciikvep.mp4,0.25551068782806396
erdifqqhyf.mp4,0.9777718782424927
erdlswrxdt.mp4,0.9822705984115601
erdulktysn.mp4,0.871626615524292
eredlckdyf.mp4,0.9756578207015991
eregzipklo.mp4,0.963132381439209
eretmsrysr.mp4,0.9562020897865295
erfjrsvubh.mp4,0.07551999390125275
erggnnfmou.mp4,0.9517310261726379
erhqztizqn.mp4,0.7210009694099426
eriblluuxr.mp4,0.9881920218467712
eriidarzax.mp4,0.8803704380989075
eriqwbobly.mp4,0.9771728515625
erjwrksgsu.mp4,0.08610174059867859
erkllhrjkt.mp4,0.8601447343826294
erluerwkwn.mp4,0.9286789894104004
ermnqsqory.mp4,0.9244309663772583
erodeehozy.mp4,0.9120268225669861
eronefamtp.mp4,0.77714604139328
erotdfkdnr.mp4,0.9700713157653809
erotfcrebp.mp4,0.7859054207801819
erpaijomxg.mp4,0.9628647565841675
errmvmgrme.mp4,0.06510280817747116
errsybjnsi.mp4,0.8663307428359985
erudqctwfx.mp4,0.9639144539833069
ervfdioksl.mp4,0.06848646700382233
ervxfukcgz.mp4,0.9590373039245605
erxlsxdfwi.mp4,0.8183491230010986
erxslhffam.mp4,0.9876750111579895
eryipdpinw.mp4,0.7872933149337769
erzzhffzvu.mp4,0.1084180548787117
esaboezwps.mp4,0.9022875428199768
esacncvhun.mp4,0.9420210123062134
escfavemij.mp4,0.8961442708969116
escgwtehtk.mp4,0.19134080410003662
eschwpqksb.mp4,0.9271448254585266
esctaaylif.mp4,0.9499135613441467
escubycnrb.mp4,0.8588852286338806
escwmsthiz.mp4,0.142928346991539
esdeajcfxn.mp4,0.9683877229690552
esdmcqxzjh.mp4,0.9580376744270325
esdmehlyhe.mp4,0.028919728472828865
esgqftxfky.mp4,0.9029520153999329
eshcmegogv.mp4,0.06564109772443771
eshesftdmp.mp4,0.7724587917327881
eshthpimvh.mp4,0.8674272894859314
eshtvbrsld.mp4,0.7009671926498413
esibskwqwn.mp4,0.8977850675582886
esijwoctuo.mp4,0.9296198487281799
esiotbeupd.mp4,0.8931649923324585
esixjxfsms.mp4,0.8918411731719971
esiyzsjmfq.mp4,0.9591063857078552
esjeepgsbm.mp4,0.11027878522872925
eskgxjnagp.mp4,0.14935661852359772
eskhoguunr.mp4,0.9439395070075989
eskluhxdrc.mp4,0.7553210258483887
eslcazibhu.mp4,0.36501947045326233
eslcjjrvmo.mp4,0.8942430019378662
eslibwktlt.mp4,0.058152467012405396
eslwqsqxuo.mp4,0.9164367914199829
esnqklpomp.mp4,0.8751144409179688
esnzqdwpbc.mp4,0.722443699836731
esobntxlad.mp4,0.10148970782756805
esouzsaubb.mp4,0.9726154208183289
espaodgzxa.mp4,0.9899356365203857
espkgxnlfw.mp4,0.9056371450424194
espkkzobwi.mp4,0.474949449300766
espvgdoaem.mp4,0.8407257199287415
esqapmjzwm.mp4,0.6690592765808105
esqlozyxwo.mp4,0.8106817007064819
esqqatspvz.mp4,0.07970865070819855
esqqrzgtzo.mp4,0.9768248796463013
esqvrydrim.mp4,0.9101827144622803
esrkewmeqt.mp4,0.35499146580696106
esrlprirvx.mp4,0.9399989247322083
esrukfrnpx.mp4,0.8709304332733154
essbuwkggo.mp4,0.9063256978988647
estwtsbkge.mp4,0.9351420402526855
estygoobsr.mp4,0.9624945521354675
estykblkaw.mp4,0.47437983751296997
esuweuifts.mp4,0.5828685760498047
esvfbnxbfk.mp4,0.9049649238586426
eswjxjblzy.mp4,0.8791346549987793
eswzqomvye.mp4,0.5935066342353821
esxqgermfl.mp4,0.8672800660133362
esxygefppr.mp4,0.9337106347084045
esydswnyko.mp4,0.08924603462219238
eszivwjcls.mp4,0.8688542246818542
esznerjdma.mp4,0.9517790079116821
eszrckbsto.mp4,0.30910637974739075
esztkevzfj.mp4,0.9653949737548828
etaaaibzns.mp4,0.9039092063903809
etacemolnz.mp4,0.786596953868866
etagpnouis.mp4,0.8424983024597168
etawendpkv.mp4,0.9236589670181274
etaxwwpsls.mp4,0.12786419689655304
etcvrzyacw.mp4,0.9482149481773376
etdiyaufib.mp4,0.9668549299240112
etfmtolikj.mp4,0.954628586769104
etgmmymetr.mp4,0.8503149747848511
etgnudemya.mp4,0.8825831413269043
etgnykrkkp.mp4,0.5505051612854004
etgrqvtfwt.mp4,0.9147616624832153
ethbvtvahp.mp4,0.898853063583374
ethiruvhfg.mp4,0.9382153749465942
ethkiptljh.mp4,0.09267330914735794
etiihqouos.mp4,0.18081821501255035
etinyifrcj.mp4,0.9137374758720398
etioprbaww.mp4,0.8869803547859192
etjonsboxi.mp4,0.29886049032211304
etjupcirhj.mp4,0.8915168046951294
etktbymzhx.mp4,0.21078833937644958
etkwneghea.mp4,0.9522872567176819
etlpvrbugw.mp4,0.15574657917022705
etlroolqer.mp4,0.0771721750497818
etltdsoubb.mp4,0.5815104246139526
etmpigursu.mp4,0.8842499852180481
etmsvuymep.mp4,0.8435815572738647
etmtlobhjl.mp4,0.9078853726387024
etnricjray.mp4,0.6450656056404114
etodejdqoj.mp4,0.9430081844329834
etoezdmbjh.mp4,0.8510501980781555
etofetloij.mp4,0.031063880771398544
etphkpokgh.mp4,0.6863237023353577
etpketrlnd.mp4,0.47875282168388367
etqefqwfem.mp4,0.9354100823402405
etqopucvsa.mp4,0.8592751026153564
etqulfbomt.mp4,0.9001355767250061
etrbofjhyj.mp4,0.8965927958488464
etrdptdued.mp4,0.1349003165960312
etspyajinh.mp4,0.9003909230232239
etsvhdjyhg.mp4,0.7683752179145813
etswgogitb.mp4,0.8973114490509033
etswywimft.mp4,0.9082307815551758
ettolxlpdx.mp4,0.9597921967506409
ettthorxxv.mp4,0.9316378235816956
etttsckqzg.mp4,0.6378197073936462
etuhfvfswk.mp4,0.05429142341017723
etuiyfidqe.mp4,0.9844507575035095
etuyyfpvpz.mp4,0.48147720098495483
etuzvpxbod.mp4,0.5784712433815002
etvagcrift.mp4,0.9083353877067566
etvcdyryxq.mp4,0.8277751803398132
etvmuiutxj.mp4,0.9362761974334717
etvnftwxgr.mp4,0.9526795148849487
etwejymoqt.mp4,0.047233279794454575
etwgmmiyfl.mp4,0.9030801653862
etwpngxyoo.mp4,0.9127840995788574
etwuvriiws.mp4,0.9208645820617676
etxzgzjwfp.mp4,0.9647254943847656
etygjbrhzn.mp4,0.7416521310806274
etymlovigx.mp4,0.9406291246414185
etyysejqhe.mp4,0.9657078385353088
etyyuclunv.mp4,0.5992646813392639
euaugumzog.mp4,0.4301880896091461
euavixhbsq.mp4,0.41987016797065735
eubcovafds.mp4,0.9072557687759399
eubgacitww.mp4,0.6348579525947571
eubjjvbxss.mp4,0.045974940061569214
eubzpsdqei.mp4,0.10189997404813766
euclhezhps.mp4,0.9367249011993408
eudnjqzhac.mp4,0.31892651319503784
eudqyrnjoo.mp4,0.2107343226671219
euegygpzez.mp4,0.152567520737648
euenttouyr.mp4,0.7362458109855652
euevtellaq.mp4,0.8791601657867432
eufxjsolyv.mp4,0.9243211150169373
eughjmhnwg.mp4,0.5697395205497742
eugizkqdla.mp4,0.684582531452179
eugjbxtszt.mp4,0.6625466346740723
eugpvwbpiz.mp4,0.9011807441711426
eugszzdbxy.mp4,0.8783953189849854
eugucyqvce.mp4,0.9787647128105164
euhduijesf.mp4,0.6953376531600952
euhfncixdc.mp4,0.07142145186662674
euhfpjfbrt.mp4,0.9584856629371643
euhnopdghl.mp4,0.8588128089904785
euidgxgpff.mp4,0.03658558428287506
euiiarygve.mp4,0.7582430839538574
euilhfyjkj.mp4,0.9705390334129333
euilltgsrq.mp4,0.9271393418312073
euiqtmvnja.mp4,0.8152989149093628
eujsvdhrdm.mp4,0.8819573521614075
eujvhvrzyj.mp4,0.8005329370498657
eukbmcdsbq.mp4,0.8695210218429565
eukebgiccw.mp4,0.9508259892463684
eukutnkwkh.mp4,0.8998412489891052
eukxkhumll.mp4,0.03940510377287865
eukyyxopvt.mp4,0.8810688853263855
eulmapihck.mp4,0.944903552532196
eulslskxei.mp4,0.859927773475647
eumfzayvdz.mp4,0.9542068839073181
eumlufqcfn.mp4,0.9787570834159851
eummwjqbpd.mp4,0.8558787107467651
eumqvwtksc.mp4,0.8086001873016357
eundchcedg.mp4,0.9052184224128723
eunsttomkc.mp4,0.748859703540802
eupbthgsbs.mp4,0.46438226103782654
eupvhqwmpe.mp4,0.9376683831214905
euqeauccmw.mp4,0.9417142868041992
euqujvlnnb.mp4,0.8967851400375366
eurfdjzxng.mp4,0.9058085083961487
eurjsnbbug.mp4,0.9748720526695251
eurtdahlrz.mp4,0.8856775760650635
eusshevuiy.mp4,0.963442325592041
eusvkbaogc.mp4,0.5187816023826599
eusxhfybrd.mp4,0.9219276309013367
euttnardyg.mp4,0.9372214674949646
eutvitygbh.mp4,0.9435855746269226
euurmiutnv.mp4,0.9571942090988159
euvhbpgluc.mp4,0.6650978326797485
euwtvrqjog.mp4,0.9191529750823975
euxofyxagh.mp4,0.6362937092781067
euydqohhqn.mp4,0.9766496419906616
euyynvauyv.mp4,0.06981521099805832
euzlhdnsid.mp4,0.9336905479431152
evanozbfoa.mp4,0.44728273153305054
evauagoyun.mp4,0.9436858892440796
evctyqapap.mp4,0.8651180863380432
evdarxrenf.mp4,0.55318284034729
evecwbqsfu.mp4,0.9245917797088623
evfepuimjg.mp4,0.9776570796966553
evfzpitpgc.mp4,0.5480059385299683
evgdrmajqt.mp4,0.9784698486328125
evgsgtzsmq.mp4,0.9690941572189331
evgzjtwveg.mp4,0.9423105120658875
evhjkghtmq.mp4,0.9294435977935791
evhtpeyqsc.mp4,0.9488913416862488
evhwvefsle.mp4,0.7576764822006226
evhykxalmi.mp4,0.7503158450126648
evirwnkqms.mp4,0.04053269326686859
evjumxcwur.mp4,0.9148364663124084
evkmmqbdgq.mp4,0.12778852880001068
evlkhfbyaa.mp4,0.6568732857704163
evmgtesofz.mp4,0.9893936514854431
evmrcinjdq.mp4,0.9559327960014343
evmrudfvbf.mp4,0.6567714214324951
evnfjvobno.mp4,0.8374881148338318
evnpfradix.mp4,0.9812460541725159
evojufsbso.mp4,0.9731576442718506
evoolgcqip.mp4,0.12234888970851898
evoxksjmtv.mp4,0.9088473320007324
evppthjsbd.mp4,0.2341611385345459
evqfdqvvks.mp4,0.9296285510063171
evqpfithgd.mp4,0.9517301321029663
evqpppnrfs.mp4,0.9735907912254333
evqumrxyfs.mp4,0.9207175970077515
evrgcrznre.mp4,0.11471613496541977
evsbufgkbn.mp4,0.8728289008140564
evsrwoifxu.mp4,0.9174296259880066
evtizpbsrt.mp4,0.9109266996383667
evtqlcanne.mp4,0.9385999441146851
evttikralx.mp4,0.9815497994422913
evutrhbglp.mp4,0.0433056578040123
evuyarrqcb.mp4,0.9827637076377869
evvbmiusjr.mp4,0.40280425548553467
evvotowfkw.mp4,0.8838272094726562
evwgkntebg.mp4,0.9319465756416321
evwtxpowgd.mp4,0.8209861516952515
evwwcybbol.mp4,0.9372609257698059
evxtqswetb.mp4,0.9277507662773132
evxyexlrgp.mp4,0.9150031208992004
evypufjvtr.mp4,0.19321425259113312
evyqbkbsiv.mp4,0.9567945599555969
evziryftvx.mp4,0.943164587020874
evzmijhthq.mp4,0.06939827650785446
ewapjbcfuv.mp4,0.9846031069755554
ewavdsgjyf.mp4,0.9342869520187378
ewbgvlunzf.mp4,0.9827277660369873
ewbgymjvos.mp4,0.953037440776825
ewboiokegt.mp4,0.9377679824829102
ewcjerkrwq.mp4,0.0776963084936142
ewdeufyoic.mp4,0.8986287713050842
ewdonszwnn.mp4,0.7961359024047852
ewdpatntaf.mp4,0.7237600088119507
ewdubecsnk.mp4,0.9750902652740479
ewehqnfmvr.mp4,0.7678830623626709
eweohmorwm.mp4,0.9096508026123047
ewfnvcuvnn.mp4,0.6527723670005798
ewglmznvxe.mp4,0.9466057419776917
ewgoylxwgv.mp4,0.9262722730636597
ewgyrkfkmq.mp4,0.2186947762966156
ewhtjwbuqy.mp4,0.951277494430542
ewhwxhjogw.mp4,0.930616021156311
ewimhhuovr.mp4,0.8494319319725037
ewivyisjtm.mp4,0.9245203137397766
ewiyhypsgq.mp4,0.8717494010925293
ewjrqhcwbn.mp4,0.9130606055259705
ewjwkmevus.mp4,0.8437793254852295
ewkdvemmff.mp4,0.8422423005104065
ewlyehxfzb.mp4,0.8913812041282654
ewmhzluvgm.mp4,0.8571193218231201
ewnlkyprvh.mp4,0.41803643107414246
ewnoyoiotj.mp4,0.891108512878418
ewoefcghuy.mp4,0.9210619330406189
ewokvfyjsz.mp4,0.9775916337966919
ewpkflkuah.mp4,0.20423433184623718
ewqffplnea.mp4,0.8695631623268127
ewqrfiisqe.mp4,0.06696753203868866
ewreissupj.mp4,0.25392699241638184
ewrgbnztgs.mp4,0.957623302936554
ewrlrkjock.mp4,0.14421488344669342
ewrtxhsahr.mp4,0.9446441531181335
ewuhuebngm.mp4,0.28190797567367554
ewwkfljrua.mp4,0.8355472683906555
ewxddjqzml.mp4,0.16069531440734863
ewyeaqhmfe.mp4,0.9417921900749207
ewygzrrcft.mp4,0.9639554619789124
ewzvqdqchc.mp4,0.9107376933097839
exactiudfy.mp4,0.9039769768714905
exanjjxzre.mp4,0.48048707842826843
exapoobbmo.mp4,0.922781765460968
exatrzuvgq.mp4,0.8246585726737976
exbcpxkyuv.mp4,0.5701098442077637
excdqgwwuy.mp4,0.11675748974084854
excmyfrwzp.mp4,0.8999325037002563
excumhymko.mp4,0.8341538310050964
excvtyvuto.mp4,0.4635659456253052
exdiqsgncd.mp4,0.14809641242027283
exdxpotzrw.mp4,0.883880078792572
exegqniiaj.mp4,0.8998016715049744
exewzykbsv.mp4,0.5199262499809265
exfbtfriwb.mp4,0.9269396662712097
exfpnvnfwa.mp4,0.2562192380428314
exfpupyhhl.mp4,0.09217434376478195
exgbqfgaoj.mp4,0.7277059555053711
exggwnyfiz.mp4,0.9345189332962036
exgmypzisd.mp4,0.850067138671875
exhfwnjwrh.mp4,0.913658618927002
exhzzxwghl.mp4,0.8537211418151855
exikkzaesy.mp4,0.02548866905272007
exipptdkki.mp4,0.8344853520393372
exjhqhkiiq.mp4,0.8336254358291626
exjmfjwuvn.mp4,0.8542776703834534
exjmtejyxo.mp4,0.9431111812591553
exjnpsilrw.mp4,0.67192143201828
exlbmtpqbt.mp4,0.9529907703399658
exlymefpqh.mp4,0.9317609071731567
exmuhuamql.mp4,0.9732515811920166
exngsbdjkg.mp4,0.870389997959137
exnqtksnsd.mp4,0.9237416982650757
exnxonosso.mp4,0.910544216632843
exoiljxgnb.mp4,0.9442471265792847
exotjouiuv.mp4,0.9697188138961792
exouxhurex.mp4,0.10819506645202637
exprsetrwv.mp4,0.9268192052841187
exqaaevevx.mp4,0.9258129596710205
exrdfjblnj.mp4,0.9072383046150208
exrlkypabt.mp4,0.9018675684928894
exruieyion.mp4,0.7530531287193298
exsteszbhp.mp4,0.8699992299079895
exsuygvela.mp4,0.5046713352203369
extihvlsxg.mp4,0.02930697426199913
extmbbwsdy.mp4,0.04692550376057625
extthfnusg.mp4,0.9205856919288635
exuqawztwn.mp4,0.07953675836324692
exuxoisxyl.mp4,0.8991237282752991
exvwmgobwc.mp4,0.5352451205253601
exwbzleeek.mp4,0.27543675899505615
exwwkhjkbw.mp4,0.9268562197685242
exwwmdzioh.mp4,0.8756300210952759
exxdugnweb.mp4,0.09625409543514252
exxfhkgnvx.mp4,0.7080932855606079
exxmdbzkyr.mp4,0.911034882068634
exzkbgzgib.mp4,0.6280369162559509
exzlkzguxl.mp4,0.4949128329753876
eyacdtciqm.mp4,0.8966159224510193
eyacmcjknj.mp4,0.9752964973449707
eyaseuvaal.mp4,0.8597045540809631
eybhzkzvhd.mp4,0.812915563583374
eybluknonz.mp4,0.09292814880609512
eybvpbhezl.mp4,0.9026067852973938
eycdlgettr.mp4,0.90805983543396
eycfnmrhdt.mp4,0.829775869846344
eycwvdpqbo.mp4,0.9400712251663208
eydmpkgqeq.mp4,0.9398042559623718
eyeboujggi.mp4,0.8880605101585388
eyeeizenid.mp4,0.04897303134202957
eyevwdohgf.mp4,0.9549965262413025
eyffoapcce.mp4,0.9562863707542419
eygcphespr.mp4,0.9242516160011292
eygcpssvws.mp4,0.91005939245224
eyggyzewzb.mp4,0.9436460733413696
eygwtqpnue.mp4,0.33956387639045715
eyhhnebwcs.mp4,0.05643376335501671
eyhjqwikza.mp4,0.20989716053009033
eyhphpspew.mp4,0.5990306735038757
eyivatspar.mp4,0.9252579808235168
eyjiwmclao.mp4,0.3706599771976471
eyjpughmmi.mp4,0.9459545016288757
eylmytvbqt.mp4,0.9891274571418762
eylwvdgbcy.mp4,0.11848597973585129
eymbhwikgh.mp4,0.5972074866294861
eynvbesfsi.mp4,0.9364569187164307
eynzqgzqwc.mp4,0.8290976881980896
eypevytikz.mp4,0.2916623055934906
eyqjufadve.mp4,0.6160025596618652
eyrphmtciv.mp4,0.9155728220939636
eyrvyndpjs.mp4,0.6105999946594238
eyserqjwlg.mp4,0.6756134629249573
eyudklhxjj.mp4,0.7819881439208984
eyujrtghok.mp4,0.9033232927322388
eyulbxiwne.mp4,0.9555561542510986
eyusbqspuh.mp4,0.9148076176643372
eywxpimyad.mp4,0.09730961173772812
eyxjlhkadh.mp4,0.7195765376091003
eyxkycclyx.mp4,0.8108763098716736
eyxmouvody.mp4,0.0828295573592186
eyyafuqxuj.mp4,0.8597562313079834
eyywfiialh.mp4,0.36576318740844727
eyzewpjtzp.mp4,0.8881919384002686
eyzgzdgtyn.mp4,0.8777121305465698
eyzrwpudox.mp4,0.10045463591814041
eyzudnrcnp.mp4,0.9182667136192322
ezaaqjpswx.mp4,0.3787759244441986
ezadehoecy.mp4,0.9875434637069702
ezajsnknkc.mp4,0.09151999652385712
ezckbwmnvc.mp4,0.7365294098854065
ezehdjvwvy.mp4,0.9865557551383972
ezfjywtlpn.mp4,0.8948555588722229
ezgruvwexl.mp4,0.24316240847110748
ezgusylcyf.mp4,0.16196806728839874
ezjfyxslqt.mp4,0.7552971243858337
ezkidfosnl.mp4,0.8556419014930725
ezkyiounzg.mp4,0.976841151714325
ezljdafkkh.mp4,0.9140134453773499
ezltfgktsa.mp4,0.9428356885910034
ezmhgyjwqt.mp4,0.8946873545646667
eznfhmennm.mp4,0.1601397693157196
ezpgbzhejw.mp4,0.758282482624054
ezpialoqyh.mp4,0.7352248430252075
ezpsqjytug.mp4,0.9436393976211548
ezpulhyrqd.mp4,0.5
ezqscppooh.mp4,0.8568198680877686
ezrfihipbi.mp4,0.9339847564697266
ezrgemzvju.mp4,0.139375701546669
ezrlpsoczz.mp4,0.8991507291793823
eztgdxslyf.mp4,0.8015758991241455
eztkfvorxo.mp4,0.9815004467964172
eztwadaxde.mp4,0.08587359637022018
ezupajzwdl.mp4,0.9819702506065369
ezupovqlhq.mp4,0.9246484041213989
ezvqjcunnf.mp4,0.9013329744338989
ezvsimvagj.mp4,0.8773987889289856
ezvxqunobu.mp4,0.05943670496344566
ezwbapbpgw.mp4,0.716793417930603
ezwqacetdx.mp4,0.7775270938873291
ezwswnpxgw.mp4,0.8373861908912659
ezxkqqqeqn.mp4,0.6470661163330078
ezxnapocrl.mp4,0.8523939251899719
ezyjpzfnxs.mp4,0.8845353722572327
ezyttpijys.mp4,0.9341988563537598
ezzxtovqvz.mp4,0.8622015118598938
fabfbolhsn.mp4,0.20984642207622528
fabnzwzwjd.mp4,0.9566605687141418
facfirssno.mp4,0.9435308575630188
fachvpmjpg.mp4,0.9441479444503784
factpeezlu.mp4,0.9751178622245789
fadcaxaafk.mp4,0.34984442591667175
fadljknvrx.mp4,0.9383447170257568
faeyfjgska.mp4,0.9469254016876221
fafelguets.mp4,0.06369765102863312
fafihcaagb.mp4,0.960223376750946
fagnwmedog.mp4,0.1429508775472641
fahevlhtcx.mp4,0.9579485058784485
fahnvsfiwj.mp4,0.7872492671012878
fahykeifgz.mp4,0.9298596382141113
faicwfivhj.mp4,0.6636006832122803
faikkamrdw.mp4,0.9638081789016724
fakfkpzenm.mp4,0.14807428419589996
fakhglygte.mp4,0.7407467365264893
fakiuygxwr.mp4,0.836779773235321
faklcbjoln.mp4,0.8875946402549744
fakquybnpz.mp4,0.8463954925537109
falfxrjier.mp4,0.2916523814201355
falquxjgcs.mp4,0.8931753039360046
famavifufv.mp4,0.05051509663462639
famcnvqqjv.mp4,0.9394862055778503
famywizotu.mp4,0.9110243916511536
fandwknulr.mp4,0.9392232894897461
fangjhyrzp.mp4,0.06639570742845535
fapazklyby.mp4,0.8709145784378052
fapupenfkl.mp4,0.13048022985458374
faqniwwbxq.mp4,0.8713451623916626
fardukltij.mp4,0.6946819424629211
farkayufbk.mp4,0.8808801174163818
fashimyayn.mp4,0.8114540576934814
fassenuwad.mp4,0.9164180755615234
fasuaiwqpu.mp4,0.9507777094841003
fasyguwpmg.mp4,0.7789154648780823
faszsqdqgn.mp4,0.9620654582977295
fatnoezenh.mp4,0.926629364490509
fauqtiiztx.mp4,0.8617364764213562
faurwndulk.mp4,0.8688162565231323
favklanlaa.mp4,0.1830977350473404
favpbouums.mp4,0.8927068710327148
favrjgshqi.mp4,0.10273587703704834
favwudatxe.mp4,0.9337755441665649
favydhlbyj.mp4,0.3748336434364319
fayetmfgru.mp4,0.7504335641860962
faygjfrrcq.mp4,0.12819090485572815
fazkvrvuzb.mp4,0.04986124485731125
fazvawknmy.mp4,0.8544510006904602
fbajsjwfpe.mp4,0.9168850183486938
fbamquqxcp.mp4,0.9769278764724731
fbbhzabvxd.mp4,0.8506004214286804
fbbmsckgkj.mp4,0.9891799688339233
fbbtlcjktz.mp4,0.9532430171966553
fbcdrnxhcx.mp4,0.0934622660279274
fbcoqrklhy.mp4,0.08153456449508667
fbdorsyrek.mp4,0.8972723484039307
fbdxjscbzc.mp4,0.875220000743866
fbdzfxddvk.mp4,0.9289619326591492
fbeqqyemsi.mp4,0.3425394594669342
fbfnlcqjjp.mp4,0.058017097413539886
fbfxiwunri.mp4,0.6580522060394287
fbgsueqwxv.mp4,0.8323296308517456
fbibpnbjox.mp4,0.9127905964851379
fbibtubooo.mp4,0.9489139914512634
fbicfztldi.mp4,0.15939784049987793
fbifigmjzk.mp4,0.916784405708313
fbkepsruif.mp4,0.910247802734375
fbkfmzjyey.mp4,0.8717877268791199
fblcxngbtt.mp4,0.8058496713638306
fblimgipds.mp4,0.9568306803703308
fblyakialo.mp4,0.9104171991348267
fbmbhjzgie.mp4,0.08823485672473907
fborahodiq.mp4,0.9522759914398193
fbosopvlqz.mp4,0.8556253910064697
fbplhwdvuy.mp4,0.9176774024963379
fbpnwtilgt.mp4,0.5951579809188843
fbqjyxiwgc.mp4,0.10223734378814697
fbqmpjccpr.mp4,0.94904625415802
fbqnobjdip.mp4,0.8839969635009766
fbqrdsclny.mp4,0.2278866320848465
fbqwomdehr.mp4,0.548244059085846
fbrnfldzje.mp4,0.9369929432868958
fbrnkwsgrh.mp4,0.05682303011417389
fbtgsjghee.mp4,0.8683841824531555
fbujpbnkys.mp4,0.6317574977874756
fbwfpmbwin.mp4,0.1913631707429886
fbxaamoucp.mp4,0.6715764999389648
fbxgytacoa.mp4,0.6917439103126526
fbxycbrpnd.mp4,0.9148303866386414
fbybejwonv.mp4,0.8245629668235779
fbyetasxrt.mp4,0.45501577854156494
fbykdbonvn.mp4,0.8860040903091431
fbyqfeausr.mp4,0.9442083239555359
fbyxcxtpsw.mp4,0.03150640428066254
fbzamdxgjw.mp4,0.6936949491500854
fbzclcxmxh.mp4,0.9107580780982971
fbzpezjuac.mp4,0.9567806124687195
fbzvbtnwuo.mp4,0.9007394313812256
fbzztilvpn.mp4,0.06441230326890945
fcacovhtqc.mp4,0.6907178163528442
fcagoxvfam.mp4,0.40780940651893616
fcaigwoatg.mp4,0.8867982625961304
fcawschzhs.mp4,0.8099272847175598
fcbcugpyqb.mp4,0.8470821380615234
fcbgcmzvgo.mp4,0.8655251860618591
fcckanhaqo.mp4,0.9113797545433044
fccofumcjd.mp4,0.9128265380859375
fcdlkuwhgc.mp4,0.07219219952821732
fceaefbruz.mp4,0.9457805752754211
fceobmlgdo.mp4,0.9561144113540649
fcevppjtel.mp4,0.2789912223815918
fcgdkbrhob.mp4,0.5674269199371338
fcgdrvwpgy.mp4,0.906843900680542
fcgsaskflq.mp4,0.6873451471328735
fcgttspyiy.mp4,0.8802340030670166
fcgzegqfhu.mp4,0.36507564783096313
fchawobtti.mp4,0.3376038372516632
fchfxbjlmu.mp4,0.6553399562835693
fchswmskuw.mp4,0.7908036112785339
fcjcpqsqdl.mp4,0.9308303594589233
fcjgetycim.mp4,0.5838973522186279
fcjrqmqheq.mp4,0.822415292263031
fckedzldka.mp4,0.9787594079971313
fckhrlmdps.mp4,0.9346134066581726
fckyqnljcw.mp4,0.8461658954620361
fclbpdxgxz.mp4,0.936797022819519
fclghwxfyv.mp4,0.3515912890434265
fclnkaotuf.mp4,0.05708887428045273
fcmexsbxbl.mp4,0.8956222534179688
fcmvdopkgg.mp4,0.8421189188957214
fcmymgffth.mp4,0.8835321068763733
fcniblddhn.mp4,0.21299904584884644
fcnosnknhr.mp4,0.9467547535896301
fcnrttrfjd.mp4,0.8256271481513977
fcnvslbvkp.mp4,0.9214568734169006
fcpjjajbrs.mp4,0.9800617694854736
fcqgzoqwnq.mp4,0.10605420172214508
fcqkakrkkt.mp4,0.47248220443725586
fcqoeufwso.mp4,0.13130778074264526
fcqotwdluv.mp4,0.9877733588218689
fcrhnotouh.mp4,0.04255883768200874
fcroeeiwbw.mp4,0.12022943794727325
fcrwgettrv.mp4,0.9284598231315613
fctupjcqsd.mp4,0.9852047562599182
fctxyczvjr.mp4,0.6205294132232666
fctyywfhmh.mp4,0.9250762462615967
fcubvqwhzp.mp4,0.6944870948791504
fcussypxwn.mp4,0.9470917582511902
fcvalghdjp.mp4,0.9129472374916077
fcvzlzfufb.mp4,0.19713260233402252
fcwgjggqub.mp4,0.49645793437957764
fcwisgaaro.mp4,0.904589831829071
fcwrhhfado.mp4,0.8579719066619873
fcxentjmzf.mp4,0.07018672674894333
fcytwslmhe.mp4,0.8764479756355286
fcyzsnnext.mp4,0.8758848309516907
fczrttsakk.mp4,0.4078170359134674
fczvffyrza.mp4,0.8784781098365784
fczvlbhexk.mp4,0.9483612179756165
fdazieinpw.mp4,0.1972406953573227
fdbmplikfr.mp4,0.8653641939163208
fdbmvivkyk.mp4,0.8808646202087402
fdbuudgvxk.mp4,0.8441410064697266
fdczuwyugc.mp4,0.9172491431236267
fddjyuntaw.mp4,0.9310868978500366
fdehcexxls.mp4,0.6413862109184265
fdezrogbya.mp4,0.8518049120903015
fdfcclojex.mp4,0.948168158531189
fdffsphdrs.mp4,0.5150315761566162
fdfkgybqpx.mp4,0.833076536655426
fdfncdwcsp.mp4,0.924479067325592
fdfstbxbjh.mp4,0.8867712616920471
fdgjxunkbg.mp4,0.8789570331573486
fdgotycxcs.mp4,0.9541041851043701
fdibsyxhwu.mp4,0.8452959656715393
fdiiiafqra.mp4,0.7954500317573547
fdirkafogc.mp4,0.9137877225875854
fdisgqcvpz.mp4,0.9399088621139526
fdknmtrfjm.mp4,0.9355394244194031
fdktkvlziu.mp4,0.9079444408416748
fdkywoylxe.mp4,0.9322322010993958
fdljwgcbvb.mp4,0.7978599667549133
fdlrrbroar.mp4,0.1111663207411766
fdmfxcherk.mp4,0.27991780638694763
fdmkdahhwb.mp4,0.9487078189849854
fdmsyypemb.mp4,0.052054211497306824
fdnrhgictd.mp4,0.4716894328594208
fdnvmmoobs.mp4,0.5528979301452637
fdogmnyird.mp4,0.9361516237258911
fdooucyjuw.mp4,0.8674449324607849
fdoxhvqlcu.mp4,0.8729763031005859
fdpkflecgj.mp4,0.9669661521911621
fdpmnucvqi.mp4,0.8460260033607483
fdppujxagz.mp4,0.8957766890525818
fdqzjdfeca.mp4,0.37623271346092224
fdrizqnsqt.mp4,0.8831053972244263
fdroxpavml.mp4,0.8019936680793762
fdstzkwgrw.mp4,0.9817520976066589
fdtynawrpy.mp4,0.04472988471388817
fdubcqyphb.mp4,0.3943595588207245
fduexmmqer.mp4,0.922017514705658
fduhwlydlg.mp4,0.1465214341878891
fdurwujpok.mp4,0.8745957016944885
fduzwmyecl.mp4,0.9333205223083496
fdvbsmpmge.mp4,0.14875733852386475
fdvgiqipzx.mp4,0.8822171092033386
fdwghvaliw.mp4,0.9515816569328308
fdxeaxhnxh.mp4,0.860798180103302
fdxnlcyvcl.mp4,0.6838679313659668
fdxvlxsuxv.mp4,0.9366390705108643
fdzexbsksd.mp4,0.07613857835531235
fdzgqqpqua.mp4,0.869770884513855
fdziwiuoer.mp4,0.7326209545135498
fdzrqygbuc.mp4,0.8321909308433533
feaqnlczwc.mp4,0.9859105944633484
febvxdmywc.mp4,0.5450544953346252
feclrivjqi.mp4,0.8909578919410706
fecnpaovgx.mp4,0.8807170391082764
fecrkedono.mp4,0.9687861204147339
feculiepto.mp4,0.8629692792892456
fedelidbyz.mp4,0.8220723271369934
fednyefrrm.mp4,0.8909032344818115
fehsidvxnq.mp4,0.5916106104850769
fehvqagskg.mp4,0.9448939561843872
fejacnpjzo.mp4,0.7628150582313538
fejoztpznc.mp4,0.9640271067619324
fekazhlpdr.mp4,0.9226686954498291
fekbyyzjxi.mp4,0.911435067653656
fekdyrzfda.mp4,0.8987748622894287
fekecdkzfx.mp4,0.7852884531021118
fekfqkxcmg.mp4,0.6524666547775269
feklsyhydc.mp4,0.9087106585502625
fektpafggz.mp4,0.9289384484291077
fekttfvyio.mp4,0.9531782269477844
fekufemysq.mp4,0.9017913341522217
felvphspwq.mp4,0.8252776861190796
femcomojjl.mp4,0.9331645965576172
femslxrqzs.mp4,0.7544456720352173
fenkagfgpz.mp4,0.9808453917503357
fenvutkjgf.mp4,0.8957309126853943
feocfndoxy.mp4,0.9120243787765503
feotkojcfj.mp4,0.9064270257949829
fepcaxmpzk.mp4,0.702555775642395
fepdwndilf.mp4,0.934874951839447
fepjgkpkva.mp4,0.7272294163703918
fepzrvdwje.mp4,0.19953829050064087
feqbzkgihs.mp4,0.05639108642935753
feqzsacurr.mp4,0.9389637112617493
fermszanqp.mp4,0.29576778411865234
fersuzuomu.mp4,0.8680835366249084
ferxzqugjl.mp4,0.9164857864379883
ferymajfia.mp4,0.1372794806957245
fesdxiprfd.mp4,0.7303059697151184
feshilyojm.mp4,0.7924123406410217
fetxwjfque.mp4,0.2069324404001236
feuawxyxue.mp4,0.5055740475654602
fevurxrrgf.mp4,0.9134551286697388
fewjjgfokg.mp4,0.986914873123169
fewvptnlit.mp4,0.9524891376495361
fexafazetd.mp4,0.9242954254150391
fexhvxfiwe.mp4,0.05299936607480049
fezasvqvsw.mp4,0.9701777100563049
fezdsrxjuz.mp4,0.943901538848877
fezfsagvyo.mp4,0.6440353989601135
ffadtqptvw.mp4,0.925136923789978
ffbcwbelsp.mp4,0.9051154255867004
ffbjlbsudv.mp4,0.9513264894485474
ffblorryhi.mp4,0.9333996772766113
ffbwehugnp.mp4,0.04883451387286186
ffcommhoby.mp4,0.04219156876206398
ffczscfkkp.mp4,0.9294530749320984
ffdbabjuix.mp4,0.9707288146018982
ffeimzbwnc.mp4,0.982763409614563
ffeuakygvq.mp4,0.9161804914474487
ffevfcjxva.mp4,0.2828003466129303
fffabxflxz.mp4,0.8908571600914001
fffpksykni.mp4,0.9665177464485168
ffgjubpsrv.mp4,0.8385604023933411
ffgpwcfvgi.mp4,0.07708197087049484
ffhdgsvsmb.mp4,0.9505026340484619
ffhxvrcxjp.mp4,0.27913859486579895
ffhzeodora.mp4,0.9588998556137085
ffidvaqcfh.mp4,0.9802014827728271
ffikhwxjgm.mp4,0.37701815366744995
ffipepamkk.mp4,0.8661879301071167
ffjdqkgdns.mp4,0.9127582907676697
ffjyjsdzcx.mp4,0.7063264846801758
ffkaazomkg.mp4,0.899587094783783
ffkhritile.mp4,0.8526774048805237
fflgzydmzd.mp4,0.047141555696725845
fflhlodwnf.mp4,0.9499109983444214
fflspkgjah.mp4,0.8953372240066528
ffmpcikyaf.mp4,0.9031670093536377
ffmtwqvngl.mp4,0.8388267755508423
ffmyqpdqdb.mp4,0.1675470620393753
ffnaeknjds.mp4,0.9792401790618896
ffpmxeaahd.mp4,0.9381356835365295
ffpwtqfazl.mp4,0.6588823199272156
ffqfbvsmkq.mp4,0.8964077234268188
ffqgsmxvuq.mp4,0.9275514483451843
ffqtwsnbjy.mp4,0.9222903251647949
ffqxkomedp.mp4,0.9411644339561462
ffqztpmqht.mp4,0.09258861839771271
ffsofssjon.mp4,0.49156761169433594
fftfdezrnh.mp4,0.9509882926940918
ffuegayswn.mp4,0.903211236000061
ffuhlmaxue.mp4,0.6119588613510132
ffvoqimwmv.mp4,0.5931052565574646
ffvwladfuh.mp4,0.9389104247093201
ffvyaaolvh.mp4,0.9334802031517029
ffxiutfknw.mp4,0.06347648799419403
ffzeueddpx.mp4,0.4530739188194275
fgaaxwisyh.mp4,0.9052432179450989
fgahummvmc.mp4,0.5368612408638
fgasybrtob.mp4,0.2652450203895569
fgaztzxuix.mp4,0.7189981937408447
fgcazspzuy.mp4,0.9678301811218262
fgcrbinglk.mp4,0.8958333134651184
fgdpgztcaw.mp4,0.9631292223930359
fgdriqscyw.mp4,0.924863874912262
fgeepyrgsa.mp4,0.948660135269165
fgeuhffsss.mp4,0.8407782316207886
fgexjqzsti.mp4,0.9808098673820496
fggnisskhq.mp4,0.9468199610710144
fggvitjdji.mp4,0.7320558428764343
fghajiuvet.mp4,0.9247580766677856
fghsaovswi.mp4,0.6723146438598633
fgicfmosym.mp4,0.9023224711418152
fgirrgiuzr.mp4,0.9234776496887207
fgjenewzsg.mp4,0.9015883803367615
fgkkhtjosp.mp4,0.8769931197166443
fgkpembbpv.mp4,0.048644717782735825
fglfkwlujv.mp4,0.06280782073736191
fglguggmiy.mp4,0.08705509454011917
fgliksrdtq.mp4,0.747505784034729
fgmbxfqoze.mp4,0.06290937960147858
fgmvhqzppo.mp4,0.8465247750282288
fgnfghzzas.mp4,0.852428674697876
fgnmillpcj.mp4,0.8499476909637451
fgnofuaqga.mp4,0.6935853958129883
fgoarsegvt.mp4,0.5402072668075562
fgpfxeovsh.mp4,0.05760195478796959
fgpjczpejr.mp4,0.9055627584457397
fgpomttfog.mp4,0.6904230117797852
fgqmmehmev.mp4,0.8673838376998901
fgrfpbvrkv.mp4,0.7319713830947876
fgrnwqhoan.mp4,0.37425553798675537
fgrxdtkqod.mp4,0.8506316542625427
fgsjbkxyjk.mp4,0.9135775566101074
fgsulgqrgk.mp4,0.8229562044143677
fgtdbexjtp.mp4,0.658389151096344
fgtpkjnclo.mp4,0.8725155591964722
fgueschpvr.mp4,0.9060402512550354
fgulametef.mp4,0.8624877333641052
fgutlhwbua.mp4,0.9222995042800903
fgvfeubemr.mp4,0.8653537631034851
fgvolxxsnq.mp4,0.9056254625320435
fgvvgcdflc.mp4,0.29420778155326843
fgwhvbmraa.mp4,0.9321351051330566
fgwnqpoakk.mp4,0.9458862543106079
fgwxkmbrfn.mp4,0.890159010887146
fgydlejwbw.mp4,0.7960283756256104
fgyohrsldo.mp4,0.9635810256004333
fgzrkfwnpt.mp4,0.541021466255188
fhafkpfjwi.mp4,0.9067071080207825
fhagtcekiy.mp4,0.12451720982789993
fhajjbenap.mp4,0.13479478657245636
fhajwvmxlg.mp4,0.9843912124633789
fhaupqvsnl.mp4,0.9888632893562317
fhbajybgmi.mp4,0.9250881671905518
fhblcnczdj.mp4,0.811987042427063
fhcicxjlyr.mp4,0.8302035927772522
fhcncljvrv.mp4,0.8438324928283691
fhczoolmco.mp4,0.9367783665657043
fhdpasazzp.mp4,0.5
fhecllzeps.mp4,0.9398227334022522
fhetmbyobx.mp4,0.08624876290559769
fhggpjcxxp.mp4,0.326373428106308
fhhgvvydre.mp4,0.7777671813964844
fhhlzspwur.mp4,0.9853491187095642
fhhohseher.mp4,0.9213609099388123
fhhortycpg.mp4,0.9334601163864136
fhhyuaqztb.mp4,0.11400452256202698
fhigdlcnhw.mp4,0.9283162355422974
fhigwcnxhr.mp4,0.8551418781280518
fhijwlldwo.mp4,0.8884848356246948
fhjifxzzxt.mp4,0.9531680941581726
fhldjotxko.mp4,0.9430150985717773
fhnlwgjnlq.mp4,0.06276024132966995
fhocwzeryw.mp4,0.8603824973106384
fhpfjjbfbi.mp4,0.6936482787132263
fhpjeivdvm.mp4,0.8902649879455566
fhpqzqvruo.mp4,0.9001847505569458
fhpwdjbmow.mp4,0.8754822611808777
fhqiimesrc.mp4,0.9147531986236572
fhqycclsvg.mp4,0.4611298441886902
fhrjtrxpsv.mp4,0.9846635460853577
fhrlkfrofk.mp4,0.9658498764038086
fhrqmneeqh.mp4,0.608403205871582
fhsdkuguju.mp4,0.9385762810707092
fhsopezelx.mp4,0.8328605890274048
fhssdtkmjy.mp4,0.874045193195343
fhtcxgzjvr.mp4,0.9555613994598389
fhucacmmfg.mp4,0.9449312090873718
fhvaxbjqjw.mp4,0.4286321997642517
fhvnuwsfdr.mp4,0.7731851935386658
fhvrvjiuxh.mp4,0.7338715195655823
fhwgrarnid.mp4,0.8980398774147034
fhwujfakld.mp4,0.7581785917282104
fhxfrtvpvh.mp4,0.7463631629943848
fhxptowtss.mp4,0.8191545605659485
fhyczuygmr.mp4,0.8603389859199524
fhysmcypsf.mp4,0.9346396923065186
fhzpmudsrj.mp4,0.8536345362663269
fhzqbegfpg.mp4,0.9018101096153259
fiaqecjvxv.mp4,0.038168955594301224
fiayeurvwb.mp4,0.7477027177810669
fibctjkhly.mp4,0.3970358073711395
fiblrjzqaq.mp4,0.9571206569671631
fibpwdkctq.mp4,0.8072811365127563
ficmlfzbul.mp4,0.9419981837272644
ficudqzpxc.mp4,0.8661359548568726
ficywnedgy.mp4,0.9442046284675598
fidfazmovh.mp4,0.8937538266181946
fidfnekxpy.mp4,0.07158507406711578
fiedmhtawp.mp4,0.9448864459991455
fiencvqrps.mp4,0.6987354159355164
fienqibwhi.mp4,0.3274010419845581
fiesmfagyt.mp4,0.9258705973625183
fifiolrugh.mp4,0.8422544598579407
fifpruwhjx.mp4,0.908993661403656
fiftvucvue.mp4,0.5122886896133423
fifuixxokg.mp4,0.9679115414619446
figuqpbovb.mp4,0.9685642719268799
figxvsdmsb.mp4,0.2920004725456238
fihhemujnh.mp4,0.742519736289978
fihjohiaiz.mp4,0.934945285320282
fihvltkgzk.mp4,0.8412861227989197
fiinousxrm.mp4,0.9560540914535522
fiiqfocsvl.mp4,0.9627799987792969
fiiwmeedpe.mp4,0.06541483849287033
fijjvsbmlr.mp4,0.9863156080245972
fimdeakoow.mp4,0.21301327645778656
fimmookvqv.mp4,0.918588399887085
finajvgncq.mp4,0.2523050606250763
findfddbfr.mp4,0.9392333626747131
finhqimpzj.mp4,0.9133744835853577
fintjppenq.mp4,0.9859721064567566
fiobjlznms.mp4,0.8881679177284241
fiosbwtuyg.mp4,0.9559621810913086
fipwnqgonh.mp4,0.0798456072807312
fiqzgirirh.mp4,0.6679502129554749
firbngucmx.mp4,0.5769411325454712
firczmxodx.mp4,0.9481674432754517
firgfjlrjk.mp4,0.380587637424469
firkihyytz.mp4,0.9249913096427917
firovdoeuw.mp4,0.9756146669387817
fisacwgrlp.mp4,0.9518579840660095
fitnascevt.mp4,0.7881736159324646
fitssbqkue.mp4,0.8987983465194702
fiuclusoxo.mp4,0.8131906986236572
fiuiofecgh.mp4,0.9273995161056519
fiwdddcccw.mp4,0.9340957999229431
fiyhcmxjst.mp4,0.8150416612625122
fizjpvkvsk.mp4,0.9066328406333923
fizlfxkrsp.mp4,0.9505904912948608
fizlnxpjpn.mp4,0.07574745267629623
fiztvpnszw.mp4,0.8826501965522766
fjaomdpqkk.mp4,0.13176238536834717
fjarqdvuea.mp4,0.8650828003883362
fjatdgwaux.mp4,0.8502919673919678
fjaxqoxlkt.mp4,0.9176337122917175
fjbfbanlyx.mp4,0.626197874546051
fjbputqtrr.mp4,0.9405549168586731
fjccoyatzx.mp4,0.9472615122795105
fjcoszukly.mp4,0.9467895030975342
fjcyoixqau.mp4,0.9644486308097839
fjdbygjzfi.mp4,0.9211628437042236
fjdkxakecv.mp4,0.9681205749511719
fjdsoxkkwo.mp4,0.8274325132369995
fjdvhqckev.mp4,0.4868236780166626
fjdykbckzi.mp4,0.4643411934375763
fjebxgfrls.mp4,0.7819181680679321
fjejdkbdvo.mp4,0.7855512499809265
fjgncibwbl.mp4,0.567530632019043
fjgqrphojl.mp4,0.14200595021247864
fjguqfldav.mp4,0.912717342376709
fjhappnjbd.mp4,0.8335327506065369
fjhjtwijnb.mp4,0.8994187116622925
fjjhbclmle.mp4,0.8229243159294128
fjjjwcibmv.mp4,0.9303089380264282
fjjvhpfmuh.mp4,0.8157225251197815
fjkbiwdyus.mp4,0.9229985475540161
fjkgcykspg.mp4,0.9003185033798218
fjklrvzpic.mp4,0.7380751967430115
fjmbzlsdux.mp4,0.9178062081336975
fjncnvgpad.mp4,0.9136635065078735
fjnetcxhnu.mp4,0.8878127932548523
fjnoqfxzxf.mp4,0.15640683472156525
fjnvsgejnv.mp4,0.10692263394594193
fjozlghihm.mp4,0.7008064389228821
fjpoqomzvd.mp4,0.9336346983909607
fjqmjlbmad.mp4,0.9668302536010742
fjqtmpofjl.mp4,0.25305789709091187
fjqzlccxlq.mp4,0.8938125371932983
fjrcjisybg.mp4,0.8877630829811096
fjrleuhnha.mp4,0.9531469345092773
fjrovfpsmq.mp4,0.929658830165863
fjsbsydeai.mp4,0.07100282609462738
fjsuelxaqo.mp4,0.957256019115448
fjtbnvcpzk.mp4,0.44579315185546875
fjteinuizg.mp4,0.965187668800354
fjtgipzeyf.mp4,0.1590147167444229
fjuatujczy.mp4,0.4263482391834259
fjubmqudgd.mp4,0.09745905548334122
fjuwxqapzb.mp4,0.24528588354587555
fjwahrdeqo.mp4,0.07945751398801804
fjyqdlthcg.mp4,0.9236697554588318
fjzubtympu.mp4,0.8177383542060852
fjzxygdweh.mp4,0.9499779343605042
fkarxowzuf.mp4,0.05963829904794693
fkazlahbrz.mp4,0.9685801863670349
fkbrpnuxyl.mp4,0.9113244414329529
fkcgxxbyge.mp4,0.12973910570144653
fkdfmcfqqw.mp4,0.7658763527870178
fkdjmbfxdq.mp4,0.05542723089456558
fkdmipkufb.mp4,0.47022032737731934
fkebsdemzh.mp4,0.44709280133247375
fkessgvekm.mp4,0.8254754543304443
fkezygjoqi.mp4,0.9601273536682129
fkfvbdqmbr.mp4,0.08421119302511215
fkfxnvftvc.mp4,0.06563670188188553
fkgheptmfg.mp4,0.8925961852073669
fkgibqzujd.mp4,0.8945082426071167
fkhmutejpi.mp4,0.9576008915901184
fkipjvtayq.mp4,0.9637855291366577
fkiztawrtv.mp4,0.3953005075454712
fkjegdwqur.mp4,0.05186954885721207
fkkkfalzza.mp4,0.8907540440559387
fkkmxwjkxb.mp4,0.6422068476676941
fkksbgaibl.mp4,0.9656279683113098
fklmgqcgrs.mp4,0.9771026372909546
fklyibsgua.mp4,0.4332909882068634
fkmalnfjee.mp4,0.08097086101770401
fkmjfvjqru.mp4,0.8941731452941895
fkmxqizsjr.mp4,0.35666829347610474
fkneuizzgi.mp4,0.9051340222358704
fknfzuxfmy.mp4,0.9654504656791687
fknhmjdimp.mp4,0.9688470959663391
fknnakjgzg.mp4,0.861029863357544
fkojclpsdn.mp4,0.8447895646095276
fkougtewkt.mp4,0.9134392142295837
fkpcwebkya.mp4,0.900477945804596
fkpjlgnzsm.mp4,0.9127077460289001
fkpjpyhtax.mp4,0.036608751863241196
fkqhgokyxc.mp4,0.05766046792268753
fkqzkrmfto.mp4,0.8307896852493286
fkrkfbbdfu.mp4,0.8958812355995178
fkrmyvxocc.mp4,0.962515652179718
fkseutlgmb.mp4,0.07914143800735474
fksypzmavv.mp4,0.9480991363525391
fktidqvkou.mp4,0.6495362520217896
fkujbfnief.mp4,0.9160394668579102
fkukyvanom.mp4,0.872785210609436
fkwpvrnoda.mp4,0.9125965237617493
fkxemhhdyx.mp4,0.9659103751182556
fkxgrokggj.mp4,0.9076849222183228
fkxomsatzv.mp4,0.9226212501525879
fkxruylypw.mp4,0.8614928126335144
fkyhglxxlk.mp4,0.1238594651222229
fkytehbasw.mp4,0.4926151633262634
fkywnulhhf.mp4,0.8851181268692017
fkzarhkmyp.mp4,0.19138787686824799
fkzggoiekp.mp4,0.7496039271354675
flaiajndsl.mp4,0.7571576237678528
flammdszzo.mp4,0.9141203165054321
flbcqpdqae.mp4,0.9482358694076538
flbxvsolki.mp4,0.9638571739196777
flcanezyoy.mp4,0.9651997089385986
flfzlkjocf.mp4,0.08688808977603912
flhbuwzapo.mp4,0.8765264749526978
flhdsqdkib.mp4,0.736049473285675
flhgpumdbh.mp4,0.9237023591995239
flhvldseej.mp4,0.6389403939247131
flhzurjzwa.mp4,0.9488462209701538
fliewwrjck.mp4,0.9005985856056213
flinzslzrw.mp4,0.7797211408615112
fliyvtgbru.mp4,0.7968469262123108
fljtrmcohq.mp4,0.9742787480354309
flkcbvanpt.mp4,0.929914116859436
flkslbrgee.mp4,0.9464779496192932
flkyfvztfn.mp4,0.8474313020706177
flkyoehsyh.mp4,0.8729329705238342
fllccgwlhc.mp4,0.34604939818382263
flldsxhkvp.mp4,0.9452523589134216
fllljvuqqa.mp4,0.503555417060852
flmdswijrq.mp4,0.9535195231437683
flmewpbxmc.mp4,0.6539709568023682
flnhfqfhsk.mp4,0.9176986217498779
flnprphysg.mp4,0.095204658806324
flnpuftppy.mp4,0.9459449648857117
flnyajzhsn.mp4,0.8943946957588196
floigrrodm.mp4,0.8385332226753235
flollgxopn.mp4,0.049199145287275314
flomkvxbkm.mp4,0.6405206918716431
floukjwtsj.mp4,0.8960323929786682
floxovbpvo.mp4,0.9499003291130066
flpaebsyzf.mp4,0.5531013011932373
flplwlvpqh.mp4,0.8021698594093323
flqgmnetsg.mp4,0.1201554462313652
flqusvanls.mp4,0.820067286491394
flqwmxveir.mp4,0.8849018216133118
flrucvbppu.mp4,0.964861273765564
flsjziutgl.mp4,0.8671836853027344
flsrhzzazq.mp4,0.9308255910873413
fltaubcdoo.mp4,0.8550528287887573
fltaysfwct.mp4,0.0751606747508049
fltpouphzs.mp4,0.9329184293746948
fltwqzypjm.mp4,0.27264806628227234
fluhrncpuv.mp4,0.9526010751724243
flvarrfpdw.mp4,0.9282668828964233
flwyxwkbut.mp4,0.8659190535545349
flxhyvalil.mp4,0.45998692512512207
flyapytwzl.mp4,0.9499933123588562
flyfushrwr.mp4,0.7474710941314697
flynvldesl.mp4,0.5555316209793091
flyuhvlaef.mp4,0.1486685574054718
flzlyrexie.mp4,0.8268305659294128
fmaaowxqpw.mp4,0.09506439417600632
fmauvgencv.mp4,0.8122544288635254
fmbbuabmed.mp4,0.8404673933982849
fmbcendnnh.mp4,0.9636839032173157
fmbltvunyt.mp4,0.8923848867416382
fmbzbsmhux.mp4,0.9352530837059021
fmchohvhsr.mp4,0.9207945466041565
fmcrhaisxl.mp4,0.9581121802330017
fmcwxcyaii.mp4,0.1693037748336792
fmdzinswpj.mp4,0.9247065186500549
fmemykshyq.mp4,0.05171893537044525
fmfazqqfvk.mp4,0.029763272032141685
fmfhevvcpq.mp4,0.6250175833702087
fmgloiqwnn.mp4,0.05209384113550186
fmgtdrcvlx.mp4,0.5491822957992554
fmhazobreq.mp4,0.9358805418014526
fmhulqdldk.mp4,0.9456314444541931
fmhvovidjv.mp4,0.7682962417602539
fmhytvqaaf.mp4,0.6543291211128235
fmjocrmuqq.mp4,0.9226887822151184
fmkbvsztfc.mp4,0.7703174948692322
fmklixparn.mp4,0.9335945248603821
fmkusgfdux.mp4,0.15147936344146729
fmljdvhwtj.mp4,0.8428822159767151
fmmiwdulyz.mp4,0.9819647073745728
fmnpsjdxov.mp4,0.8533907532691956
fmnzbwtjep.mp4,0.8501275181770325
fmorhnqepu.mp4,0.9547861218452454
fmoywdmssi.mp4,0.9437847137451172
fmpigpxfbw.mp4,0.07144168019294739
fmplybyyxg.mp4,0.9198639392852783
fmqeetdhyv.mp4,0.9159058928489685
fmqihbcfhs.mp4,0.05649587884545326
fmqmruhhmz.mp4,0.838099479675293
fmrzjlkiql.mp4,0.09292102605104446
fmsgdzjzty.mp4,0.963952362537384
fmsrtebgmj.mp4,0.5327484607696533
fmsscfpyla.mp4,0.8233869671821594
fmstmvsghc.mp4,0.9067261219024658
fmsxomanga.mp4,0.13863657414913177
fmsxwtarwd.mp4,0.28235873579978943
fmteuebzfk.mp4,0.967727541923523
fmtgjesjzx.mp4,0.9494980573654175
fmuncwjpej.mp4,0.8917185068130493
fmvcabnbtz.mp4,0.7147960066795349
fmvdkhucsz.mp4,0.8842580318450928
fmvpyahacc.mp4,0.9483594298362732
fmwmqitpkw.mp4,0.8622370362281799
fmxawwhlub.mp4,0.05919305980205536
fmxesahfet.mp4,0.9791021347045898
fmyehmzinn.mp4,0.07443752884864807
fmyisvlyyf.mp4,0.9600578546524048
fmzufgwlyj.mp4,0.921383261680603
fmzxptgzut.mp4,0.9877561330795288
fnashzpuhh.mp4,0.9242115020751953
fnbwfrgbam.mp4,0.9188039898872375
fncnobpzzx.mp4,0.9134402871131897
fncvzofotd.mp4,0.8895818591117859
fncxxdmkfx.mp4,0.9158753752708435
fncypiszkf.mp4,0.09934376925230026
fndnlvxbyw.mp4,0.45481711626052856
fnejwhwdee.mp4,0.9156429767608643
fnejwlvvsg.mp4,0.9047551155090332
fnfgtxzmjh.mp4,0.46773141622543335
fnfjxjfrtn.mp4,0.92331862449646
fnfrwdxyoy.mp4,0.9582911729812622
fnhvmlysxv.mp4,0.8900847434997559
fnicwoxeln.mp4,0.2519536018371582
fnjbfxdvms.mp4,0.7472701668739319
fnjmbozylf.mp4,0.9612551331520081
fnjslfddlh.mp4,0.8917734622955322
fnkscusoao.mp4,0.9183986186981201
fnlejrhfgp.mp4,0.9018029570579529
fnlyouwxau.mp4,0.8600040078163147
fnlzgmvxwg.mp4,0.8979572057723999
fnmtbntlyi.mp4,0.893459141254425
fnnahethgq.mp4,0.9075661897659302
fnprhpkkyw.mp4,0.8815733790397644
fnpterildn.mp4,0.5205379128456116
fnqrydakgc.mp4,0.09923789650201797
fntbthvvfj.mp4,0.8782243132591248
fntrideeyb.mp4,0.906662106513977
fnudsphmnk.mp4,0.9134774804115295
fnutlphems.mp4,0.8389376401901245
fnvpzsivsc.mp4,0.6176314353942871
fnvrpfpgzy.mp4,0.9111045598983765
fnwadlstxu.mp4,0.9338417053222656
fnwqxqecnm.mp4,0.9633803367614746
fnwvqdprhw.mp4,0.8074242472648621
fnxlgapxgx.mp4,0.6349284052848816
fnzmlwhhdd.mp4,0.8704933524131775
foaccrhqhv.mp4,0.788166344165802
fobfcnhvhg.mp4,0.8980497717857361
fobuloidrt.mp4,0.986027717590332
fodalblhcd.mp4,0.9145616888999939
fodlygqrcx.mp4,0.9808576107025146
foevravwbd.mp4,0.8829066753387451
fofqxuuryw.mp4,0.9787163138389587
fogmyovwjt.mp4,0.6957244873046875
fogrzoxrch.mp4,0.8751141428947449
fogvuxsrmh.mp4,0.0708053931593895
fogzkcgwzv.mp4,0.7173492312431335
fohgifymhw.mp4,0.9711271524429321
fohmhzhhuc.mp4,0.2865687608718872
fohnwahvbr.mp4,0.8731836676597595
foioktmbsk.mp4,0.956304669380188
foishnxozg.mp4,0.12014759331941605
foiuifhdhs.mp4,0.954476535320282
fojbikmxjv.mp4,0.9648579955101013
fojjdrqzkz.mp4,0.861685037612915
fojncnzzrs.mp4,0.9536272287368774
fojswhagff.mp4,0.0813283920288086
fokbqgxrdf.mp4,0.07032866775989532
foknrqirmu.mp4,0.7446538805961609
fokqgsgsku.mp4,0.7357024550437927
fokuimoqkh.mp4,0.908606767654419
folanrdfbq.mp4,0.08741418272256851
foligrwxod.mp4,0.8352928161621094
folnravvyf.mp4,0.9517436027526855
folvmimysf.mp4,0.8645925521850586
folvmlxzwp.mp4,0.8340202569961548
folxcvvtgq.mp4,0.8868555426597595
fomgviyohz.mp4,0.9068353176116943
fonfhgffun.mp4,0.9724658727645874
fongjhcwvu.mp4,0.7739608287811279
foodomqkvq.mp4,0.8073115944862366
fophlxjwol.mp4,0.8742815852165222
foptkvfuhs.mp4,0.9320900440216064
forrseurea.mp4,0.8266035318374634
fosovipqkg.mp4,0.9309130907058716
fotvxamhxh.mp4,0.9108186960220337
fowpmphaya.mp4,0.9869173169136047
fowsqtlwmo.mp4,0.8820909261703491
foxdqteooy.mp4,0.33005958795547485
foxpjxasnv.mp4,0.9305493235588074
foxwczjakn.mp4,0.6294686198234558
foycsccyvb.mp4,0.9592979550361633
foyhauzvch.mp4,0.9420346617698669
foyhraedej.mp4,0.9607505798339844
foynwjsqeh.mp4,0.0837622806429863
fpafdiehsl.mp4,0.9375734329223633
fpamtxbdvu.mp4,0.5365089774131775
fpbiwajwdo.mp4,0.9613677859306335
fpbjlolmcw.mp4,0.3244993984699249
fpbljvtjqf.mp4,0.940123438835144
fpdlpbqjjs.mp4,0.9521945118904114
fpelumatcz.mp4,0.9198168516159058
fpfljuvbxj.mp4,0.922748327255249
fpfwzjdhrd.mp4,0.73042231798172
fpgacmtdsi.mp4,0.9549552798271179
fpgbqmqesb.mp4,0.8411647081375122
fpgmlnpyys.mp4,0.17213954031467438
fpgzavhexk.mp4,0.9790955185890198
fpiowljlrq.mp4,0.9820149540901184
fpjczdegjy.mp4,0.6407589316368103
fpjemqymbe.mp4,0.776520848274231
fpkrkluigq.mp4,0.8249852061271667
fpliemtlco.mp4,0.8581606149673462
fplilgkdcc.mp4,0.8758706450462341
fplkqksnhk.mp4,0.9037551283836365
fplloskddq.mp4,0.9179724454879761
fpmgdktbyh.mp4,0.26501891016960144
fpmkrioqgi.mp4,0.6435217261314392
fpmpqbwmba.mp4,0.8950515389442444
fpmvwcxbfy.mp4,0.8038515448570251
fpnhdbfleu.mp4,0.9642230272293091
fpnkzegrps.mp4,0.5708703994750977
fpobacwdrp.mp4,0.8584103584289551
fposdoyraa.mp4,0.9185814261436462
fpoykttcqn.mp4,0.28097811341285706
fppkprrydv.mp4,0.8974395990371704
fpplivvwri.mp4,0.9003676176071167
fppmxmbxou.mp4,0.8098580837249756
fpqcsldjwl.mp4,0.8640045523643494
fpqovzxuwc.mp4,0.8543219566345215
fprgwxrvts.mp4,0.9179679155349731
fprlzalyrz.mp4,0.9143906235694885
fprnaorizo.mp4,0.6982729434967041
fpshkzmddp.mp4,0.8395867347717285
fpskkbpdxo.mp4,0.7826274037361145
fptqmjcpuo.mp4,0.7767722010612488
fpwgkerlun.mp4,0.40458008646965027
fpwxlhamap.mp4,0.8953779935836792
fpxoorpqkv.mp4,0.9879747629165649
fpxqlwbeib.mp4,0.9664626717567444
fpynidpwoa.mp4,0.21154449880123138
fpyqdbklly.mp4,0.2600587010383606
fpyybnkagb.mp4,0.07205898314714432
fpzgpmoxcm.mp4,0.8962874412536621
fpzlthygvg.mp4,0.9083749055862427
fpzpgbugxm.mp4,0.7557060718536377
fpzyggmqzp.mp4,0.6078137755393982
fpzznseyxj.mp4,0.1473996788263321
fqagmuruwt.mp4,0.9283630847930908
fqauipezfi.mp4,0.9415606260299683
fqbqsyubzm.mp4,0.8930429220199585
fqbzpfodlz.mp4,0.8914214372634888
fqcifwcdsv.mp4,0.9030128717422485
fqcjzgcmey.mp4,0.681030809879303
fqdddnovfa.mp4,0.06870126724243164
fqdklzzkfj.mp4,0.21424217522144318
fqdziaezmb.mp4,0.302298367023468
fqeilecqej.mp4,0.06040146201848984
fqepjykfru.mp4,0.7364585995674133
fqetglngae.mp4,0.9259340167045593
fqfdqnkssk.mp4,0.9353024959564209
fqfhwmtasl.mp4,0.9127019047737122
fqgkpaxdgj.mp4,0.7712479829788208
fqhodbgbti.mp4,0.6727482080459595
fqiatkiapa.mp4,0.7610548734664917
fqjbeyxeph.mp4,0.903727114200592
fqjbooptlq.mp4,0.2328043282032013
fqjicqoasu.mp4,0.9061761498451233
fqjiyckgrj.mp4,0.8874970078468323
fqkaaaagkw.mp4,0.23843003809452057
fqkhinwwqy.mp4,0.13944889605045319
fqktrpqfto.mp4,0.9384275674819946
fqlbrfbiyz.mp4,0.9338374733924866
fqldtuhspe.mp4,0.9547255635261536
fqlmhrmeem.mp4,0.2988976240158081
fqlrqjhxjq.mp4,0.0869552418589592
fqngozhtfk.mp4,0.7451785206794739
fqovtlzwkd.mp4,0.8901309370994568
fqpphcbruh.mp4,0.17138633131980896
fqqqmfvanh.mp4,0.9457656741142273
fqqrhjuptg.mp4,0.44552937150001526
fquechyqjk.mp4,0.9075698256492615
fqumxjnljo.mp4,0.8720660209655762
fqvriaaihu.mp4,0.11079668998718262
fqweeualqa.mp4,0.0482633039355278
fqwzflygtt.mp4,0.5802985429763794
fqxkglialr.mp4,0.9413713216781616
fqxlphzpsr.mp4,0.6308991312980652
fqyldrcuot.mp4,0.9103529453277588
fradpsybuj.mp4,0.05819501355290413
fragqhpdjo.mp4,0.8372352123260498
frakdhccek.mp4,0.8842440843582153
fraqjvnoxk.mp4,0.12215278297662735
frbdbkxaim.mp4,0.23163211345672607
frbjsddtei.mp4,0.08799979835748672
frbpaxqayg.mp4,0.7999066114425659
frcorwepoo.mp4,0.7699044346809387
frcplqrpgo.mp4,0.7824358940124512
frdhhppcpm.mp4,0.709544837474823
frdiruneji.mp4,0.08804597705602646
frehtgxiln.mp4,0.08059544861316681
freqivezwh.mp4,0.8856667876243591
frfahhmjwh.mp4,0.3445436954498291
frfllvgtlg.mp4,0.1768471598625183
frflyqooor.mp4,0.9412122368812561
frgejoibtz.mp4,0.91966313123703
frhpqtmdjq.mp4,0.9454681873321533
frhuxhpzvv.mp4,0.9025474786758423
frirfsdmoi.mp4,0.9255773425102234
frjbrjdbmz.mp4,0.7472911477088928
frkaigebav.mp4,0.9466239809989929
frkhhpwfjr.mp4,0.6742811799049377
frksxzccfm.mp4,0.9024198055267334
frkytkjxmh.mp4,0.11844389885663986
frlqwnbkjo.mp4,0.9095708727836609
frlzzsjamb.mp4,0.6468328237533569
frmrtwfbmc.mp4,0.8930557370185852
frnfvrofek.mp4,0.815666675567627
frnxgmjnre.mp4,0.9356501698493958
fromclsodq.mp4,0.8987813591957092
frompgpzhp.mp4,0.9530586004257202
frotgcqrde.mp4,0.937235414981842
frovxkqksr.mp4,0.9357446432113647
frowxiaclv.mp4,0.7650377154350281
frpefqshmo.mp4,0.5040857791900635
frpexffkhf.mp4,0.8150474429130554
frplqcissc.mp4,0.9080052375793457
frprbewzjq.mp4,0.4597693681716919
frqijjzpxl.mp4,0.6196887493133545
frqrlcfuno.mp4,0.6268569827079773
frrebqdqvj.mp4,0.8826602697372437
frrhyudilh.mp4,0.5996262431144714
frrqtjofwm.mp4,0.4389150142669678
frruapayul.mp4,0.7683533430099487
frthyifvlh.mp4,0.23748303949832916
frtokkkhku.mp4,0.21078833937644958
fruopjdxju.mp4,0.9381822347640991
frvcncumpb.mp4,0.8746961951255798
frvtnsalmk.mp4,0.9403567314147949
frwbewtgds.mp4,0.7804657816886902
frwgsmwayz.mp4,0.9316190481185913
frwhjxinqn.mp4,0.9087589979171753
frwivvbysq.mp4,0.7852287292480469
frwzzishwb.mp4,0.6334124803543091
frxmydygsm.mp4,0.9363704919815063
fryjurazkm.mp4,0.8804991245269775
frykkgbxnp.mp4,0.9637603163719177
fryqvgqkgt.mp4,0.9156238436698914
fryskdgsfd.mp4,0.8476503491401672
frzcjhetav.mp4,0.6899087429046631
frzrswqycd.mp4,0.23411154747009277
fsaakkrvdh.mp4,0.9159185290336609
fsalrjsyzm.mp4,0.9805586338043213
fsbabrxhqy.mp4,0.607050895690918
fsbtznktag.mp4,0.9074288606643677
fscyfygpyk.mp4,0.06664831936359406
fsdgpysupr.mp4,0.9743424654006958
fsdoseabco.mp4,0.6303273439407349
fsdqterpek.mp4,0.7369879484176636
fsdrhxyoek.mp4,0.3004036247730255
fsdzaamgvj.mp4,0.9279720783233643
fsdzwjnxgo.mp4,0.9384067058563232
fseikzintc.mp4,0.9714813232421875
fsepjiwjrt.mp4,0.9628322124481201
fsfjlwwsen.mp4,0.4649425745010376
fsgghwymiv.mp4,0.1432110071182251
fsghozvjzf.mp4,0.2673773169517517
fshykjkois.mp4,0.9695771932601929
fsisgbssxe.mp4,0.9476125240325928
fsizmovxoc.mp4,0.9164057374000549
fsjccjuqwf.mp4,0.6779051423072815
fsjobllsfc.mp4,0.9000499844551086
fsjtihxnza.mp4,0.9797539710998535
fsjwjzqsjg.mp4,0.824752688407898
fsjxsewmig.mp4,0.8731784224510193
fsktkgbrkx.mp4,0.7609930634498596
fslfwiqeau.mp4,0.8826605081558228
fslolunawz.mp4,0.9865182042121887
fsmhupspqn.mp4,0.4734196066856384
fsmwlfevvp.mp4,0.7489864230155945
fsnbfdzbhq.mp4,0.7959488034248352
fsnliqatbu.mp4,0.3302974998950958
fsoallmiov.mp4,0.8819234371185303
fsofonchgl.mp4,0.906951367855072
fsowcwypwz.mp4,0.48681607842445374
fspqoeuomc.mp4,0.9721593260765076
fsqpfckyho.mp4,0.8711904287338257
fsrrqxkqob.mp4,0.9469529390335083
fssgvipbhk.mp4,0.5025558471679688
fssmndjcbn.mp4,0.8853976726531982
fsuetbnklu.mp4,0.9489254951477051
fsvmxcelxe.mp4,0.32372140884399414
fsvnhagxec.mp4,0.8673778772354126
fsvnrnvmfa.mp4,0.03583073243498802
fsvpkugfxi.mp4,0.10043738782405853
fswfiespcl.mp4,0.9402283430099487
fswwddokin.mp4,0.5545453429222107
fsxhzufpmy.mp4,0.28854209184646606
fsxjbjvymh.mp4,0.16719266772270203
fsxjpxakzo.mp4,0.7891455292701721
fsxqjdqbpw.mp4,0.5679522156715393
fsxwyhjxgo.mp4,0.10269718617200851
fszcqehjmw.mp4,0.8107123374938965
fszehmumqx.mp4,0.04570392891764641
fsznbbsqvl.mp4,0.8997145891189575
ftabdmxjkr.mp4,0.945984423160553
ftaeibmzmt.mp4,0.14287886023521423
ftafvawnwv.mp4,0.8417918086051941
ftbsncpcok.mp4,0.9488695859909058
ftcduclzsf.mp4,0.9030282497406006
ftcxyxeovu.mp4,0.7108514308929443
ftfemkjnot.mp4,0.16352154314517975
ftfjpzqcrn.mp4,0.6353152394294739
ftfnypwddf.mp4,0.9721715450286865
ftfsuunqay.mp4,0.1055394634604454
ftfvgqdqxw.mp4,0.9323385953903198
ftgfedcldy.mp4,0.9301795959472656
ftgxeeihuv.mp4,0.9742093682289124
ftgzrawqsd.mp4,0.944016695022583
fthbksnfqm.mp4,0.9146491289138794
fthzcibwic.mp4,0.7657684683799744
ftigwkkobr.mp4,0.930026113986969
ftjbpmvcdq.mp4,0.9065755009651184
ftjknepqls.mp4,0.9133591055870056
ftjqarnhtf.mp4,0.4354799687862396
ftlbjqrvag.mp4,0.9007091522216797
ftlfdigxjf.mp4,0.9893113374710083
ftltvfacxy.mp4,0.8531562089920044
ftlxdbinct.mp4,0.8991105556488037
ftmcjwndiy.mp4,0.8903684616088867
ftnbjgcrdu.mp4,0.9392172694206238
ftnmqzkxve.mp4,0.9585796594619751
ftoecttrok.mp4,0.40103578567504883
ftoflgzwen.mp4,0.9170630574226379
ftoqbarusn.mp4,0.6430701613426208
ftowheytwl.mp4,0.9390679597854614
ftpdiarmjx.mp4,0.9329885840415955
ftpppcihhj.mp4,0.6481306552886963
ftqvvdajzt.mp4,0.43465307354927063
ftrdtiyvre.mp4,0.9331611394882202
ftrjuxfinz.mp4,0.9116469621658325
ftrucvkebp.mp4,0.8802836537361145
ftrxdvzqhm.mp4,0.9105490446090698
ftsgwzxvcm.mp4,0.9065476059913635
ftsinjrjap.mp4,0.9034168124198914
ftsuphblcw.mp4,0.8542386889457703
ftuhvimneu.mp4,0.8424602150917053
ftulgaascq.mp4,0.9043352603912354
ftumoftfoa.mp4,0.9622540473937988
ftwhwusbct.mp4,0.8301839828491211
ftwtfucugq.mp4,0.9113603234291077
ftxavczbvi.mp4,0.15099936723709106
ftxsiqlwtu.mp4,0.9333944320678711
ftyclxgnbp.mp4,0.7387188076972961
ftysdaiuxo.mp4,0.9562441110610962
ftzqywawya.mp4,0.9200311303138733
ftzwhmsoht.mp4,0.8698456883430481
fuagrqknja.mp4,0.92527174949646
fuaiefbxdv.mp4,0.8671448826789856
fuajmaivsx.mp4,0.9839474558830261
fuakjlnfem.mp4,0.09384506195783615
fuanewhvas.mp4,0.9108859300613403
fubgavgwzr.mp4,0.9866528511047363
fubmyjkozi.mp4,0.08449941128492355
fubvyuvals.mp4,0.8049722909927368
fudctgiqtg.mp4,0.13994403183460236
fudosbrkez.mp4,0.9898234009742737
fudzlwacws.mp4,0.6539877653121948
fuegzrizzn.mp4,0.1750393956899643
fueiqjfgoq.mp4,0.8564032912254333
fuejnktipj.mp4,0.8560324907302856
fugkmklkbx.mp4,0.9418957829475403
fuguahashf.mp4,0.6389955282211304
fuicodhcgx.mp4,0.22298292815685272
fuilvipjlk.mp4,0.5789952874183655
fuiqfutwni.mp4,0.9206281304359436
fuixycdfqu.mp4,0.9403382539749146
fujsgbgiho.mp4,0.2606414258480072
fujulinofp.mp4,0.8446391820907593
fujvppauoz.mp4,0.7929496765136719
fujwbsqeaf.mp4,0.8455297946929932
fukjiykwxz.mp4,0.8780266642570496
fukwwdnwkd.mp4,0.9279226064682007
fuldvurmus.mp4,0.9390981197357178
fuljlvpbef.mp4,0.8450538516044617
fumuxndmpv.mp4,0.9452444314956665
fuobmswltj.mp4,0.14228184521198273
fuojhffxqu.mp4,0.8804284930229187
fuolxbpwez.mp4,0.9548421502113342
fupbjsydcj.mp4,0.10190851986408234
fupbzybwis.mp4,0.9429020285606384
fupcyuhxkg.mp4,0.9502856135368347
furmkbqxwv.mp4,0.8327912092208862
furokqojrv.mp4,0.17962948977947235
furtuxzyvp.mp4,0.9095923900604248
fusrkgmrrk.mp4,0.9446533918380737
fusxlaflim.mp4,0.8902745246887207
futwxyhbfw.mp4,0.9536572098731995
fuwevjkmdp.mp4,0.8999427556991577
fuwwnuxbgt.mp4,0.7896370887756348
fuxgucedwt.mp4,0.9591501951217651
fuxqrqojwj.mp4,0.8037567734718323
fuykcvxujp.mp4,0.7823694944381714
fuymdjiuzq.mp4,0.9369295239448547
fuypoadobu.mp4,0.8754016160964966
fuyvcjmibg.mp4,0.444420725107193
fuywworttr.mp4,0.9346879720687866
fuzgtljhff.mp4,0.9096396565437317
fuzrbxbkji.mp4,0.9541527032852173
fvaezfnuox.mp4,0.9069089889526367
fvajvzdnac.mp4,0.9241045117378235
fvavuiptrw.mp4,0.5634389519691467
fvbtehwpgw.mp4,0.7071966528892517
fvchcrryfk.mp4,0.7941191792488098
fvdhqemlxe.mp4,0.7859388589859009
fvfqgkvjqx.mp4,0.9017888307571411
fvfwdvzqsm.mp4,0.8602455854415894
fvgimbewza.mp4,0.8934486508369446
fvgsbqodny.mp4,0.08153462409973145
fvgzwzgbkh.mp4,0.8847731351852417
fvhfqqhgll.mp4,0.8680543899536133
fvjprteokk.mp4,0.7705499529838562
fvkwkrdqgy.mp4,0.9613505601882935
fvlajylxog.mp4,0.9371880888938904
fvlfbjtljl.mp4,0.9402688145637512
fvllcbmwoo.mp4,0.42904090881347656
fvlmjzkqyy.mp4,0.6056877374649048
fvlrujrzre.mp4,0.10289417952299118
fvlujjqkdv.mp4,0.9262193441390991
fvlutprvjv.mp4,0.9712864756584167
fvlxhoaldp.mp4,0.060257039964199066
fvmgomeatk.mp4,0.9138151407241821
fvmzqfflwe.mp4,0.9126794338226318
fvnfyukhpd.mp4,0.8852404356002808
fvnxxhzfqk.mp4,0.9247404932975769
fvorzqpgps.mp4,0.9571524262428284
fvouuqxulb.mp4,0.9876591563224792
fvpbfxcigp.mp4,0.06588561087846756
fvpxbrdkpm.mp4,0.8464670181274414
fvqdfifffn.mp4,0.6261928081512451
fvrhhxqcmh.mp4,0.8035871982574463
fvscjrdxcd.mp4,0.539448082447052
fvtdxqdsmv.mp4,0.9044342637062073
fvtinjiwqm.mp4,0.9715542197227478
fvufsmerkn.mp4,0.9363614320755005
fvugsjlvkw.mp4,0.9082554578781128
fvuwsbciqk.mp4,0.2003832459449768
fvuxmhaowa.mp4,0.690072238445282
fvuzptqoba.mp4,0.08329037576913834
fvvfdtnuey.mp4,0.9761081337928772
fvvuzjbsqe.mp4,0.8989683985710144
fvvzvoommr.mp4,0.8787238597869873
fvwhpsrmwx.mp4,0.07784827798604965
fvwjqnwzdl.mp4,0.064207524061203
fvwqdwzrcc.mp4,0.9874219298362732
fvxoirrpou.mp4,0.1048634946346283
fvxwaazoiy.mp4,0.9568578600883484
fvxyegqlzr.mp4,0.36881589889526367
fvygagxyuk.mp4,0.8639344573020935
fvyqxyrvjj.mp4,0.9672998189926147
fvyuztddwy.mp4,0.9284200668334961
fvzfpquoxe.mp4,0.8777738809585571
fvznsdnabi.mp4,0.5147900581359863
fvzwfxnerd.mp4,0.5254697799682617
fwaxkocbeq.mp4,0.9060769081115723
fwbkkigixs.mp4,0.7436978220939636
fwboxgwtlw.mp4,0.934878945350647
fwbvksfidm.mp4,0.7614970803260803
fwbyrxyuyo.mp4,0.34109875559806824
fwcgtjuqgl.mp4,0.9314999580383301
fwcsbrbbpr.mp4,0.8146247267723083
fwcupeteho.mp4,0.6378334760665894
fweczwhjec.mp4,0.9527547955513
fwekhphoqr.mp4,0.46976009011268616
fwezlxinox.mp4,0.9807727336883545
fwfjzavjtz.mp4,0.9052533507347107
fwheahaubn.mp4,0.866428017616272
fwhybkmfty.mp4,0.31262484192848206
fwipdcerra.mp4,0.20894655585289001
fwisndrpzm.mp4,0.0702730044722557
fwjhcmqmgk.mp4,0.9695811867713928
fwjhcqlmfd.mp4,0.8606640100479126
fwjkjwelbt.mp4,0.7811556458473206
fwjrzhcina.mp4,0.8821045756340027
fwjsbmxkua.mp4,0.2722809910774231
fwksvucglh.mp4,0.13366574048995972
fwkyxvdmff.mp4,0.9590631723403931
fwngrtvaee.mp4,0.139393612742424
fwngwlcgva.mp4,0.06642600893974304
fwnoxicsrx.mp4,0.8858675360679626
fwoclhwwjg.mp4,0.04938244819641113
fwopacxcxn.mp4,0.7797932028770447
fwosuimbgb.mp4,0.8638348579406738
fwovqngwcu.mp4,0.8985711336135864
fwoxsbbkae.mp4,0.9705770611763
fwpadpugqn.mp4,0.9268608093261719
fwpgeqpsoj.mp4,0.3889690935611725
fwpoqmoihm.mp4,0.1474313735961914
fwpoxuktzn.mp4,0.8868777751922607
fwqfzyxydh.mp4,0.8673177361488342
fwqgrgdfyc.mp4,0.7028799653053284
fwraxwqaql.mp4,0.9039673209190369
fwrcfaglhz.mp4,0.15327276289463043
fwrpbsdywt.mp4,0.8984429836273193
fwrsclmglu.mp4,0.8863891363143921
fwrvxpcliu.mp4,0.049269769340753555
fwsehsenea.mp4,0.9157207012176514
fwsfhblpie.mp4,0.7928942441940308
fwsvkjqyjr.mp4,0.43317216634750366
fwsypadiom.mp4,0.15496428310871124
fwtcoqcqpa.mp4,0.9277424216270447
fwtdhczlcq.mp4,0.9379944205284119
fwuaplnkla.mp4,0.8028481006622314
fwvaatwezp.mp4,0.8154597282409668
fwvvlvrenb.mp4,0.932327389717102
fwvxtssltw.mp4,0.8883985877037048
fwwitihjch.mp4,0.08622721582651138
fwwtsybelu.mp4,0.9617282748222351
fwxmpjnyhc.mp4,0.7839134931564331
fxaqkyjxcz.mp4,0.8432024717330933
fxaybijwnv.mp4,0.8603422045707703
fxazwvarlr.mp4,0.9128731489181519
fxbetgsvaa.mp4,0.9520074725151062
fxbfnwdaqs.mp4,0.8880814909934998
fxbrhdqhki.mp4,0.8434892892837524
fxbtivvrpv.mp4,0.9201171398162842
fxchyvdxfo.mp4,0.9864924550056458
fxcwjpvilf.mp4,0.9522692561149597
fxdfodrjte.mp4,0.35911789536476135
fxdkiqsvtt.mp4,0.8715238571166992
fxeqexfnbm.mp4,0.04532439634203911
fxerdccmev.mp4,0.7044907212257385
fxesowzguc.mp4,0.9344258308410645
fxesqgpvhq.mp4,0.8431817889213562
fxevwqstoi.mp4,0.9194273948669434
fxezehmdkw.mp4,0.7154173851013184
fxezpuoxxf.mp4,0.9112460613250732
fxfahurhlr.mp4,0.9175728559494019
fxfxtrrkeq.mp4,0.27191489934921265
fxfzhprfja.mp4,0.930921196937561
fxgpfayrlw.mp4,0.800804078578949
fxgpgffbkt.mp4,0.9707789421081543
fxgxlvpqrj.mp4,0.5219318866729736
fxhqouysjy.mp4,0.8138055205345154
fxhszqhneq.mp4,0.9436313509941101
fxhvawzjfn.mp4,0.9113332629203796
fxiagzltmj.mp4,0.9852632880210876
fxicjknipj.mp4,0.34146714210510254
fxigvqxmay.mp4,0.7025615572929382
fxirbbepzn.mp4,0.9670418500900269
fxjnmtqool.mp4,0.8833914399147034
fxjxsksnqh.mp4,0.9680169820785522
fxkfgakclm.mp4,0.8415378332138062
fxlebirsll.mp4,0.8154273629188538
fxlenxiszk.mp4,0.05579885467886925
fxlfeiluwf.mp4,0.9674872159957886
fxlgoimahx.mp4,0.9071037173271179
fxlljvuomj.mp4,0.22354502975940704
fxmbclilqj.mp4,0.9426438808441162
fxmermngmn.mp4,0.0685483068227768
fxmyfnkjtl.mp4,0.9277043342590332
fxneiguopi.mp4,0.4501642882823944
fxnlsfrytb.mp4,0.06686583161354065
fxocxqcnay.mp4,0.8790719509124756
fxqbaxxocf.mp4,0.046528369188308716
fxqovlruio.mp4,0.9090465903282166
fxrbqdvfgc.mp4,0.6395533084869385
fxseedosdt.mp4,0.9329116940498352
fxskypezvv.mp4,0.9478437900543213
fxsscbdili.mp4,0.07068299502134323
fxsuzurfry.mp4,0.2220909744501114
fxszvpqldu.mp4,0.96308833360672
fxtcsxnupb.mp4,0.9498900175094604
fxuokdxumd.mp4,0.365569531917572
fxvszitcnp.mp4,0.8779321312904358
fxwptihnhr.mp4,0.8491078019142151
fxwvalgqaw.mp4,0.9751759767532349
fxxijdnbuy.mp4,0.9331582188606262
fxxpxoqoxp.mp4,0.14837674796581268
fxxtgbehdx.mp4,0.8732798099517822
fxyocnnutg.mp4,0.7989450693130493
fxytzqjljc.mp4,0.06229006499052048
fxyywidtrd.mp4,0.9102004766464233
fxzabbjwbm.mp4,0.9761946797370911
fxzfhxreys.mp4,0.9494839310646057
fxzkbpwkto.mp4,0.9262387752532959
fxznkkueak.mp4,0.9578896164894104
fxztfonplr.mp4,0.9285277128219604
fyadnomkax.mp4,0.91297447681427
fybfybjntb.mp4,0.6585240960121155
fybiztpnrc.mp4,0.13034431636333466
fycswstcos.mp4,0.6595190167427063
fycyqnecsw.mp4,0.9264890551567078
fydopdphla.mp4,0.9009791612625122
fyekwzbgyp.mp4,0.13363830745220184
fyetbdryma.mp4,0.8958719372749329
fyfbfwxpro.mp4,0.9064129590988159
fyfbkaruio.mp4,0.7227129340171814
fygavznouh.mp4,0.9164173603057861
fyhelwzkbd.mp4,0.20761647820472717
fyhpcyepmd.mp4,0.08491445332765579
fyiitssavx.mp4,0.07134104520082474
fyimoltnjm.mp4,0.0942976176738739
fyiokitoih.mp4,0.9348850846290588
fyjgbylvlv.mp4,0.357220858335495
fyjsagezto.mp4,0.8608257174491882
fylqtteoxp.mp4,0.08299082517623901
fymclhzqir.mp4,0.05400006100535393
fymrkaulvl.mp4,0.9079815745353699
fynmkresaj.mp4,0.9798885583877563
fynuifvdva.mp4,0.9000034332275391
fyokgvhoft.mp4,0.8753365874290466
fyphnavgxw.mp4,0.8959609270095825
fypnwsajkt.mp4,0.6754899621009827
fyptlmfnog.mp4,0.9703788757324219
fyptulmddg.mp4,0.9637948870658875
fypxeollqw.mp4,0.6585258841514587
fyqfiffdpt.mp4,0.9618096351623535
fyqgmobizs.mp4,0.407796710729599
fyqrrroisp.mp4,0.873818576335907
fyqulfkhkg.mp4,0.5477330684661865
fyrfjqzzpp.mp4,0.942416250705719
fysehbyyjp.mp4,0.9422979354858398
fysmewdbqv.mp4,0.9136750102043152
fyszkugfxk.mp4,0.9254523515701294
fyvesqrbuq.mp4,0.7815951704978943
fyvhatbjgc.mp4,0.2202831506729126
fywawinkrw.mp4,0.9337807297706604
fywtonlvda.mp4,0.9341660737991333
fywvtiicud.mp4,0.8895158171653748
fyxkkfdlyu.mp4,0.921862006187439
fyxtkgmbup.mp4,0.3545156717300415
fyygtwpvcc.mp4,0.18381626904010773
fyyybigduf.mp4,0.7760178446769714
fyzowxqnol.mp4,0.9394609332084656
fzagsvjfne.mp4,0.7877088189125061
fzamdqeljh.mp4,0.6528754830360413
fzbymmdkac.mp4,0.8749599456787109
fzbzmxlnue.mp4,0.05590682104229927
fzcfiyagld.mp4,0.9735903739929199
fzczxqogem.mp4,0.9607897996902466
fzdftpedtk.mp4,0.8757684826850891
fzdkapejcq.mp4,0.9303342700004578
fzeigeqheu.mp4,0.9367398619651794
fzeitxrsnl.mp4,0.9628221988677979
fzfhqfxnqb.mp4,0.9572265148162842
fzfxglsjxr.mp4,0.9189937710762024
fzgjuskzae.mp4,0.8918101191520691
fzgzvjzthk.mp4,0.4566115736961365
fzhapkipgk.mp4,0.8881886601448059
fzhqmhtpug.mp4,0.9290794134140015
fzhwasxjoo.mp4,0.9523661136627197
fzimbqtqss.mp4,0.8791835904121399
fzjagortdj.mp4,0.9158771634101868
fzjbinsrhx.mp4,0.8901927471160889
fzkbcgpzis.mp4,0.859754741191864
fzkjhuifsb.mp4,0.4026981294155121
fzliozbuku.mp4,0.8495773077011108
fzmmpujffb.mp4,0.8368208408355713
fzmwaqgrgm.mp4,0.955388605594635
fzojvrpzhr.mp4,0.9068084359169006
fzpafgyzvf.mp4,0.8668360114097595
fzpjvskqwu.mp4,0.9441675543785095
fztqkuewsf.mp4,0.9116005897521973
fztuhkkqnq.mp4,0.9406523704528809
fzufuzbgra.mp4,0.3170429468154907
fzurflflwv.mp4,0.8822755217552185
fzuthmtxud.mp4,0.7532780170440674
fzuxokfzaj.mp4,0.9022843837738037
fzvhplfjna.mp4,0.9151396155357361
fzvtipksxg.mp4,0.9430725574493408
fzvxmpoikx.mp4,0.3792973756790161
fzwnnccurn.mp4,0.8329021334648132
fzxbfzymhw.mp4,0.9858760833740234
fzxbvrjjhr.mp4,0.4090256989002228
fzxnownxcz.mp4,0.986965000629425
fzxpnjqmvk.mp4,0.136885404586792
fzxqojwfse.mp4,0.8923653960227966
fzxsggojyo.mp4,0.835875391960144
gaadspfsbw.mp4,0.7523056864738464
gaadxzmtfe.mp4,0.5768746137619019
gaawsfwapc.mp4,0.9496240019798279
gabievjorc.mp4,0.9250547885894775
gabobgiccn.mp4,0.37349700927734375
gacaonleme.mp4,0.960604190826416
gadmusygle.mp4,0.8042569756507874
gaexxsybom.mp4,0.08371897041797638
gafagqaasp.mp4,0.9694226384162903
gafyfetmls.mp4,0.6744239926338196
gagvvmypob.mp4,0.7537887096405029
gahmjgyizr.mp4,0.8715805411338806
gahnzfllyk.mp4,0.6398341655731201
gahsvrgskg.mp4,0.9757465124130249
gaidetzmvz.mp4,0.044310376048088074
gaiirjtvdb.mp4,0.08706211298704147
gaikqtxfjh.mp4,0.7601738572120667
gaitsfuizp.mp4,0.7914367914199829
gajagctzzq.mp4,0.45804059505462646
gajfhbiakn.mp4,0.20712506771087646
gajwkuimrh.mp4,0.6800389289855957
gajzmjfzmn.mp4,0.9880344867706299
gakehrooju.mp4,0.6824052929878235
gaklwqvekk.mp4,0.9293341636657715
ganccjaxxy.mp4,0.9657248258590698
gankhhhvla.mp4,0.34834468364715576
ganotnsspf.mp4,0.9107438921928406
ganwpujrlq.mp4,0.6692189574241638
gaoddyxyfx.mp4,0.8691191673278809
gaoryxnpuq.mp4,0.8872825503349304
gapdcwkfge.mp4,0.38300225138664246
gapqcxdinz.mp4,0.9429892897605896
gaptsqkaks.mp4,0.07889337092638016
gapvetxxhl.mp4,0.11414765566587448
garunulzzv.mp4,0.9163994193077087
garygrmuie.mp4,0.8974556922912598
garyozboal.mp4,0.9476683139801025
gasanqzioj.mp4,0.8716328144073486
gaspumvtcs.mp4,0.9450302124023438
gatgerfsjl.mp4,0.9427784085273743
gattgtrwfa.mp4,0.21777550876140594
gattkmwqkz.mp4,0.9787209033966064
gatubxqouv.mp4,0.7583596706390381
gatywbscxn.mp4,0.8756742477416992
gaulesojbm.mp4,0.8836754560470581
gauuoevrnw.mp4,0.5242902636528015
gavqnsbism.mp4,0.9144987463951111
gavqzzofqv.mp4,0.9077355265617371
gawvprhoth.mp4,0.7813259363174438
gawxncjdra.mp4,0.8767338395118713
gaxroakdxd.mp4,0.5317521691322327
gaxvuetshr.mp4,0.8339843153953552
gaypzhbkhd.mp4,0.9450141787528992
gayypjkwsg.mp4,0.6292190551757812
gazevuoahc.mp4,0.6051145195960999
gazirwytip.mp4,0.8712608218193054
gazjczvgew.mp4,0.9593400359153748
gazockikpd.mp4,0.8726827502250671
gbacnojrmk.mp4,0.919693648815155
gbambjdbwq.mp4,0.9245272874832153
gbasowlzzy.mp4,0.9769532680511475
gbawgsnlgk.mp4,0.7819679975509644
gbawhsplpi.mp4,0.8320475816726685
gbbevfnfiq.mp4,0.8293129205703735
gbbhyicorv.mp4,0.06344649195671082
gbdazgniqc.mp4,0.978083074092865
gbeqpnpwbm.mp4,0.0718490481376648
gbfgwfrntb.mp4,0.9038382172584534
gbflagqcrg.mp4,0.041681963950395584
gbhrjiprks.mp4,0.9641481041908264
gbhruilniq.mp4,0.5252138376235962
gbidpzftta.mp4,0.23646895587444305
gbinyqapyk.mp4,0.8367887735366821
gbjxesicxu.mp4,0.9642450213432312
gbjzelewgn.mp4,0.9543802738189697
gbkfqgwafb.mp4,0.3444887697696686
gblclehusp.mp4,0.5785313844680786
gblgydddmq.mp4,0.9440069794654846
gblhevskhn.mp4,0.09690981358289719
gbmkwegeuj.mp4,0.04699799418449402
gbmlaazukv.mp4,0.9779509902000427
gbnqiddbus.mp4,0.07088970392942429
gbnyqnnctw.mp4,0.7366307973861694
gboffnixjn.mp4,0.9807384014129639
gboqgdhkap.mp4,0.9653881788253784
gborudkxrf.mp4,0.13421954214572906
gbpymmkcbw.mp4,0.5851521492004395
gbqgarpyeh.mp4,0.9433414340019226
gbqtbmsmuy.mp4,0.9335850477218628
gbtbgbqvuk.mp4,0.9795367121696472
gbtmpohxoz.mp4,0.8843425512313843
gbudtlkooq.mp4,0.9818689227104187
gbujnafhit.mp4,0.8764728903770447
gbuktdlcfz.mp4,0.69483482837677
gbvllwqbjl.mp4,0.12735848128795624
gbwhyroefx.mp4,0.6565563678741455
gbwnfkaypl.mp4,0.5246678590774536
gbwxmandwi.mp4,0.9560461640357971
gbxrzwsjjb.mp4,0.9242721199989319
gbycljawnz.mp4,0.9383167028427124
gbycqpxnhp.mp4,0.8798436522483826
gbyecrdgsf.mp4,0.04147149622440338
gbzaitshmc.mp4,0.9380524754524231
gcbyurxhbz.mp4,0.9148285388946533
gccadfefkb.mp4,0.04534870758652687
gccddsbvpg.mp4,0.6128437519073486
gcckmhlhfr.mp4,0.9680651426315308
gccwdwkdmb.mp4,0.9371078610420227
gcddjditsb.mp4,0.936262845993042
gcehhgvgft.mp4,0.6929366588592529
gcerrazrsi.mp4,0.6175619959831238
gcfoeinqbo.mp4,0.07668182253837585
gcgvhckocl.mp4,0.13682125508785248
gchzfflazb.mp4,0.969763994216919
gcibwutsiq.mp4,0.9324533939361572
gcivsrnfir.mp4,0.9356927871704102
gciwcltclm.mp4,0.12035967409610748
gcjdhznbsc.mp4,0.08927162736654282
gcjjhkhwgr.mp4,0.8923309445381165
gcjmubsxtr.mp4,0.7213220000267029
gckearzogi.mp4,0.9093035459518433
gckregynpo.mp4,0.1871664822101593
gckufzoobd.mp4,0.09570308029651642
gcldoijzio.mp4,0.9784122109413147
gcmdyoifok.mp4,0.7028975486755371
gcmetbviyj.mp4,0.8666517734527588
gcmhtnytnz.mp4,0.8803975582122803
gcmrvtseyk.mp4,0.06274175643920898
gcoacfcupw.mp4,0.9258148074150085
gcohsfodxw.mp4,0.07428589463233948
gcojtjjglp.mp4,0.8814415335655212
gcoowkrfnv.mp4,0.7092813849449158
gcossjikmb.mp4,0.9309984445571899
gcovtngxla.mp4,0.2521779239177704
gcpumdtqbw.mp4,0.9343405961990356
gcpwisspwy.mp4,0.5028910040855408
gcqgmqbcgn.mp4,0.8959305882453918
gcrsaesnjg.mp4,0.9120554327964783
gcsmgypxlb.mp4,0.07533279806375504
gcszcifzgc.mp4,0.9753803610801697
gcszqqslwn.mp4,0.7273789048194885
gcthdpvkqi.mp4,0.94060879945755
gctxzlzcjz.mp4,0.8897612690925598
gctyynjruz.mp4,0.06914644688367844
gcunfgbmwp.mp4,0.9675506949424744
gcuowvdvhc.mp4,0.6191701889038086
gcvahzjlbf.mp4,0.9090761542320251
gcvgotmwer.mp4,0.9065111875534058
gcwcvduria.mp4,0.8596610426902771
gcwfgohdet.mp4,0.9608275294303894
gcwgwrssmo.mp4,0.14500214159488678
gcxexbsvot.mp4,0.0760437548160553
gcxwdkhxxs.mp4,0.9164192080497742
gcxwqrqudn.mp4,0.534525454044342
gcyekbytms.mp4,0.05354065075516701
gcymjilcah.mp4,0.13933640718460083
gczepcsdfi.mp4,0.0775211974978447
gcznisyuby.mp4,0.8476932048797607
gczrefownz.mp4,0.9326106905937195
gdbcuttvqa.mp4,0.1292918622493744
gdbsyzybzq.mp4,0.9371199011802673
gddlmdiirt.mp4,0.9135722517967224
gddtghkyjl.mp4,0.8354682922363281
gdelvmkpkp.mp4,0.5348231792449951
gdeymeoxcz.mp4,0.9699642658233643
gdffzrpnib.mp4,0.971514880657196
gdfwwoeyke.mp4,0.3544803857803345
gdgokuraof.mp4,0.9810541272163391
gdhfelehbr.mp4,0.7570201754570007
gdhkrmssve.mp4,0.5336534380912781
gdjkdcytlo.mp4,0.8033114075660706
gdjpaoqewn.mp4,0.9792478084564209
gdkbcjwshu.mp4,0.9052879214286804
gdkgoiufno.mp4,0.9683985114097595
gdkxxsjhhw.mp4,0.9385313987731934
gdlgasdpzp.mp4,0.9086927771568298
gdlowgeiee.mp4,0.09084229171276093
gdltygmodd.mp4,0.876227855682373
gdmaakgxfx.mp4,0.982032299041748
gdmhwwkmbe.mp4,0.9648624658584595
gdmwdicgxq.mp4,0.07217695564031601
gdnbcgtfay.mp4,0.9132338762283325
gdnnieahty.mp4,0.7042914628982544
gdohinwlun.mp4,0.9824477434158325
gdolzaiiih.mp4,0.2657623589038849
gdphxrxfpi.mp4,0.8909538388252258
gdqvoevdtr.mp4,0.15852466225624084
gdrlutsiai.mp4,0.6822705268859863
gdrvklhatm.mp4,0.8644180297851562
gdskjdylwz.mp4,0.5702543258666992
gdspfwhoxr.mp4,0.757125198841095
gdtkovtsci.mp4,0.879080593585968
gduevksmhk.mp4,0.5311050415039062
gdvjbmownz.mp4,0.8290452361106873
gdvnljutuu.mp4,0.8351079821586609
gdwbzayezx.mp4,0.757301926612854
gdwrferueh.mp4,0.9082311391830444
gdwsgktixc.mp4,0.9381211996078491
gdxdurvkza.mp4,0.8201014399528503
gdxiahzyjr.mp4,0.8587432503700256
gdxmaogsip.mp4,0.9491815567016602
gdxtazndzk.mp4,0.8729734420776367
gdxtmbpkkh.mp4,0.9117375016212463
gdxxsnwnex.mp4,0.9569990634918213
gdxyudtqdl.mp4,0.4131702184677124
gdybiahjog.mp4,0.9535772800445557
gdygdvuyum.mp4,0.8910918235778809
gdygzrpynl.mp4,0.1023574247956276
gdyijzprfv.mp4,0.7167165279388428
gdylvqgbdb.mp4,0.9370213150978088
gdyzyumwxi.mp4,0.33157485723495483
gdzrlvdfsw.mp4,0.49543529748916626
gdzsgsqbwi.mp4,0.8245084285736084
gdzuruahmi.mp4,0.9232254028320312
geaaanfxvt.mp4,0.9300969243049622
geaatldliq.mp4,0.6743242740631104
geacphwnra.mp4,0.9418070912361145
geaoqcfkxr.mp4,0.05337659642100334
geatjsiejy.mp4,0.45484042167663574
gebpnpejld.mp4,0.07092148065567017
gebskbzmyz.mp4,0.9258460402488708
gecdkhexge.mp4,0.05815278738737106
gechrjyeee.mp4,0.8725861310958862
geclsfdhgz.mp4,0.6314018964767456
gecntpiksy.mp4,0.9582229852676392
gedoblgvpy.mp4,0.9900000095367432
gefeqgozld.mp4,0.916877269744873
gefpmzknts.mp4,0.9608174562454224
gegbvljuyx.mp4,0.5263306498527527
geiqigidrb.mp4,0.876471757888794
gejavamxdm.mp4,0.7291789650917053
gejkozphwo.mp4,0.9295771718025208
gejlmadrzd.mp4,0.9215803146362305
gekfaqwxix.mp4,0.14984267950057983
gekhmedtbr.mp4,0.8702616691589355
gekorsskqq.mp4,0.8173090815544128
gelayxdawo.mp4,0.9164736270904541
geloovcowz.mp4,0.9596502780914307
gemwaiueno.mp4,0.8982942700386047
genrhxayoj.mp4,0.8009465932846069
gensnfjyhm.mp4,0.9111401438713074
geoecvcbqf.mp4,0.839528501033783
geohwppdhj.mp4,0.9285256266593933
gepjrpyfpa.mp4,0.9808977842330933
geqvxrljyg.mp4,0.8897315859794617
geqwbnmtbm.mp4,0.9073964357376099
gerhnzbiag.mp4,0.880679726600647
gernycxeyx.mp4,0.6816153526306152
gesomtbrxl.mp4,0.11448616534471512
geszhvgoch.mp4,0.953105628490448
geturetbpy.mp4,0.04570041224360466
geuajeozuv.mp4,0.07173164188861847
geuhmpknvu.mp4,0.9231469631195068
geujbzxsdd.mp4,0.9056800603866577
geulcwvfuy.mp4,0.6996292471885681
gevjcllmjf.mp4,0.9254481792449951
gevjymsmpn.mp4,0.9217906594276428
gevnnuekkx.mp4,0.7032456398010254
gevppryqwp.mp4,0.9604601860046387
gevqmdrmbs.mp4,0.9007171392440796
gewgfntbmn.mp4,0.2149338275194168
gewldlfuuq.mp4,0.7975046038627625
gewosinxix.mp4,0.8914802074432373
gexkmvzsqi.mp4,0.09954934567213058
geyfnxroex.mp4,0.8904409408569336
gezgtvfajs.mp4,0.8197582960128784
gfaaqjndbr.mp4,0.8315476179122925
gfahvpuqzm.mp4,0.9380698204040527
gfaqxtsezr.mp4,0.9469394683837891
gfasbtjond.mp4,0.9666308760643005
gfdenskfme.mp4,0.4068499505519867
gfdosoqxif.mp4,0.9176749587059021
gfdwncgbcm.mp4,0.22238053381443024
gfdyoyjuxy.mp4,0.8544819951057434
gfecefiqwl.mp4,0.9112619161605835
gfehstjqdf.mp4,0.09085257351398468
gffszagmvi.mp4,0.9399293065071106
gfhkekkrqo.mp4,0.9251170754432678
gfhrlnlmja.mp4,0.9499871730804443
gfikyugpkq.mp4,0.10873368382453918
gfjtkzoama.mp4,0.6836914420127869
gfkbdgzcwp.mp4,0.879102885723114
gfksrieyhs.mp4,0.8999419808387756
gflhlvhqyl.mp4,0.13763925433158875
gfloefwszv.mp4,0.8771310448646545
gflpvwmxnp.mp4,0.9593223929405212
gfluyuhrwh.mp4,0.738054096698761
gfmeutlfzy.mp4,0.9339457154273987
gfmqlukrho.mp4,0.8756024241447449
gfmtfdcecc.mp4,0.8176133632659912
gfnluvggfr.mp4,0.7127686738967896
gfnogmttzx.mp4,0.3695310950279236
gfnolbzyzb.mp4,0.8712126016616821
gfnxzjcmsi.mp4,0.8830661177635193
gfnyxvxkjn.mp4,0.8702969551086426
gfpjefyext.mp4,0.04450815171003342
gfpnrxnpfl.mp4,0.9540473222732544
gfpqtrphql.mp4,0.1581471711397171
gfqtcgrchy.mp4,0.9532174468040466
gfrpokslat.mp4,0.9579367637634277
gfrqcbyfzu.mp4,0.07072824239730835
gfruxwvrun.mp4,0.8740131258964539
gfryibbugx.mp4,0.16682764887809753
gfsfubmefw.mp4,0.9630746245384216
gfsqwdiuca.mp4,0.9829719662666321
gfsxrnrsmh.mp4,0.876218318939209
gftjxemklb.mp4,0.08181348443031311
gftnimdbet.mp4,0.4563714265823364
gfvfxjsbzk.mp4,0.9316021203994751
gfvntlfocz.mp4,0.9683635830879211
gfvscfsgcz.mp4,0.633773684501648
gfvubnkpwg.mp4,0.698611319065094
gfvvtsfyqw.mp4,0.6203814744949341
gfvwixsfok.mp4,0.9664849042892456
gfwgmmwylo.mp4,0.4482177495956421
gfwkutmilw.mp4,0.8092318177223206
gfwkvaxemc.mp4,0.7920134663581848
gfwuebiijb.mp4,0.9589659571647644
gfxfgqgeda.mp4,0.8702275156974792
gfxgutbdbg.mp4,0.8989133834838867
gfxkhsgbwm.mp4,0.06242796778678894
gfxnuidfgl.mp4,0.127338245511055
gfxugcttnb.mp4,0.9454635977745056
gfxvabsczy.mp4,0.9317086935043335
gfxylnastd.mp4,0.6951404213905334
gfybtjkgux.mp4,0.7720716595649719
gfylkbyaub.mp4,0.7136548161506653
gfzhgkonqc.mp4,0.9678650498390198
gfztiqsgak.mp4,0.9422447681427002
ggaqhnyqeh.mp4,0.9392338395118713
ggauoquwzr.mp4,0.90692538022995
ggbxcxlmpa.mp4,0.04665607213973999
ggczqvwflj.mp4,0.9831352233886719
ggdlojhunz.mp4,0.04615190997719765
ggeznaevle.mp4,0.27226558327674866
ggfffumvgm.mp4,0.6990337371826172
ggfjeqqkve.mp4,0.9873441457748413
ggfumkidhc.mp4,0.8488306403160095
gggefkrjgw.mp4,0.07325541973114014
gggprdifcs.mp4,0.9620420336723328
ggikzpyiuh.mp4,0.9242686033248901
ggipmoifjz.mp4,0.05000276863574982
ggiqapvqqb.mp4,0.9592311978340149
ggirmwcnvt.mp4,0.9079850316047668
ggixlxkzqj.mp4,0.5
ggjoiareel.mp4,0.9237246513366699
ggjotynsyj.mp4,0.9643051624298096
ggkanvgvud.mp4,0.9731850624084473
ggknbwmbci.mp4,0.9274957180023193
ggkqxiafij.mp4,0.4311371147632599
gglgculrjf.mp4,0.9811064600944519
gglmogiyph.mp4,0.9369702339172363
gglpvgilzq.mp4,0.9618117213249207
ggmcepsdne.mp4,0.9411647915840149
ggnirqyiwl.mp4,0.9465622901916504
ggnpdozstl.mp4,0.7586612701416016
ggodqsjxiy.mp4,0.963320255279541
ggpfchdgjx.mp4,0.549477756023407
ggprhtkjyo.mp4,0.8605789542198181
ggpuxwhpri.mp4,0.10573066771030426
ggrcbforax.mp4,0.7827538847923279
ggrxjcllnh.mp4,0.19974690675735474
ggryyavspl.mp4,0.08405997604131699
ggsffylodm.mp4,0.12616398930549622
ggszlsmtzr.mp4,0.9459035396575928
ggtkryypyq.mp4,0.6490862965583801
ggtskzavxn.mp4,0.7925094366073608
ggtwbjkxic.mp4,0.056044988334178925
ggueyqbwdc.mp4,0.8565982580184937
gguhazxafh.mp4,0.7946634888648987
ggwmjfhixc.mp4,0.9028171300888062
ggwxcsfecd.mp4,0.770104706287384
ggxeqmluxk.mp4,0.9849188327789307
ggxnoktlbx.mp4,0.896802544593811
ggxrftsibq.mp4,0.923600971698761
ggxtqzicfv.mp4,0.904159426689148
ggyaqmukyz.mp4,0.7379836440086365
ggyywqwgfa.mp4,0.6872954368591309
ggzdsgkynq.mp4,0.7382641434669495
ggzkujqned.mp4,0.9168896079063416
ghaaghrpfp.mp4,0.6974148750305176
ghacquqxvk.mp4,0.8875369429588318
ghaztjdokh.mp4,0.9799424409866333
ghbdaznixj.mp4,0.924471914768219
ghbqrfvxyy.mp4,0.84895920753479
ghbuegqmde.mp4,0.8947019577026367
ghccalazpw.mp4,0.9000264406204224
ghcekqgunn.mp4,0.8886904716491699
ghcudkoxwm.mp4,0.9153409600257874
ghdiqahfhm.mp4,0.9539952874183655
ghducagiqq.mp4,0.1085192859172821
ghdzkyckfg.mp4,0.7133899331092834
ghejgqfcqo.mp4,0.9047994017601013
ghemhaebio.mp4,0.15855668485164642
gheozjcomi.mp4,0.0738079771399498
gheuivvcfb.mp4,0.9630595445632935
ghevcqpcur.mp4,0.05074421688914299
ghfplztvht.mp4,0.8833087086677551
ghfsyhxlpe.mp4,0.21718068420886993
ghgdaoqfpk.mp4,0.817376434803009
ghhgukmjbw.mp4,0.23109009861946106
ghhqnjnzjr.mp4,0.6529096364974976
ghhusaytrg.mp4,0.9599064588546753
ghjgyogfmw.mp4,0.9526836276054382
ghkjkvbqpx.mp4,0.912092924118042
ghmansehag.mp4,0.8774157166481018
ghmdirbfiz.mp4,0.9099940657615662
ghnkqqegld.mp4,0.9392538070678711
ghocibrroi.mp4,0.10516630858182907
ghofdqlnjz.mp4,0.06293339282274246
ghpzlzqjdt.mp4,0.9547062516212463
ghqcuwnvwu.mp4,0.7546873688697815
ghqepbcmgb.mp4,0.9114335179328918
ghquawtnge.mp4,0.9599262475967407
ghsfbvgpeu.mp4,0.9544051885604858
ghtidwbjzm.mp4,0.13467282056808472
ghtngvjjyb.mp4,0.6974295377731323
ghtzjwvato.mp4,0.9190592169761658
ghufymcgox.mp4,0.7789444923400879
ghurwsplvw.mp4,0.08851383626461029
ghvemfqfjw.mp4,0.9363353252410889
ghvoszafzz.mp4,0.8299943208694458
ghvrhygweg.mp4,0.9343031644821167
ghwdlytvcp.mp4,0.030321087688207626
ghwfbvheob.mp4,0.24973908066749573
ghwlogkoic.mp4,0.9057604074478149
ghxkoghced.mp4,0.9134325385093689
ghxtavbzwn.mp4,0.8809999823570251
ghxzsygiou.mp4,0.9697902798652649
ghydpthmab.mp4,0.8986362218856812
ghyqfwpdsy.mp4,0.129627525806427
ghysqipxsg.mp4,0.1837310642004013
ghyxplmidg.mp4,0.6095628142356873
ghzndbmaxd.mp4,0.8313696384429932
gicfnusnlu.mp4,0.8971138596534729
gicqpeyqxs.mp4,0.9833391904830933
gidecugryj.mp4,0.9164493083953857
gidgefyeda.mp4,0.9673922061920166
gidxwntcpc.mp4,0.8989237546920776
gieeufulqu.mp4,0.8985786437988281
gifhnfuehc.mp4,0.8766399025917053
gifuxzdctf.mp4,0.914055585861206
giglesjcgp.mp4,0.8366668224334717
gigpsuvprx.mp4,0.9735591411590576
gihchuwvgk.mp4,0.46429482102394104
gihkwuicag.mp4,0.28598350286483765
giifpbniet.mp4,0.07626660168170929
giiyrvgxow.mp4,0.9769837260246277
gijoffsifw.mp4,0.29019051790237427
gijpcntrct.mp4,0.7172363996505737
gijxbirvek.mp4,0.590015709400177
gikewntjco.mp4,0.8856311440467834
gikmxcttwc.mp4,0.0720682293176651
giktkmgmhk.mp4,0.8713161945343018
gikvndheth.mp4,0.9725936055183411
gikyszehvz.mp4,0.32225921750068665
gilrccufxa.mp4,0.8402150273323059
giltcfzgll.mp4,0.611363410949707
gimvvkhqyi.mp4,0.7438296675682068
gimzgukfzj.mp4,0.9492429494857788
gingvkhmlk.mp4,0.9092888236045837
giodglqpmb.mp4,0.8700675368309021
giolodnzfy.mp4,0.7681251168251038
giolphechf.mp4,0.6324406266212463
giookzwddi.mp4,0.8984593749046326
gipcvghjiy.mp4,0.7401576638221741
giqiwbgyta.mp4,0.8955279588699341
giqpgpcnaz.mp4,0.8365129828453064
girdwtjwsr.mp4,0.3324182629585266
girejtgmau.mp4,0.8317297101020813
gisdkkmmzv.mp4,0.9660157561302185
gistqrdixw.mp4,0.061644259840250015
gisyqwestz.mp4,0.09759189933538437
gitefceugq.mp4,0.9180233478546143
githmjsfmx.mp4,0.8045152425765991
gitiljsfye.mp4,0.9503996968269348
gitkrmxuyy.mp4,0.3446134626865387
gitzqrhmqk.mp4,0.7817615270614624
giunujatma.mp4,0.854404628276825
giuymhlbyo.mp4,0.9076665639877319
givncjvgwa.mp4,0.960612952709198
giwjazktru.mp4,0.8787896633148193
giwyisyggg.mp4,0.9111772179603577
gixdxjcfoo.mp4,0.9297334551811218
gixreeumkk.mp4,0.0775480791926384
giymbyjqgv.mp4,0.883457601070404
giyqwoixhf.mp4,0.8901780247688293
giyrmesary.mp4,0.8112321496009827
gizglcxnyj.mp4,0.9246161580085754
gizhkoazgo.mp4,0.9259780645370483
gjakvggxai.mp4,0.7679924964904785
gjanedngde.mp4,0.6212471127510071
gjarvidhvr.mp4,0.09088822454214096
gjawiqxpca.mp4,0.9034382104873657
gjcvhdeciv.mp4,0.8589116334915161
gjdkrqtaze.mp4,0.8519389629364014
gjdydmipbr.mp4,0.8736444115638733
gjewehvqaz.mp4,0.9140325784683228
gjgrdqbvgi.mp4,0.8985335230827332
gjjfnlhmid.mp4,0.9548259973526001
gjjhjqlxuz.mp4,0.9278897047042847
gjjkfoedrj.mp4,0.9230870604515076
gjkltyiztd.mp4,0.07379603385925293
gjkxiicoti.mp4,0.06137851998209953
gjlkjqjydy.mp4,0.9864274263381958
gjlmodbnve.mp4,0.8476145267486572
gjlybpbmjp.mp4,0.7798848152160645
gjnbeezbbl.mp4,0.9481044411659241
gjogakckau.mp4,0.9285563230514526
gjprzaslhz.mp4,0.7758001089096069
gjrddhgogi.mp4,0.9659038782119751
gjrhxmdgih.mp4,0.9173057079315186
gjrkpbhyvs.mp4,0.8440345525741577
gjrvzvuvty.mp4,0.8851310014724731
gjshfuzqtc.mp4,0.8961761593818665
gjspakhxem.mp4,0.8072336912155151
gjtjluifwf.mp4,0.9020378589630127
gjtlexrvrj.mp4,0.9423409700393677
gjtsqbtrvy.mp4,0.9661116003990173
gjvhyjlskk.mp4,0.4780047833919525
gjxbuydeyq.mp4,0.8863536715507507
gjxnrwjxwe.mp4,0.04317304864525795
gjxujhvkyc.mp4,0.06250899285078049
gjxznmarpw.mp4,0.5336909294128418
gjydlhcrtn.mp4,0.6228663921356201
gjygvvuiir.mp4,0.8505212068557739
gjykivrdye.mp4,0.9721887111663818
gjylqsqjiu.mp4,0.9345642924308777
gjyxjhuniu.mp4,0.9230841398239136
gjzdquoeml.mp4,0.8891134262084961
gkajumkvor.mp4,0.848905622959137
gkaocherbx.mp4,0.8504602313041687
gkbbngtnfk.mp4,0.8194763660430908
gkbiiuwvjd.mp4,0.738435685634613
gkcvudlqfs.mp4,0.9207875728607178
gkdfuoelbe.mp4,0.9584387540817261
gkeamhtzwn.mp4,0.949813723564148
gkeltqtvwx.mp4,0.8495693206787109
gkeubyechu.mp4,0.9269000887870789
gkfijcojhc.mp4,0.9156137704849243
gkfpevwyvc.mp4,0.9835060834884644
gkfqqdebfa.mp4,0.6164044737815857
gkgvdjcemx.mp4,0.8660252094268799
gkgyfndrxx.mp4,0.9503527879714966
gkhgmuqxxz.mp4,0.9461198449134827
gkhwrqguzw.mp4,0.3923441469669342
gkijftelpw.mp4,0.9264677166938782
gkijjgjxhl.mp4,0.8771755695343018
gkijkojxnc.mp4,0.9599642157554626
gkirrvqbxb.mp4,0.9582125544548035
gkitkfybav.mp4,0.9740027189254761
gkjunbvrdy.mp4,0.9098843336105347
gkknsyqbnz.mp4,0.8946728706359863
gklbyicmvd.mp4,0.9842520356178284
gklemgduvi.mp4,0.9542903900146484
gklxpixbpo.mp4,0.9071518182754517
gkmnozivru.mp4,0.9167278409004211
gknntwuwab.mp4,0.9046017527580261
gkoaqihhfd.mp4,0.5
gkofdnbgfp.mp4,0.972305178642273
gkohfnywjc.mp4,0.9507150053977966
gkozhhmcja.mp4,0.6867750287055969
gkppazyosa.mp4,0.9240779280662537
gkqbdncwxs.mp4,0.8703972101211548
gkqckeiibc.mp4,0.37002021074295044
gkqqhnfaub.mp4,0.9427838325500488
gkrcgkujsn.mp4,0.8241136074066162
gkrecyncze.mp4,0.895467221736908
gktdnuwcse.mp4,0.6710113286972046
gktgthkugb.mp4,0.1237039715051651
gkttkuzpsf.mp4,0.9658161401748657
gkvibqzryk.mp4,0.801301896572113
gkvzwenjyo.mp4,0.9607942700386047
gkxtsljexu.mp4,0.667937159538269
gkyturuqoo.mp4,0.2582440972328186
gkyyhkskrp.mp4,0.8684448003768921
gladktygyb.mp4,0.9218168258666992
glbriatpsy.mp4,0.7851023077964783
glbwohdqpw.mp4,0.9614428877830505
glcifkjjkd.mp4,0.8925279378890991
glczoxommv.mp4,0.9254778027534485
gldpafckwo.mp4,0.10540008544921875
gldzguwfao.mp4,0.7862204909324646
gldzqnyvsf.mp4,0.8835904598236084
gleijkfzhr.mp4,0.8521530628204346
glelsrgfhc.mp4,0.6357973217964172
glelzwgywx.mp4,0.7874759435653687
gleoswxbhs.mp4,0.15463219583034515
gletajtyci.mp4,0.8620299100875854
glfwraejch.mp4,0.600220263004303
glfxhduvfw.mp4,0.5936979651451111
glgabqzauy.mp4,0.5212199687957764
glghscbqzn.mp4,0.7698063850402832
glgtvkvauu.mp4,0.25387129187583923
glhyxtaeeb.mp4,0.7478983402252197
glitjxdsfr.mp4,0.05324024707078934
gljinzhrsf.mp4,0.29560360312461853
gljombycln.mp4,0.6070724129676819
gljqwinsfi.mp4,0.7866352796554565
glkbrtaulh.mp4,0.94921875
glkdsbtlgk.mp4,0.8906646966934204
glklbmhyzf.mp4,0.5404691100120544
glktymezzc.mp4,0.3566533029079437
gllddnvpzj.mp4,0.9098272323608398
gllmnlshoz.mp4,0.9530465006828308
glqkwwcqcc.mp4,0.6960453391075134
glqxarhiyy.mp4,0.6179583668708801
glsgrjerme.mp4,0.6640695929527283
glshmsgdyw.mp4,0.10484201461076736
glsmblqnoq.mp4,0.21078833937644958
glsvewykpx.mp4,0.8956623077392578
gltpndcohp.mp4,0.2382582426071167
gltqqbpzvw.mp4,0.7954866886138916
gltqydksgm.mp4,0.961878776550293
glttzneqaz.mp4,0.861148476600647
gluehynqep.mp4,0.13395456969738007
glvdukqcbn.mp4,0.3307412564754486
glviwluzaj.mp4,0.951117217540741
glvkhhypqd.mp4,0.8418901562690735
glvoqorkrv.mp4,0.9403550624847412
glwdynujsy.mp4,0.8930597901344299
glwjrjujgy.mp4,0.8219634890556335
glwqttmmwj.mp4,0.5083981156349182
glxfafqbcf.mp4,0.06272555142641068
glxfpjrhgp.mp4,0.5
glxxogdths.mp4,0.27863115072250366
glybskgdcu.mp4,0.13002045452594757
glzgcpyqwy.mp4,0.8643320798873901
glzvljduyb.mp4,0.8029484748840332
glzyifzrql.mp4,0.9353066682815552
gmailgyenl.mp4,0.9155126214027405
gmbckelbzp.mp4,0.06486524641513824
gmbecsekgn.mp4,0.9379234313964844
gmbquvqqug.mp4,0.8044875860214233
gmbrpbouck.mp4,0.275459885597229
gmcdkyfnni.mp4,0.8361572027206421
gmchknuzqb.mp4,0.884808361530304
gmcvyrferj.mp4,0.9432175159454346
gmdaxsmoou.mp4,0.968929648399353
gmdbtfctmt.mp4,0.9880387783050537
gmduiwbari.mp4,0.47942519187927246
gmeokgnnmc.mp4,0.8523779511451721
gmepmwcgwg.mp4,0.07679131627082825
gmfoegsoft.mp4,0.8701667785644531
gmfomzcsgg.mp4,0.8041630387306213
gmfowavzuz.mp4,0.04446398839354515
gmhosclfho.mp4,0.8220463991165161
gmhppivyji.mp4,0.14101506769657135
gmhrvpxpus.mp4,0.0451495535671711
gmhtuubbqm.mp4,0.7470748424530029
gmibtribcc.mp4,0.7604379057884216
gmjdbyqspe.mp4,0.08391030877828598
gmjkxvhymr.mp4,0.9406902194023132
gmlnotxixn.mp4,0.080621637403965
gmlqsrwrrj.mp4,0.9401701092720032
gmlsawyjgk.mp4,0.986964225769043
gmmhjyxtsv.mp4,0.9652754068374634
gmmzkdhnbd.mp4,0.19805936515331268
gmofyywabx.mp4,0.9576893448829651
gmormxdytr.mp4,0.9456343650817871
gmqlnajrdc.mp4,0.9726898074150085
gmquwgwvtc.mp4,0.9493559002876282
gmrjnaeerk.mp4,0.9551778435707092
gmrjrvdgos.mp4,0.40731915831565857
gmsukalbwi.mp4,0.9570324420928955
gmtvecxqrw.mp4,0.9170479774475098
gmtztejgry.mp4,0.9046951532363892
gmuagvvcen.mp4,0.87276691198349
gmutlcetxb.mp4,0.7955734729766846
gmvpkfnjfl.mp4,0.9864902496337891
gmvzcaublc.mp4,0.9160313606262207
gmwopipxqu.mp4,0.6434940695762634
gmxxdslvif.mp4,0.12732578814029694
gmyidmmfrj.mp4,0.9593365788459778
gmyvfdvwau.mp4,0.5198604464530945
gmzkpcetns.mp4,0.8731246590614319
gmzzfzvyvx.mp4,0.9366602897644043
gnabjjaova.mp4,0.07760950922966003
gnbjmbjicv.mp4,0.9144235849380493
gnbuzqstcf.mp4,0.9388270378112793
gndusfksku.mp4,0.9187830686569214
gndwznamgn.mp4,0.9715153574943542
gnedjegvun.mp4,0.6392722725868225
gneeoltznu.mp4,0.34322941303253174
gnehbqolrz.mp4,0.7570639848709106
gneufjmjne.mp4,0.6848666667938232
gngbromgln.mp4,0.7411631941795349
gnghsiaxkc.mp4,0.9371599555015564
gnhlropodn.mp4,0.863709032535553
gnhowvgdvg.mp4,0.9079839587211609
gnhptuzmfn.mp4,0.9640653133392334
gnjavhtgdp.mp4,0.9674312472343445
gnkorwgvuy.mp4,0.8697632551193237
gnlkthxfjf.mp4,0.11027121543884277
gnlxmgjjof.mp4,0.5
gnnmuhkxyy.mp4,0.11508683860301971
gnnuktzwwy.mp4,0.7739822268486023
gnnyscxrzi.mp4,0.9858474731445312
gnosbljutd.mp4,0.696810781955719
gnpzknyuih.mp4,0.7378553152084351
gnquanigrd.mp4,0.7064604759216309
gnqzqyjwrj.mp4,0.8691211342811584
gnrgjaxhtl.mp4,0.9310234189033508
gnrwdaogqh.mp4,0.24716943502426147
gnrwnpmurn.mp4,0.8146809339523315
gnryvymosi.mp4,0.8962224125862122
gnslcjmktc.mp4,0.8794391751289368
gnsmmehuhb.mp4,0.9741565585136414
gntviyxvhb.mp4,0.7726384997367859
gnulzsscvk.mp4,0.9339247345924377
gnvgrskdwd.mp4,0.8658369183540344
gnwqvktwib.mp4,0.9223425388336182
gnwstnficr.mp4,0.9312185645103455
gnycafppzz.mp4,0.47271156311035156
gnyecttszz.mp4,0.731656551361084
gnyobtyjls.mp4,0.9208145141601562
gnyqkorxmh.mp4,0.8406772017478943
gnytcpethj.mp4,0.922055184841156
gnytikpmnm.mp4,0.11739374697208405
gnzapjfnhr.mp4,0.8919166326522827
gnzxhnndci.mp4,0.9141280055046082
goaguxqpdo.mp4,0.3955397605895996
goardbrdyd.mp4,0.8971177339553833
gobvfbczxj.mp4,0.7023462653160095
goclebfgcj.mp4,0.8831177353858948
gocrdvihos.mp4,0.08232756704092026
gocuxhyybk.mp4,0.8953036665916443
godmopteom.mp4,0.8886920213699341
godpfnlizl.mp4,0.8862740993499756
godzfxciyw.mp4,0.9119014739990234
goekzadjqz.mp4,0.9473106265068054
goenfduqug.mp4,0.12457698583602905
goetaanbkq.mp4,0.8299896717071533
gofbphjonb.mp4,0.132215216755867
gofdngllac.mp4,0.9704139828681946
gofqhmrhtg.mp4,0.9881367683410645
gofybzkrli.mp4,0.7132704257965088
gogntctftc.mp4,0.9359561800956726
gogqihhrvj.mp4,0.8723716139793396
gohxysgjzw.mp4,0.9577236175537109
gohzxhoazl.mp4,0.9277144074440002
goicfjmmqd.mp4,0.9374514818191528
gojrmpwuns.mp4,0.655443549156189
gojtqqxkca.mp4,0.9506697058677673
goktxzixxx.mp4,0.8489988446235657
gokvbpxind.mp4,0.9828701019287109
golajpxixu.mp4,0.8681022524833679
goltqpoduh.mp4,0.7317659258842468
golysrbdyn.mp4,0.077582448720932
gomjwlutwd.mp4,0.8384913206100464
gommeywkvt.mp4,0.9160359501838684
gomqkftobw.mp4,0.7798215746879578
gomtogkuli.mp4,0.7990409731864929
goolpwftkw.mp4,0.4192301630973816
gopoxulzbz.mp4,0.11744003742933273
goqderzmlr.mp4,0.9461466073989868
goqdzibgdz.mp4,0.8975099325180054
goqhyebxyl.mp4,0.94455885887146
goqpmmcgdv.mp4,0.8771933317184448
goqwvuyzpy.mp4,0.8201010227203369
gosdbxyxfd.mp4,0.9183738231658936
gosjaaazhp.mp4,0.9079746007919312
goslgrsaer.mp4,0.05705628916621208
gotattltdg.mp4,0.5502833724021912
gotilrinkh.mp4,0.8864033222198486
gouxvhsmgr.mp4,0.5723288655281067
gouzvhlvki.mp4,0.7916789054870605
govjvzfbcj.mp4,0.9587095379829407
govoedqwdv.mp4,0.06507860869169235
govwgycgfx.mp4,0.05424690246582031
gowkpdogel.mp4,0.7058326601982117
goyentrszm.mp4,0.8865917921066284
goyqbxelji.mp4,0.9187772870063782
gozsesxenh.mp4,0.9193974137306213
gozymnihsb.mp4,0.9441781640052795
gpaqoqegbn.mp4,0.05442696064710617
gpbevocdvn.mp4,0.8714357614517212
gpbngfqtno.mp4,0.9491249322891235
gpbwpjgngy.mp4,0.9358577728271484
gpclcokcfx.mp4,0.7201167941093445
gpctpannwt.mp4,0.8694069385528564
gpdhmwfxnn.mp4,0.5440694689750671
gpegjnzdfz.mp4,0.5704177618026733
gpenoneeqf.mp4,0.14064627885818481
gpexqhcedq.mp4,0.9457727074623108
gpgbkevjrb.mp4,0.07771982997655869
gpgtncumzj.mp4,0.9877356886863708
gpgubeivem.mp4,0.24236175417900085
gphdyisiot.mp4,0.09523750841617584
gphegnhvqj.mp4,0.05981892719864845
gphrluouye.mp4,0.8970547318458557
gphwezuwrb.mp4,0.3795437216758728
gpieyudqze.mp4,0.9009508490562439
gpipuocgfq.mp4,0.9161409139633179
gpjfundste.mp4,0.37197333574295044
gpjwbkelnm.mp4,0.3582306206226349
gpjyutpeib.mp4,0.9387553930282593
gpktstikwh.mp4,0.40162768959999084
gplcznqznv.mp4,0.11254312843084335
gpldedgawp.mp4,0.929881751537323
gplyturbmn.mp4,0.73640376329422
gpnaqdqwqn.mp4,0.986983060836792
gpnnxqxwze.mp4,0.9085026979446411
gpolwqideg.mp4,0.8044259548187256
gpoummlawi.mp4,0.9834258556365967
gppsgbqjhr.mp4,0.6848469376564026
gppwxisrdc.mp4,0.903507649898529
gpqlfejyna.mp4,0.48428666591644287
gpqvcwoenr.mp4,0.3895318806171417
gprmemqqif.mp4,0.40986332297325134
gprvjgqraz.mp4,0.9096941351890564
gprwzinlpd.mp4,0.09591858088970184
gprxsfwfkc.mp4,0.895267128944397
gpsqelalbp.mp4,0.06064882501959801
gpsqqpfkdy.mp4,0.8842330574989319
gptcvmbcqo.mp4,0.964066743850708
gpuciydhjt.mp4,0.13425521552562714
gpuspwfxfl.mp4,0.7910068035125732
gpvwsfexwp.mp4,0.8746692538261414
gpwllvbhtm.mp4,0.87127286195755
gpwufippaw.mp4,0.7705424427986145
gpwzcdqrwb.mp4,0.9823752045631409
gpxbzuuekd.mp4,0.9546942710876465
gpxtwpeski.mp4,0.14258506894111633
gpyetootnv.mp4,0.8898048400878906
gpzvmkrzgp.mp4,0.05592336505651474
gpzyphbuiq.mp4,0.973431408405304
gqaybjiybn.mp4,0.7679576873779297
gqbelxwffi.mp4,0.2424897402524948
gqbraaobou.mp4,0.7045812606811523
gqbzlzztkw.mp4,0.8371343612670898
gqcruneneb.mp4,0.9880989193916321
gqdahxdfxi.mp4,0.9034613966941833
gqdcfaicrl.mp4,0.7345523834228516
gqeynbcxkt.mp4,0.9204198122024536
gqfqalokpc.mp4,0.915140688419342
gqgtmhrmxe.mp4,0.14972056448459625
gqhggniyqk.mp4,0.24025151133537292
gqhmedrcky.mp4,0.9474549293518066
gqikxmwgcc.mp4,0.9821033477783203
gqimawahvr.mp4,0.8422250747680664
gqinsedysp.mp4,0.9549956917762756
gqiwjxefzm.mp4,0.865675151348114
gqkajbhkof.mp4,0.9151564240455627
gqlajpyklv.mp4,0.0963531956076622
gqlfqtmmxn.mp4,0.8339406847953796
gqlqikaara.mp4,0.8918823003768921
gqlvahrghg.mp4,0.9199497699737549
gqmkuyvpdv.mp4,0.8154729008674622
gqndefmvai.mp4,0.8400571346282959
gqnpffuryh.mp4,0.9349204301834106
gqnudphymq.mp4,0.7687972784042358
gqnwgfbkzu.mp4,0.9006801843643188
gqnylcoyuu.mp4,0.48155853152275085
gqobzkvpep.mp4,0.8257952332496643
gqonceccpe.mp4,0.8518437147140503
gqopkqbkfc.mp4,0.977432370185852
gqpayiddqv.mp4,0.5844851732254028
gqpjtmozqb.mp4,0.8466306328773499
gqpmcwawlo.mp4,0.8064522743225098
gqqwhprmmg.mp4,0.9693316221237183
gqrawigxvq.mp4,0.8828117251396179
gqriktodch.mp4,0.8896946310997009
gqrwddkzts.mp4,0.8176875114440918
gqsxnpltxr.mp4,0.9490973353385925
gqtmtpyvka.mp4,0.788357675075531
gqtuvbqpsq.mp4,0.372236430644989
gqubsjszxz.mp4,0.9565039277076721
gqugaumrhz.mp4,0.022284792736172676
gqvaukdpwf.mp4,0.29671645164489746
gqvhfslswt.mp4,0.7166255712509155
gqvwimfpsc.mp4,0.9220146536827087
gqvxiqyivr.mp4,0.9089580178260803
gqwdkieboo.mp4,0.41979214549064636
gqwgdjqnmj.mp4,0.9152249693870544
gqwieprwei.mp4,0.8384919166564941
gqxlxuohui.mp4,0.06814726442098618
gqxmkawnqx.mp4,0.07834453880786896
gqxmvibpbl.mp4,0.37682342529296875
gqxqqodwql.mp4,0.9259073138237
gqydkbnsxs.mp4,0.8932933807373047
gqyhsojmrv.mp4,0.9800148010253906
gqyrggbsdy.mp4,0.5078251361846924
gqzeunnauo.mp4,0.9283751845359802
gqzfzqemdg.mp4,0.9714023470878601
gqzgsjhuem.mp4,0.8899604678153992
gqzltruesu.mp4,0.5953159928321838
gqzluogxga.mp4,0.8889627456665039
gqzmitvnil.mp4,0.7345564961433411
gqzpstkfoy.mp4,0.6949721574783325
gqzvxlnszl.mp4,0.9670199751853943
graaqioxxg.mp4,0.14632821083068848
graytfvzpa.mp4,0.9408830404281616
grcebccgmn.mp4,0.9063670635223389
grckidrcno.mp4,0.057836126536130905
grcrqhjtkp.mp4,0.9350005388259888
grcsdeaphd.mp4,0.09243426471948624
grdfjgrjnf.mp4,0.0494358129799366
grdqmwyyqg.mp4,0.9559476971626282
grgoqekefq.mp4,0.6775628328323364
grgtcqgenk.mp4,0.7337023019790649
grgwugperc.mp4,0.9168224334716797
grgytdeghx.mp4,0.33697375655174255
grgzrryeox.mp4,0.9208204746246338
grhovatoev.mp4,0.9285772442817688
grifwanjzn.mp4,0.7194777727127075
grihfvadlq.mp4,0.941059947013855
grjlkuvjdb.mp4,0.904653787612915
grjmbvjmtr.mp4,0.9646406173706055
grlpjauvzq.mp4,0.9145935773849487
grmlwkwdcl.mp4,0.8157880902290344
grmwnqgnpw.mp4,0.8773046135902405
groylurwmw.mp4,0.161299929022789
grpiilvmlr.mp4,0.5470936894416809
grptyztvqt.mp4,0.4436810314655304
grqdeuyjno.mp4,0.9163883328437805
grqheonmvl.mp4,0.5712846517562866
grregntfio.mp4,0.9324527382850647
grrzxzptay.mp4,0.8036976456642151
grslroerqw.mp4,0.31592726707458496
grsslqidak.mp4,0.8966291546821594
gruwgoaxac.mp4,0.14422017335891724
grvwhehnbv.mp4,0.903959333896637
grwcxofqrx.mp4,0.8510798215866089
grxabtecyy.mp4,0.04202375188469887
grxlphstql.mp4,0.4712117910385132
grybcghwff.mp4,0.48139405250549316
gryesvnbgk.mp4,0.8482339382171631
gryjehjtpz.mp4,0.9401366114616394
grzfncynvs.mp4,0.8087337613105774
grzlpkoinj.mp4,0.5096491575241089
grznenhqyo.mp4,0.8387624025344849
grzocblpqu.mp4,0.909649133682251
grzozxrpgq.mp4,0.9336733818054199
gsamcdsvpu.mp4,0.9662128686904907
gsdebkyxjy.mp4,0.14573509991168976
gsdeqqxsra.mp4,0.822147011756897
gseqcukgdx.mp4,0.25041329860687256
gsezfytakx.mp4,0.8507533073425293
gsgglgjlgm.mp4,0.4957526624202728
gshgzmqfid.mp4,0.13034303486347198
gsinaddbyd.mp4,0.8515772819519043
gsiowgsubl.mp4,0.8995051980018616
gsjtmupmyn.mp4,0.8731508851051331
gsjvxclchn.mp4,0.5159047842025757
gskneuzeua.mp4,0.9704180955886841
gslkbdbmzw.mp4,0.9336853623390198
gsmcvnjygr.mp4,0.4251202642917633
gsmdxqdxdz.mp4,0.2104625403881073
gsmuzwzzhd.mp4,0.9548532962799072
gsnqvvauxc.mp4,0.9483108520507812
gsolecscbm.mp4,0.13471205532550812
gsomzkioxq.mp4,0.7108535766601562
gsonsxkoib.mp4,0.9196581840515137
gsoustqnhm.mp4,0.061262402683496475
gspkzaeqxi.mp4,0.878687858581543
gspmrngxra.mp4,0.8654388189315796
gspptumlth.mp4,0.1684320718050003
gsqepibeqs.mp4,0.6861949563026428
gsqjxejxuo.mp4,0.8490242958068848
gsreldxplc.mp4,0.7987214922904968
gsrqbimmlr.mp4,0.3210351765155792
gsrtyhfpce.mp4,0.5670651197433472
gstflwfliv.mp4,0.985779881477356
gsurjeebwz.mp4,0.5694031715393066
gsvbqfdmzq.mp4,0.9518818855285645
gsvhbvufvu.mp4,0.9086871147155762
gsviktqtsj.mp4,0.9114989042282104
gsvnccxuzy.mp4,0.9678083062171936
gsvvtbcxik.mp4,0.9518619775772095
gswgzcqiav.mp4,0.2527598738670349
gswplrzgrl.mp4,0.8460809588432312
gswwmzzjhl.mp4,0.8544291853904724
gsxlolioxh.mp4,0.41455814242362976
gsyjiiflyp.mp4,0.989133358001709
gsyttxitgj.mp4,0.9851662516593933
gsyuqlpdac.mp4,0.9267269968986511
gszezmtvth.mp4,0.4916985332965851
gszgqnuzox.mp4,0.36454054713249207
gszkgixytj.mp4,0.5044189691543579
gtakjbzpjr.mp4,0.4269524812698364
gtawaprccv.mp4,0.9353926777839661
gtazbanxdk.mp4,0.7917691469192505
gtbjejzsaf.mp4,0.10327406972646713
gtbjyhvpjl.mp4,0.9523428678512573
gtbmmjlyes.mp4,0.8628284931182861
gtbulzataa.mp4,0.2459392547607422
gtcqlfgves.mp4,0.9589748382568359
gtdjltklox.mp4,0.9218149781227112
gteegjifpn.mp4,0.843798041343689
gtehnsuwpf.mp4,0.9738843441009521
gtempuluqe.mp4,0.08587277680635452
gteyoegtwz.mp4,0.5382023453712463
gtfeygqlgd.mp4,0.8986929059028625
gtfpkooeab.mp4,0.9357650876045227
gtfqrajodf.mp4,0.8780145049095154
gtfydughgx.mp4,0.6958118081092834
gtgjhateos.mp4,0.21520550549030304
gtglqdxsbl.mp4,0.9157604575157166
gtgnsdblos.mp4,0.3676374852657318
gtgtsreuso.mp4,0.6860776543617249
gthcuihaxs.mp4,0.10995646566152573
gthgmboyet.mp4,0.9270818829536438
gthvvygfcj.mp4,0.9480639100074768
gtiyrmrily.mp4,0.9002445936203003
gtjichhfwd.mp4,0.8492925763130188
gtjqkjjkbv.mp4,0.7769635319709778
gtkdnbowjr.mp4,0.5569972991943359
gtkjgrkufy.mp4,0.9770558476448059
gtkrvhnjuz.mp4,0.5124369263648987
gtksiofiwm.mp4,0.80641770362854
gtlldwduek.mp4,0.8233085870742798
gtlqonbaur.mp4,0.5447911024093628
gtnobsfmmg.mp4,0.7696471214294434
gtnpqevfqh.mp4,0.1629902571439743
gtnprsrvpc.mp4,0.9281498193740845
gtohtrqukn.mp4,0.9559693932533264
gtotdtzxqz.mp4,0.9415175318717957
gtoxgbepyx.mp4,0.870858371257782
gtpajvnljq.mp4,0.11202991008758545
gtpbqogpif.mp4,0.7482131123542786
gtqraqbdxd.mp4,0.8937864899635315
gtrymxgptc.mp4,0.9900000095367432
gttcfnpbnd.mp4,0.7808117866516113
gttjnebniq.mp4,0.9155895113945007
gtuqynohfh.mp4,0.6617258191108704
gtvszqcyiu.mp4,0.21605628728866577
gtwgpgmxay.mp4,0.9507142901420593
gtwspzfcve.mp4,0.8967163562774658
gtxzguuouj.mp4,0.48074379563331604
gtyvtbojpp.mp4,0.9020962715148926
guamkilhnt.mp4,0.33498018980026245
gucsgoyqes.mp4,0.886788547039032
gudbaucusm.mp4,0.8250144720077515
gudniqrnda.mp4,0.9154163002967834
gudnqcenha.mp4,0.08609932661056519
gueccdqigw.mp4,0.8861240148544312
guemdthavy.mp4,0.20028400421142578
guezpomtrv.mp4,0.7142643332481384
guffckbvby.mp4,0.9281435012817383
gufhvkutxh.mp4,0.8059857487678528
gugxmnqcuz.mp4,0.9353192448616028
guhbdgmemt.mp4,0.9505699872970581
guikinmnpm.mp4,0.7919884920120239
guipdaxnix.mp4,0.8886608481407166
guiupvmbnj.mp4,0.12259659171104431
gujfmnwfsg.mp4,0.3062743544578552
gujzyphkky.mp4,0.9145900011062622
gukkdligzb.mp4,0.1016446202993393
guligiuqch.mp4,0.761584997177124
gumcnhxhju.mp4,0.9537774324417114
gumgtfoblf.mp4,0.9597736597061157
gumjimknrf.mp4,0.8587773442268372
gumuvrnmnw.mp4,0.9352156519889832
gunswjvcre.mp4,0.9842289686203003
gunuuztaxd.mp4,0.10643721371889114
gunvgbbxht.mp4,0.9461113214492798
guorqioozw.mp4,0.9454407691955566
guoubqfpam.mp4,0.9353451728820801
guougkebbc.mp4,0.9348520040512085
guoxrfrcjl.mp4,0.6704503297805786
gupfxsxboj.mp4,0.11785291135311127
guplchrlzb.mp4,0.8335922360420227
gupsvszzkb.mp4,0.05964457616209984
gupwexfkmw.mp4,0.0949942097067833
gupyznzzsg.mp4,0.6569050550460815
gureoksscs.mp4,0.7118893265724182
gurgzgaapw.mp4,0.9202077388763428
gusmunifrj.mp4,0.8066785335540771
guthddbqij.mp4,0.8180800676345825
gutmvovhsj.mp4,0.9618031978607178
gutujxzrwz.mp4,0.9721019268035889
gutukjzyfq.mp4,0.8907833099365234
guunxrhwrd.mp4,0.6248360872268677
guvcexkwdz.mp4,0.7163960933685303
guvptbqgrj.mp4,0.7985454797744751
guvtadxsbd.mp4,0.6285098791122437
guwqwhnpzx.mp4,0.90452641248703
guxqzghrat.mp4,0.7731931805610657
guxzdbakef.mp4,0.7763363122940063
guycctasoq.mp4,0.9483281373977661
guymqchfwo.mp4,0.9819983243942261
guytsqxffo.mp4,0.9449828863143921
guyytkpebp.mp4,0.8775787949562073
guzkiukrgs.mp4,0.9111937284469604
gvakjgsafd.mp4,0.07133873552083969
gvasdexmhe.mp4,0.9706370830535889
gvbbunnuat.mp4,0.9355006217956543
gvbhzwgszk.mp4,0.8804659247398376
gvbrxjqgaz.mp4,0.945124089717865
gvcqqdwswv.mp4,0.9269371032714844
gvcvgscwwp.mp4,0.7218896150588989
gvcwrbcqdd.mp4,0.8998140096664429
gvdddfgpuv.mp4,0.946357011795044
gvdlijoszh.mp4,0.9491406679153442
gvdqdduzkm.mp4,0.7170320749282837
gvdzbvkrlf.mp4,0.7266765236854553
gvejaseods.mp4,0.9144960045814514
gvekoglrgx.mp4,0.9153876304626465
gvelqlpjlg.mp4,0.7550037503242493
gvfblfpwca.mp4,0.9807566404342651
gvfvpjomcj.mp4,0.90448397397995
gvgajrzeed.mp4,0.4790777266025543
gvgxwfdoif.mp4,0.960265040397644
gvhvwnyqhp.mp4,0.9755620360374451
gvihoaswnr.mp4,0.9172908067703247
gvjesqmidg.mp4,0.4967665672302246
gvjmebnzzt.mp4,0.9647924900054932
gvkshqoaoc.mp4,0.8725093007087708
gvktgluynt.mp4,0.9296432733535767
gvlagxnnyh.mp4,0.2953987121582031
gvlczlcpmq.mp4,0.12170084565877914
gvlegsuxrg.mp4,0.892278254032135
gvlsustfbo.mp4,0.9648751616477966
gvlswvktmc.mp4,0.9183728694915771
gvmfxvenfz.mp4,0.9124565124511719
gvmmfnzgbq.mp4,0.9843838810920715
gvmuanyslh.mp4,0.6908476948738098
gvnikaiiur.mp4,0.8146871328353882
gvnjgfmlvx.mp4,0.3728172481060028
gvoovcgcbs.mp4,0.7313215136528015
gvooygdutl.mp4,0.7112821340560913
gvoppdyhiw.mp4,0.29032397270202637
gvqnyftnqr.mp4,0.13684187829494476
gvqtcevzuo.mp4,0.9836795926094055
gvqtciuapu.mp4,0.09688126295804977
gvqtnedfso.mp4,0.8861583471298218
gvrsulnkqu.mp4,0.3828548491001129
gvrtvflyup.mp4,0.04981054365634918
gvsnktlqne.mp4,0.9339735507965088
gvswyialmf.mp4,0.24744951725006104
gvugievkqg.mp4,0.6157164573669434
gvuknosmbn.mp4,0.844383955001831
gvvhegkoiz.mp4,0.9524035453796387
gvvtqekgnn.mp4,0.9863870143890381
gvwsbshbuz.mp4,0.9621508717536926
gvxermtjav.mp4,0.11603417992591858
gvxubmogmp.mp4,0.08743449300527573
gvxxuwvfmx.mp4,0.940917432308197
gvyjskpsbn.mp4,0.8822875618934631
gvyvbdlfap.mp4,0.8113420605659485
gvyzmvvvst.mp4,0.8636571764945984
gvzhautbsl.mp4,0.04701954498887062
gvzpnjrjdr.mp4,0.13015921413898468
gwadlivyoy.mp4,0.8819555044174194
gwaoeruqxm.mp4,0.9324567317962646
gwauxumrmi.mp4,0.9192253351211548
gwazpgohym.mp4,0.9894537329673767
gwbqirmhfs.mp4,0.8726999163627625
gwbtfherju.mp4,0.9322436451911926
gwcackkeyx.mp4,0.9636927247047424
gwcngswmpj.mp4,0.8727721571922302
gwdgaxgtbf.mp4,0.09165610373020172
gweqqjwlxg.mp4,0.12687523663043976
gwfnjzzqju.mp4,0.9209638833999634
gwfplwjvqk.mp4,0.9850897192955017
gwfykhtnqd.mp4,0.923102080821991
gwfzxvjjaw.mp4,0.8678285479545593
gwgqpoaben.mp4,0.15668100118637085
gwhdmjsjlp.mp4,0.4015476405620575
gwihhlwtiq.mp4,0.13909929990768433
gwivrmiros.mp4,0.8664471507072449
gwjdnxefon.mp4,0.03438795357942581
gwjgjuzzsp.mp4,0.8838589191436768
gwjhwktqmz.mp4,0.8870712518692017
gwjvucdwox.mp4,0.44306695461273193
gwjygmdcca.mp4,0.9118139147758484
gwkspxiopk.mp4,0.9306007027626038
gwkxazzmmr.mp4,0.104873426258564
gwldjrjahk.mp4,0.9217337965965271
gwmbvteaor.mp4,0.6602964997291565
gwmolehgvj.mp4,0.8551177382469177
gwmpjvzjug.mp4,0.6505774855613708
gwnaxtndii.mp4,0.9001027941703796
gwnwppscuf.mp4,0.4038148820400238
gwopodktyx.mp4,0.8356993794441223
gwpanglzbd.mp4,0.9358426928520203
gwpdxinfbc.mp4,0.9100136756896973
gwpyjfjctj.mp4,0.7134323120117188
gwqdrapybq.mp4,0.3492228388786316
gwrloogbta.mp4,0.8896086812019348
gwrnbskgml.mp4,0.8837751150131226
gwrvpajipu.mp4,0.926457405090332
gwsygunrfd.mp4,0.9689777493476868
gwtqrjjdfy.mp4,0.6828196048736572
gwvdqrkuux.mp4,0.10848132520914078
gwxtrqsaew.mp4,0.07309167832136154
gwymeedakp.mp4,0.9610596299171448
gwzavddryz.mp4,0.8051676154136658
gwzttezkpv.mp4,0.08949869871139526
gxahsvasub.mp4,0.8422878384590149
gxaxnlxlbg.mp4,0.8917155265808105
gxblelyihv.mp4,0.6008436679840088
gxcoafghbo.mp4,0.9210937023162842
gxcyjadqpe.mp4,0.6767987012863159
gxdbjmerhb.mp4,0.8876520991325378
gxdnihgbib.mp4,0.6954560875892639
gxeexnwuua.mp4,0.6931127309799194
gxekqzllls.mp4,0.0776343122124672
gxemcrngus.mp4,0.9282302260398865
gxeogmuaiz.mp4,0.9067047834396362
gxeokzxuzn.mp4,0.04352357238531113
gxexltzdzl.mp4,0.9300801753997803
gxgebeeulk.mp4,0.914020299911499
gxgseukasu.mp4,0.9110292196273804
gxgxsrftqs.mp4,0.11332301795482635
gxgytyxovs.mp4,0.48460114002227783
gxhigzfqiq.mp4,0.7968177795410156
gxhkzichcb.mp4,0.9466283321380615
gxhyukxwgx.mp4,0.6311471462249756
gxjlopeyls.mp4,0.6997078061103821
gxkjqcicyt.mp4,0.924139142036438
gxkohasmfj.mp4,0.8548239469528198
gxnjamrtcf.mp4,0.9742107391357422
gxotbbzdqi.mp4,0.9818174839019775
gxrgmigzwn.mp4,0.6971548795700073
gxrqxnlvfe.mp4,0.49843791127204895
gxsfmaqauz.mp4,0.9191266894340515
gxskukcgnu.mp4,0.8184328079223633
gxtkixenvj.mp4,0.08422284573316574
gxuetvjkho.mp4,0.9179934859275818
gxvbypqozt.mp4,0.1697850525379181
gxvifszntd.mp4,0.28650912642478943
gxxlbjuyza.mp4,0.09146437793970108
gxytgtbrld.mp4,0.8793176412582397
gxzmtungxc.mp4,0.972353994846344
gyaiywhloc.mp4,0.9451842904090881
gyapfffpvd.mp4,0.8906071782112122
gyarwewnap.mp4,0.8628361821174622
gyaxfbagnj.mp4,0.8972080945968628
gyccrjplmo.mp4,0.9296256899833679
gycrnobqpp.mp4,0.12841881811618805
gycsdchxjv.mp4,0.10446088761091232
gydiqiazti.mp4,0.8858155012130737
gydjwwwbno.mp4,0.9220111966133118
gydvsfdigh.mp4,0.3388025760650635
gyfqnutjyv.mp4,0.048211708664894104
gyfvycxfie.mp4,0.8863029479980469
gygcwtvdwz.mp4,0.46039053797721863
gyghugsmoh.mp4,0.9641553163528442
gyibxtkqsu.mp4,0.9306869506835938
gyismzbpat.mp4,0.8183640241622925
gyiustrwjv.mp4,0.8436430096626282
gyjdebcqrc.mp4,0.9561415910720825
gykfuhwoaa.mp4,0.9071659445762634
gyknyxbcak.mp4,0.9134575724601746
gyksbhfprp.mp4,0.8883303999900818
gykvshoqvk.mp4,0.8957340121269226
gykzntrrbw.mp4,0.9091745615005493
gylhcczatl.mp4,0.9738760590553284
gyliqzgsuy.mp4,0.9167755842208862
gylwlxqeer.mp4,0.9540677666664124
gymeckipqs.mp4,0.7826233506202698
gynpswzfos.mp4,0.8681631088256836
gyohjhqfmo.mp4,0.9224293828010559
gyosmhohba.mp4,0.5879614949226379
gypapuqdrx.mp4,0.4575903117656708
gypihejvbg.mp4,0.7594731450080872
gyppjmvypq.mp4,0.07350404560565948
gyrmgxlclo.mp4,0.9019416570663452
gysupwvqhg.mp4,0.9619715809822083
gytyimgugz.mp4,0.923945426940918
gytzzsfpxt.mp4,0.8027110695838928
gyvolulghr.mp4,0.976459801197052
gywcvsgmda.mp4,0.8932514786720276
gywkkzzoxq.mp4,0.20809698104858398
gywuzlodjr.mp4,0.9235847592353821
gyxkzwnniw.mp4,0.8916457295417786
gyzksucobq.mp4,0.9430545568466187
gyzplkphqa.mp4,0.9323360919952393
gzabjmglim.mp4,0.07156457006931305
gzbepripts.mp4,0.1748105138540268
gzcqegoojz.mp4,0.8732438683509827
gzcsmtvrjv.mp4,0.8870576024055481
gzcuhiyvpo.mp4,0.17907030880451202
gzdeexgkwp.mp4,0.8061372637748718
gzdmaijwqq.mp4,0.8688696622848511
gzdnifamxx.mp4,0.23335182666778564
gzdsestvja.mp4,0.9315937757492065
gzeidtyzub.mp4,0.09655677527189255
gzezqvyuqj.mp4,0.7592832446098328
gzflzoaadh.mp4,0.6015943288803101
gzfovnvluq.mp4,0.9673526883125305
gzfpunodyf.mp4,0.9522663950920105
gzfucmvdsr.mp4,0.8895641565322876
gzhxxfhpyx.mp4,0.8481703400611877
gzialwlrmz.mp4,0.9706992506980896
gzixibzfdy.mp4,0.9029213786125183
gzjphqbump.mp4,0.06013774499297142
gzjzykoccl.mp4,0.879975438117981
gzlbvmboxm.mp4,0.8252887725830078
gznphyupii.mp4,0.9370754957199097
gzppmtghbx.mp4,0.96208256483078
gzptosqztf.mp4,0.7164921164512634
gzpzmkyxey.mp4,0.7632405161857605
gzquromtns.mp4,0.8163995742797852
gzqyililkj.mp4,0.9090153574943542
gzqywnmwvp.mp4,0.9777448773384094
gzrswfalvp.mp4,0.957774817943573
gzsgxalkve.mp4,0.9356078505516052
gzszyxolow.mp4,0.8866495490074158
gztamvyoxr.mp4,0.9872053265571594
gztffgsxpt.mp4,0.060805562883615494
gzutyeitxk.mp4,0.07006310671567917
gzvqxxjglz.mp4,0.2005814164876938
gzvsihgvyu.mp4,0.13903585076332092
gzwemmhhhp.mp4,0.6967217922210693
gzwpdcyauj.mp4,0.9670637249946594
gzwzxbtkpd.mp4,0.940817654132843
gzxtqsjyqm.mp4,0.09446147084236145
gzydkfronh.mp4,0.8817223906517029
gzykhcoocu.mp4,0.9592920541763306
gzypdzxoas.mp4,0.8582396507263184
gzyphxbstz.mp4,0.2885022759437561
gzyzadxidl.mp4,0.9612623453140259
gzyzqxvocf.mp4,0.2428508996963501
haaekhexdq.mp4,0.9841735363006592
haawpbcezf.mp4,0.9772636294364929
habhcfsjme.mp4,0.06632109731435776
habiwpyvhu.mp4,0.819726824760437
habybzgzxe.mp4,0.8974923491477966
hadghhszzt.mp4,0.9682073593139648
hadngdumar.mp4,0.4648997485637665
haefkdmngn.mp4,0.911736011505127
haesrhzukc.mp4,0.9052295088768005
haewukajaa.mp4,0.9037507176399231
haexnflzek.mp4,0.9777536988258362
haffddmiyo.mp4,0.389218807220459
hafobcwarm.mp4,0.9278181195259094
hafojkdniz.mp4,0.956893265247345
hafxsbsgly.mp4,0.613213837146759
hafylusmeq.mp4,0.8943622708320618
hagdzrycyf.mp4,0.9512333273887634
hagyozibor.mp4,0.7571881413459778
hahicwynee.mp4,0.9096692204475403
hahqaxikvp.mp4,0.8833543062210083
hajkizpxpz.mp4,0.82694011926651
hajmqkklsy.mp4,0.4785310626029968
hajyzvmisg.mp4,0.15412791073322296
hakfzgbjpc.mp4,0.3199840784072876
hakgdmsskq.mp4,0.1953630894422531
haknpmhigp.mp4,0.07179097831249237
hakpntaqiz.mp4,0.9450756907463074
hakqvgwstx.mp4,0.8639660477638245
hakypmoszz.mp4,0.9784195423126221
halfgqdacz.mp4,0.9715548753738403
hamgcygfht.mp4,0.725479781627655
hamspgttwp.mp4,0.9314444661140442
haoadbkzvu.mp4,0.08364046365022659
haonmijjij.mp4,0.9511653780937195
hapbnzkyau.mp4,0.9874903559684753
hapjmshqxw.mp4,0.9113156199455261
haqeduqxqn.mp4,0.2893128991127014
haqfqkkehf.mp4,0.8290602564811707
hasaagrlkg.mp4,0.9478210806846619
haslpfcwqj.mp4,0.7912436723709106
hasnlpwbbs.mp4,0.8128468990325928
haspvmtfkl.mp4,0.8768343329429626
hasyzyhtnw.mp4,0.21234621107578278
haszgwfsna.mp4,0.1440829336643219
hatesldbvu.mp4,0.8385066390037537
hatztthpbh.mp4,0.9139584898948669
hauadbuadc.mp4,0.710587739944458
hauatxqcid.mp4,0.9309234619140625
hauswuhngn.mp4,0.7907500267028809
havbyqsvyj.mp4,0.8607892990112305
hawfsumehu.mp4,0.9361853003501892
hawgoyppoc.mp4,0.5164380669593811
hawifsawjr.mp4,0.931107759475708
hawpexvrwr.mp4,0.9428841471672058
hawpzjlxju.mp4,0.9264435172080994
hawrbvowsv.mp4,0.8128901720046997
hayorjmjob.mp4,0.8708611130714417
hazbvrlncf.mp4,0.4366699755191803
hazcvdjzyf.mp4,0.8792662620544434
hazesofgff.mp4,0.9448992013931274
hazsgohnbv.mp4,0.8303360342979431
hbaimlsevz.mp4,0.8579742908477783
hbaqzvhluo.mp4,0.8844041228294373
hbaxiwzjnh.mp4,0.8920985460281372
hbbqldnatj.mp4,0.9590342044830322
hbcuusrvqf.mp4,0.9247258305549622
hbdefybmtv.mp4,0.9894206523895264
hbdemoelnk.mp4,0.3949448764324188
hbdkqzyutc.mp4,0.5392080545425415
hbdwumljsj.mp4,0.7654837369918823
hbfartiyik.mp4,0.7173470854759216
hbgbxnhwum.mp4,0.9166939854621887
hbgdnkkbvi.mp4,0.28298458456993103
hbgkrlnsmt.mp4,0.9703555703163147
hbgpipxncf.mp4,0.9698774814605713
hbhbmwoamq.mp4,0.7271317839622498
hbikqfcnyg.mp4,0.9493975639343262
hbiuohewjf.mp4,0.9619740843772888
hbjiozieej.mp4,0.5600126385688782
hbjsvnfxfi.mp4,0.9435542821884155
hbllwtwewh.mp4,0.9323638081550598
hblqwhprwy.mp4,0.07266482710838318
hblrxxtzvr.mp4,0.2879338264465332
hblxigrvhs.mp4,0.7851681709289551
hbmvxgonmq.mp4,0.11205197870731354
hbocezyrug.mp4,0.6256725788116455
hbouvodtjy.mp4,0.05444714054465294
hbozjjcafn.mp4,0.793372631072998
hbpuinlogb.mp4,0.6146373748779297
hbqewgmkjj.mp4,0.5564145445823669
hbqhyjamvh.mp4,0.34956008195877075
hbqrffvwjf.mp4,0.8910459876060486
hbrgosouxx.mp4,0.8661634922027588
hbrgvmrtnn.mp4,0.07279308885335922
hbrgwpfyhj.mp4,0.9570701122283936
hbrkehqfqm.mp4,0.614797055721283
hbrxrguoxc.mp4,0.6162552237510681
hbsayxqlve.mp4,0.8287097811698914
hbsebsehoh.mp4,0.985231876373291
hbsuttldcd.mp4,0.8459786772727966
hbtiyusigb.mp4,0.9362308382987976
hbuvmgbgzz.mp4,0.901478111743927
hbveyaictx.mp4,0.0975593626499176
hbvjzqiqzz.mp4,0.41818442940711975
hbvvaxorwq.mp4,0.9398658275604248
hbxcjlmqbk.mp4,0.6896235346794128
hbyikfsffc.mp4,0.1351616531610489
hbyxzwnifl.mp4,0.9246286749839783
hcawzoysam.mp4,0.908180296421051
hcbetseuar.mp4,0.9069973230361938
hcbvqqozcj.mp4,0.7412660717964172
hcbzssleke.mp4,0.9435518383979797
hcccsffmhf.mp4,0.9093440771102905
hccoyhfnsf.mp4,0.7875496745109558
hccujersgb.mp4,0.9382047653198242
hccviksznb.mp4,0.8490073680877686
hcdrcpsffi.mp4,0.9381216764450073
hcdyegkqzt.mp4,0.9639676809310913
hceplvorif.mp4,0.9849112033843994
hcgcvhxani.mp4,0.9823391437530518
hcgjlbnvpr.mp4,0.10066372901201248
hcgxrugwko.mp4,0.9232949614524841
hcgzrgtuno.mp4,0.8778015375137329
hchktsapup.mp4,0.9460760951042175
hchpwjgudx.mp4,0.25317198038101196
hciiufvnai.mp4,0.8646209836006165
hciujjwwnw.mp4,0.8427383899688721
hciwewlauj.mp4,0.3132416605949402
hcjkrcvvnd.mp4,0.882576584815979
hcknrtiscw.mp4,0.9335810542106628
hckorjqpvy.mp4,0.7902986407279968
hclxvewcys.mp4,0.9239368438720703
hcnkuzygbp.mp4,0.2323675900697708
hcnyexqclz.mp4,0.9236988425254822
hcocbvbpxp.mp4,0.0460444837808609
hcprdjhcel.mp4,0.8804671764373779
hcpzvrriwh.mp4,0.8680089712142944
hcqyszppuv.mp4,0.20623350143432617
hcrbjaityh.mp4,0.9298463463783264
hcrqxnvfyt.mp4,0.9112094640731812
hcsfkirlgq.mp4,0.935187816619873
hcspsjaudj.mp4,0.877575695514679
hcsynxlfev.mp4,0.815584123134613
hcujjpgxaa.mp4,0.4965580403804779
hculgfktdg.mp4,0.9735055565834045
hcvdpnhqsa.mp4,0.8227095603942871
hcvgqdkqbf.mp4,0.9866952896118164
hcwghmdequ.mp4,0.04993266612291336
hcwhwpwcrv.mp4,0.8936959505081177
hcwiusyvox.mp4,0.9395676851272583
hcwlqsoonr.mp4,0.6966491937637329
hcxcomepos.mp4,0.9214164018630981
hcxhtxqzio.mp4,0.29484128952026367
hcxzxuvedy.mp4,0.9828576445579529
hcyeodttbp.mp4,0.8720488548278809
hcyhcyfnzo.mp4,0.6773080825805664
hcyprruzpu.mp4,0.9281278848648071
hcyqdktfiv.mp4,0.9150142669677734
hcyzbzdwtd.mp4,0.9214493036270142
hczfyxtxnw.mp4,0.5986803770065308
hcziircupz.mp4,0.4569723308086395
hcznycmxsa.mp4,0.9324053525924683
hczoakrfld.mp4,0.778731107711792
hdaleijded.mp4,0.15319743752479553
hdauuytvhx.mp4,0.0914485976099968
hdavvtqjrp.mp4,0.8882278800010681
hdbbppsmhp.mp4,0.9437025189399719
hdbejalgtx.mp4,0.3001593351364136
hdcdmjhoca.mp4,0.7966614961624146
hdclgrggjs.mp4,0.8814284205436707
hdcxhrlafa.mp4,0.8822510838508606
hdddfrvqws.mp4,0.7702053189277649
hddminxrhw.mp4,0.10139679908752441
hddohuycnv.mp4,0.4325125515460968
hddvrtxffc.mp4,0.7356650233268738
hdejlbwnnn.mp4,0.697191596031189
hdeubzuwrt.mp4,0.9377297759056091
hdfheqvqwf.mp4,0.5113258957862854
hdgwynwsyh.mp4,0.8939693570137024
hdhelrqzci.mp4,0.32577621936798096
hdhktpnxtk.mp4,0.8346589803695679
hdhntzlsdw.mp4,0.8007478713989258
hdhosyjdqa.mp4,0.68306565284729
hdhuqvdfij.mp4,0.878990113735199
hdjbbigtmb.mp4,0.7218887805938721
hdjvowbkbe.mp4,0.07648953795433044
hdjvuuxpxx.mp4,0.6029312610626221
hdlcufarcs.mp4,0.8901078104972839
hdlewnlnud.mp4,0.6472412943840027
hdmcjrfdtf.mp4,0.5857141017913818
hdmcmgszjt.mp4,0.863595187664032
hdmqltaiuh.mp4,0.9501932859420776
hdnlkddxfh.mp4,0.9454965591430664
hdnxtcjnps.mp4,0.9147588014602661
hdoemwbabf.mp4,0.40035805106163025
hdonvukllz.mp4,0.9531190991401672
hdoyjaobhg.mp4,0.7192288637161255
hdoyopjuki.mp4,0.7692952752113342
hdpfwcfigq.mp4,0.8026545643806458
hdpkdyuvok.mp4,0.8077466487884521
hdplrrdvqu.mp4,0.06636112928390503
hdquimbepn.mp4,0.21576623618602753
hdrcfbhylq.mp4,0.633247435092926
hdsbvyxutk.mp4,0.0920339971780777
hdtqiagzqb.mp4,0.8309828639030457
hdtslvvftc.mp4,0.27485406398773193
hdvazdbvbo.mp4,0.16980215907096863
hdvpqmklwf.mp4,0.41341620683670044
hdvrxlrnyk.mp4,0.8023421168327332
hdwtamqvky.mp4,0.8126497864723206
hdxfvvlpet.mp4,0.906353771686554
hdxzneektz.mp4,0.8097744584083557
hdysfhsyox.mp4,0.8426756858825684
hdyvindkjk.mp4,0.9594826698303223
hdzckzbjcm.mp4,0.8568052649497986
hdzygqltzu.mp4,0.9350034594535828
heaouuhopi.mp4,0.5335131883621216
heapwnqjpm.mp4,0.8766170740127563
heaqqlytsc.mp4,0.09985148161649704
heaxbmchys.mp4,0.455349862575531
hebctgmncr.mp4,0.9602425694465637
hebddxiwci.mp4,0.9792909622192383
heccnjugpk.mp4,0.4670674800872803
hecglkrexr.mp4,0.4826847016811371
hechdrfgkj.mp4,0.1335093230009079
hecofwjiux.mp4,0.9230141639709473
hecxeqclmd.mp4,0.8874769806861877
hecxxkaprp.mp4,0.24418580532073975
hedeftegwd.mp4,0.6662998199462891
hedetzyqpu.mp4,0.15666769444942474
hedjpbgyga.mp4,0.06551098078489304
heexadftse.mp4,0.1461823582649231
hefiremjyf.mp4,0.07024111598730087
hegttdfqre.mp4,0.902996301651001
heiurmawgr.mp4,0.13011732697486877
heiuytczzb.mp4,0.9558344483375549
hejmoxglbw.mp4,0.30278292298316956
hekeqdfuyw.mp4,0.9188535213470459
hekwkvdvyq.mp4,0.7645688652992249
helaqdgadz.mp4,0.9611925482749939
heldbzescf.mp4,0.051957372575998306
heltevgekc.mp4,0.3135562837123871
helumjtmik.mp4,0.11327827721834183
helywhtbcs.mp4,0.2663789391517639
hemhhjgnld.mp4,0.9277913570404053
henggajptu.mp4,0.9645187854766846
henpwcjutg.mp4,0.8157507181167603
heoxpyffcw.mp4,0.9844637513160706
hepvgksmbb.mp4,0.8287645578384399
hercreciym.mp4,0.9085025191307068
herufumizv.mp4,0.5443304777145386
hervmuonhn.mp4,0.5939624309539795
herwmvoobn.mp4,0.9390439391136169
hesruaznni.mp4,0.8835082650184631
heszotticv.mp4,0.9426957368850708
hetclsgiwz.mp4,0.48416605591773987
hevkhkdleb.mp4,0.45873284339904785
hevnqqfelb.mp4,0.9492738842964172
hevrtabipp.mp4,0.9144749045372009
hewhitnasz.mp4,0.9282834529876709
hewlieyzlv.mp4,0.8632177710533142
hewyozvcjs.mp4,0.644021213054657
hexxuigzdl.mp4,0.9345048666000366
heyixtkolz.mp4,0.4087313413619995
heymqwtnns.mp4,0.9162216186523438
heyuhmcyfe.mp4,0.7597104907035828
hezvknnrgk.mp4,0.5184468030929565
hfbhfeevlg.mp4,0.4330555200576782
hfblnovkno.mp4,0.11216150224208832
hfbqxpfhqu.mp4,0.8554810881614685
hfcbsslplq.mp4,0.9234731197357178
hfcedpllzw.mp4,0.7368897795677185
hfcezskxnq.mp4,0.923909604549408
hfckgxxhle.mp4,0.6172568202018738
hfcojjgcdl.mp4,0.9567806720733643
hfcxlucrbj.mp4,0.09310394525527954
hfdpapyngn.mp4,0.9156278967857361
hfeqmmhfgn.mp4,0.980789065361023
hffemnxolq.mp4,0.9673338532447815
hffkrqxlyv.mp4,0.882560670375824
hfflsxqsqi.mp4,0.9635627865791321
hffpiwqxns.mp4,0.7110270857810974
hffpurrqwv.mp4,0.32126548886299133
hfgcpeoeyp.mp4,0.8301109671592712
hfgczdzbix.mp4,0.11903785914182663
hfhuzaukrl.mp4,0.9259470105171204
hfhvimgnkc.mp4,0.4652925431728363
hfirqzsicr.mp4,0.9593991637229919
hfiuhfcgkx.mp4,0.8430912494659424
hfiyocolqc.mp4,0.9370416402816772
hfizjciwwe.mp4,0.8281822800636292
hfjnotbatc.mp4,0.9166153073310852
hfjoxmvhmu.mp4,0.8445149064064026
hfkssjwgsy.mp4,0.9445558786392212
hflevhjyro.mp4,0.5
hflfcwvmtb.mp4,0.8323695659637451
hflgowqwtt.mp4,0.9284287691116333
hfltwgkohs.mp4,0.8848726749420166
hflzcvraei.mp4,0.8280085921287537
hfmicjxnyl.mp4,0.7456958889961243
hfmwxyjott.mp4,0.9671794772148132
hfmycbfmln.mp4,0.9441164135932922
hfocfhpdtw.mp4,0.8029048442840576
hfoioyeobe.mp4,0.12610630691051483
hfoleykkho.mp4,0.20771649479866028
hfqpyvxasx.mp4,0.9822565913200378
hfqvgavken.mp4,0.9636585712432861
hfrhtjungx.mp4,0.9403547644615173
hfrtnrlcxd.mp4,0.2081098109483719
hfspenqmpw.mp4,0.9203903079032898
hfsrhxxnih.mp4,0.9471259713172913
hftninrtod.mp4,0.7122553586959839
hfuhmcwrhn.mp4,0.8433182835578918
hfurjnbjvj.mp4,0.8897106051445007
hfuumbpivg.mp4,0.9216390252113342
hfvexodpht.mp4,0.9345026612281799
hfwzpytvpn.mp4,0.1737419068813324
hfxhgmcsvf.mp4,0.6815304160118103
hfxmqrzdrp.mp4,0.08107981085777283
hfxnnbwcve.mp4,0.9348022937774658
hfxwupsztp.mp4,0.08770999312400818
hfygefzhwd.mp4,0.9821540117263794
hfzbajanit.mp4,0.04694182425737381
hfzjrtvrtz.mp4,0.9266920685768127
hgapkkpvdb.mp4,0.8793200850486755
hgboevycdj.mp4,0.9720368981361389
hgbumfkmoy.mp4,0.8930555582046509
hgbvseybjl.mp4,0.9513574838638306
hgcbwsvmxh.mp4,0.3732256293296814
hgcjhnidtm.mp4,0.2990494668483734
hgdjrqzwff.mp4,0.8367782831192017
hgdkjejnki.mp4,0.8915658593177795
hgdswzlbuq.mp4,0.13492584228515625
hgeakabscm.mp4,0.9196975827217102
hgeeqivyjy.mp4,0.9438393115997314
hgeesybdln.mp4,0.09120503067970276
hgefzguctw.mp4,0.8687208890914917
hgenhqxwyf.mp4,0.959245502948761
hgfgxgkali.mp4,0.9231637120246887
hgfpjkaots.mp4,0.881018340587616
hgfqmoimul.mp4,0.9104868769645691
hgfxjjgtbx.mp4,0.8611620664596558
hgimnvvfup.mp4,0.7467881441116333
hgipczryrr.mp4,0.8551457524299622
hgjbnfsyid.mp4,0.8890618681907654
hgjheddlde.mp4,0.9131210446357727
hgjkkddwjy.mp4,0.9292512536048889
hgjswpbmmu.mp4,0.8274434208869934
hgkbhaztur.mp4,0.31927111744880676
hgkfryxybj.mp4,0.2677192687988281
hgkiymguuo.mp4,0.6672347187995911
hgkokdqkcx.mp4,0.9658200144767761
hglklkxzxg.mp4,0.8915809392929077
hgmckehjft.mp4,0.9691701531410217
hgmpsbvzkx.mp4,0.12400872260332108
hgndjhgrlr.mp4,0.6594561338424683
hgoscxtunq.mp4,0.788837194442749
hgozghlrty.mp4,0.8851860165596008
hgpbgnofoj.mp4,0.9761362075805664
hgqcjhbdse.mp4,0.881251871585846
hgqeprjgid.mp4,0.9197626113891602
hgqfoasyla.mp4,0.8842611312866211
hgqmjmxhiw.mp4,0.8959663510322571
hgqrrbegzn.mp4,0.8884802460670471
hgsvltiixn.mp4,0.06661402434110641
hgtvuwhztq.mp4,0.9783791303634644
hgubfvlxta.mp4,0.3420967161655426
hguygahizr.mp4,0.7681128978729248
hgvdttjcgk.mp4,0.9691644906997681
hgvfhqfbuz.mp4,0.9584814310073853
hgvlupzwxy.mp4,0.07661512494087219
hgwsskiudd.mp4,0.7048751711845398
hgwzdxfynt.mp4,0.8851556777954102
hgxaxykble.mp4,0.9534804821014404
hgyjtixhyn.mp4,0.8204615116119385
hgyovfcxxl.mp4,0.9198243618011475
hgyupsezoh.mp4,0.9538809657096863
hgyvcmpddj.mp4,0.05108070746064186
hgyzedfdiq.mp4,0.772968053817749
hgzgtxzgeg.mp4,0.9753230214118958
hgzihzctao.mp4,0.85841965675354
hgziojxtan.mp4,0.9731411337852478
hgztdvmlmk.mp4,0.828812301158905
hgzwakwfuu.mp4,0.9172523617744446
hgzzpepxkv.mp4,0.41569048166275024
hhayopshwo.mp4,0.8989238142967224
hhcpcamiwk.mp4,0.9682849645614624
hhcvwyuwfv.mp4,0.4522286355495453
hhdblnxhtj.mp4,0.09621426463127136
hhdffhudyd.mp4,0.9884714484214783
hhdpnhrnsp.mp4,0.6071933507919312
hhdxjkkbow.mp4,0.9561660289764404
hhdzofpfgu.mp4,0.1711188107728958
hheboixbgi.mp4,0.8342459201812744
hhfcshhpse.mp4,0.8409740924835205
hhfhnyojlh.mp4,0.8667643070220947
hhflpjeagw.mp4,0.09763268381357193
hhfplwerbg.mp4,0.9455869197845459
hhftunckhq.mp4,0.9257304668426514
hhgjldiswr.mp4,0.9397090077400208
hhgkixhctm.mp4,0.8971377015113831
hhhrdnwzdw.mp4,0.9560171961784363
hhhrjgexse.mp4,0.8604679107666016
hhhwdbxlej.mp4,0.7826679348945618
hhiznfrxun.mp4,0.9698537588119507
hhjavsocdd.mp4,0.9175972938537598
hhjfirelwd.mp4,0.9542120695114136
hhjnfwezhr.mp4,0.9543265104293823
hhjttwtfko.mp4,0.9375960230827332
hhkhtvnkro.mp4,0.44878312945365906
hhkzdvqnzf.mp4,0.3278130888938904
hhlgrzjdif.mp4,0.9050236940383911
hhlpoxvufn.mp4,0.9694239497184753
hhmemqpsld.mp4,0.7191052436828613
hhmoxuqvqh.mp4,0.9623008370399475
hhmsbuyugf.mp4,0.4409169852733612
hhmwtkzgph.mp4,0.7734396457672119
hhnqmzylpd.mp4,0.8835010528564453
hhoccqhaaq.mp4,0.9173997640609741
hhohejcksh.mp4,0.7855582237243652
hhozjscusk.mp4,0.8550282716751099
hhphifkstv.mp4,0.5300906300544739
hhpivlybuf.mp4,0.9406334161758423
hhpmuiybqn.mp4,0.9700897932052612
hhpvctiryk.mp4,0.8749014735221863
hhqpulohfs.mp4,0.16019387543201447
hhrfguhlkg.mp4,0.9009487628936768
hhroycqneq.mp4,0.9051312804222107
hhsaujqkqo.mp4,0.9606508612632751
hhtnxlvfxd.mp4,0.960853099822998
hhtxwyjqcc.mp4,0.9900000691413879
hhuakzfttr.mp4,0.27832457423210144
hhujcljzhk.mp4,0.9567316770553589
hhuqodnvgi.mp4,0.13991452753543854
hhuwygcgzu.mp4,0.926313579082489
hhvcvjyrne.mp4,0.9302822947502136
hhvdokacxp.mp4,0.9082887172698975
hhvfywtomx.mp4,0.9783684015274048
hhviyvxoiw.mp4,0.9659884572029114
hhwwxylstd.mp4,0.7998947501182556
hhwyxajcrv.mp4,0.7953426241874695
hhxgnzqfxb.mp4,0.051960308104753494
hhxzvnfdij.mp4,0.056565865874290466
hhydqxywzf.mp4,0.9153791666030884
hhykrwtxxp.mp4,0.9024583697319031
hhyykgozwv.mp4,0.4739285111427307
hhzhvvifat.mp4,0.9702708125114441
hhzlddfggp.mp4,0.8960878849029541
hhzprfzlcj.mp4,0.9066872596740723
hialtjzmnx.mp4,0.9560585618019104
hibnixfhse.mp4,0.8071596622467041
hicbwuyaxv.mp4,0.97226482629776
hicusehiwu.mp4,0.465851366519928
hicycmkrce.mp4,0.5040621757507324
hidonazxtm.mp4,0.9260038733482361
hidvvmamhc.mp4,0.9234610795974731
hidwnstahw.mp4,0.30555352568626404
hiedwjfocm.mp4,0.9651991128921509
hiedwjvflb.mp4,0.9238086938858032
hielcvtmau.mp4,0.8222610950469971
hifcwvflfd.mp4,0.08233211934566498
hihcrogmkv.mp4,0.9581012725830078
hihtiqtluv.mp4,0.9841167330741882
hiiqeoftgd.mp4,0.9523140788078308
hiixalzbpk.mp4,0.11148788779973984
hiiyhfqeia.mp4,0.8179162740707397
hiiyszsgjy.mp4,0.9736737608909607
hijflohfrw.mp4,0.9687784910202026
hijoaaoakn.mp4,0.5272595286369324
hikjkaojdy.mp4,0.06160998344421387
hilfoftyjg.mp4,0.8947674632072449
himctcvjeg.mp4,0.976779043674469
hinogxnrhx.mp4,0.24933862686157227
hinrxateqp.mp4,0.8913393020629883
hioffslzjp.mp4,0.12848536670207977
hiokkbarew.mp4,0.055264756083488464
hioopeggcn.mp4,0.7716004252433777
hioqqktyzq.mp4,0.9041343331336975
hipcyptyvv.mp4,0.6689086556434631
hipskflepq.mp4,0.941059410572052
hipzzheqlg.mp4,0.9103196263313293
hiqphvdpfi.mp4,0.9316420555114746
hirzwspuzp.mp4,0.4616366922855377
hischbhubz.mp4,0.8812191486358643
hisfrixnbu.mp4,0.8786470890045166
hislcternr.mp4,0.9882951378822327
hiudppjazt.mp4,0.9081307053565979
hiuybvwqac.mp4,0.11092344671487808
hivqoasard.mp4,0.9698995351791382
hiwfnsyvzr.mp4,0.9648244380950928
hiwlkmphat.mp4,0.3473943769931793
hiwmwaraiy.mp4,0.740402102470398
hixamsqeov.mp4,0.874047577381134
hixdloourp.mp4,0.18040356040000916
hixrtrhxmi.mp4,0.8976329565048218
hixunokdof.mp4,0.8806959390640259
hiycpfipxc.mp4,0.8845451474189758
hiyergvepo.mp4,0.5364090800285339
hiyivgrvoi.mp4,0.8557254672050476
hizgjrsljt.mp4,0.9506325721740723
hizygxelaj.mp4,0.9118944406509399
hjaasqlfzy.mp4,0.7005886435508728
hjbisxrdbp.mp4,0.6549821496009827
hjblygobtf.mp4,0.9276816248893738
hjboqskwsk.mp4,0.7804921865463257
hjbwztyuch.mp4,0.9461174011230469
hjbzbnxylc.mp4,0.8533046841621399
hjcdjhhlzo.mp4,0.9187324047088623
hjcwtelvys.mp4,0.2880394458770752
hjdbpzbkot.mp4,0.9138606786727905
hjddyeycod.mp4,0.9574791193008423
hjdkaabfzj.mp4,0.7925896048545837
hjemlpvsee.mp4,0.05076567828655243
hjevypwbpn.mp4,0.5321643948554993
hjffkbkdvp.mp4,0.10757994651794434
hjfvwlqmeg.mp4,0.07347530126571655
hjgtdyuovr.mp4,0.3214295208454132
hjhhculjsi.mp4,0.6541381478309631
hjieycglah.mp4,0.552672803401947
hjiwmybauf.mp4,0.04292404279112816
hjjccpoiwf.mp4,0.9339431524276733
hjjqxkbsay.mp4,0.8947197198867798
hjkcrbpbmq.mp4,0.9465274810791016
hjlbfmyuri.mp4,0.6638528108596802
hjledymcmc.mp4,0.9203580617904663
hjlgfrsktl.mp4,0.9597112536430359
hjliawiffu.mp4,0.9364731311798096
hjlmanfced.mp4,0.5167710781097412
hjlzopctcs.mp4,0.3351074159145355
hjmeygvyqc.mp4,0.8971188068389893
hjmmmwusjx.mp4,0.9200720191001892
hjmxpjgpol.mp4,0.9762238264083862
hjnhwpnuwm.mp4,0.9060956239700317
hjnjfrebfb.mp4,0.11322972178459167
hjpsvhdncw.mp4,0.903556764125824
hjpxttqjyq.mp4,0.8850193619728088
hjrlzjkygb.mp4,0.9379549622535706
hjurtqndkf.mp4,0.9604119658470154
hjutmftzmw.mp4,0.9231787323951721
hjvdrvoimr.mp4,0.08278018236160278
hjwhpdkwyw.mp4,0.9393990635871887
hjxrkescnx.mp4,0.8090724945068359
hjxvdbnndw.mp4,0.9613106846809387
hjybminefo.mp4,0.97923743724823
hjyffvdgvf.mp4,0.8061005473136902
hjyiwrwmgn.mp4,0.8908061385154724
hjykhqbhtu.mp4,0.4219987690448761
hjykqlxjea.mp4,0.571962833404541
hjziepuyhs.mp4,0.9314512014389038
hkatomhgph.mp4,0.6692976355552673
hkawzvmxbl.mp4,0.9831804037094116
hkbvijpfcs.mp4,0.8810843229293823
hkcapfpydt.mp4,0.425917387008667
hkcmwgdksh.mp4,0.6856269836425781
hkdpyhtqxm.mp4,0.4041368067264557
hkeigtkzne.mp4,0.8767054080963135
hkeodxizla.mp4,0.9754188060760498
hkfagixfez.mp4,0.9622518420219421
hkfajoookb.mp4,0.9469591975212097
hkfkwisdxl.mp4,0.9096199870109558
hkggfwvkgu.mp4,0.9550727605819702
hkglxceyvi.mp4,0.8369049429893494
hkhkaewcvi.mp4,0.8597387671470642
hkhmcpecpe.mp4,0.8997094035148621
hkigowcdwd.mp4,0.884510338306427
hkimmsmxii.mp4,0.8164563179016113
hkkjpsnyoj.mp4,0.914752721786499
hkklgujolw.mp4,0.5576539635658264
hklckgfsis.mp4,0.692426323890686
hkljzykenf.mp4,0.962989866733551
hklmidvppb.mp4,0.49762752652168274
hklnylpqrg.mp4,0.9733194708824158
hklyydiyzp.mp4,0.9350023865699768
hkmapmksbu.mp4,0.10494578629732132
hkmilhpalb.mp4,0.9051911234855652
hkmoxnzqtq.mp4,0.9455827474594116
hkmsartjds.mp4,0.8962141275405884
hknkkpwstj.mp4,0.9335543513298035
hkobpyburj.mp4,0.06587190926074982
hkptymbsmx.mp4,0.8703998923301697
hkqeqfzdqw.mp4,0.9339483976364136
hkqivnrpco.mp4,0.09714320302009583
hkrithzmkt.mp4,0.8942686915397644
hkrkkhinzs.mp4,0.972353994846344
hkrtxvxgru.mp4,0.8699923753738403
hkrwmakjzh.mp4,0.8550746440887451
hksbfcpnax.mp4,0.08897446095943451
hksnuwrrdz.mp4,0.9532948136329651
hkssffmqxw.mp4,0.9285290241241455
hktegfngvy.mp4,0.7857389450073242
hkthfcssqp.mp4,0.8687873482704163
hktmreohka.mp4,0.9317685961723328
hkudmkrrvu.mp4,0.95968097448349
hkutirleav.mp4,0.9561861157417297
hkvfyeacje.mp4,0.09137643873691559
hkvmtvsxem.mp4,0.832518458366394
hkvpmzvour.mp4,0.9157713651657104
hkwmewfrew.mp4,0.93486487865448
hkxfkwihoy.mp4,0.07802654802799225
hkxvcdnquz.mp4,0.9747588634490967
hkygybryma.mp4,0.9252521991729736
hkyoqklcwu.mp4,0.9354662895202637
hkyviotvry.mp4,0.6588927507400513
hkzmlkdyik.mp4,0.7285920977592468
hkzxsmpuld.mp4,0.7084847092628479
hlafyytmmy.mp4,0.8937424421310425
hlawtszbsz.mp4,0.976877748966217
hlbgxxptwj.mp4,0.8486492037773132
hlbhxqaqjn.mp4,0.7957600951194763
hlbyzsyuai.mp4,0.506096363067627
hlcpwfwcyw.mp4,0.20213907957077026
hldqervcxy.mp4,0.40112996101379395
hletmfwutr.mp4,0.03943575173616409
hlevqpdeyf.mp4,0.8241532444953918
hlfwsfhjps.mp4,0.9786227345466614
hlgekivsbq.mp4,0.8611044883728027
hlgjnuwvqu.mp4,0.04023141786456108
hlglukfuyt.mp4,0.1001574695110321
hlhjulceyx.mp4,0.7907454967498779
hlhncbtsgq.mp4,0.8817782402038574
hlhoclqaeb.mp4,0.20395492017269135
hlhzincbxl.mp4,0.8717449307441711
hljbrosgou.mp4,0.9627602696418762
hljiksfqfy.mp4,0.9167245030403137
hlkupyhesf.mp4,0.9374964833259583
hllbaopvae.mp4,0.9338298439979553
hlnuvejoum.mp4,0.9332345724105835
hlpqxodqpz.mp4,0.32263311743736267
hlpvgvhabg.mp4,0.6840358972549438
hlqbwyefzd.mp4,0.4071939289569855
hlqvmahzco.mp4,0.11783585697412491
hlrcsqraqd.mp4,0.422213613986969
hlrdlbupbd.mp4,0.9260694980621338
hlritbsszg.mp4,0.9587351679801941
hlrlbzwfxa.mp4,0.8908766508102417
hlrlzybjrq.mp4,0.12725207209587097
hlskpzircb.mp4,0.610399067401886
hlsrphdgcn.mp4,0.22407013177871704
hlsubhyoea.mp4,0.05932926759123802
hlugfdnwth.mp4,0.8268332481384277
hluutfbsig.mp4,0.9292927980422974
hluxanoxct.mp4,0.07484771311283112
hluygfpyjs.mp4,0.6830148100852966
hluzffysqf.mp4,0.9260470867156982
hlxpjpydlh.mp4,0.4268222749233246
hlytebulax.mp4,0.9878914952278137
hlzmydxvvf.mp4,0.8964008092880249
hlzztkliyx.mp4,0.9474702477455139
hmaacoiafs.mp4,0.9809383153915405
hmaiksgpyg.mp4,0.23061466217041016
hmapkolrje.mp4,0.8160356879234314
hmbdrjvmet.mp4,0.5252650380134583
hmbkdaflod.mp4,0.7945285439491272
hmbpajsqhd.mp4,0.9508396983146667
hmbxhbhknk.mp4,0.9517867565155029
hmchxsdorm.mp4,0.8667011857032776
hmcqmxvatx.mp4,0.9149702787399292
hmdbpmyhyp.mp4,0.23381902277469635
hmdnaffyws.mp4,0.8203084468841553
hmdppelxqt.mp4,0.9317334294319153
hmedexplpk.mp4,0.7369091510772705
hmfcvfkagy.mp4,0.6742879152297974
hmfskvugyq.mp4,0.7419566512107849
hmhnfzfrro.mp4,0.8201904296875
hmikzgosnp.mp4,0.8967158198356628
hmiugidcyk.mp4,0.9194722175598145
hmiwpufbgr.mp4,0.6343071460723877
hmiylncrva.mp4,0.9444882273674011
hmjzgvkbky.mp4,0.23265308141708374
hmklvgxrga.mp4,0.9227802753448486
hmkphhcxhw.mp4,0.9485889077186584
hmktpowvrd.mp4,0.7509413957595825
hmlwkqnxio.mp4,0.9047614932060242
hmlxrwowtc.mp4,0.9580317139625549
hmmwmhrujk.mp4,0.15071307122707367
hmnwbyjgea.mp4,0.8248614072799683
hmofiqjzxe.mp4,0.577253520488739
hmoglbgvzh.mp4,0.8708981275558472
hmpczzivtb.mp4,0.855786144733429
hmpmzhsjga.mp4,0.9818407893180847
hmprulvonq.mp4,0.8515694737434387
hmqcnrnldb.mp4,0.6886903643608093
hmqvkvgdop.mp4,0.7746500968933105
hmsewtnful.mp4,0.8622502088546753
hmsmkwzusz.mp4,0.958212673664093
hmsupjpzvl.mp4,0.9530813694000244
hmtkeeibrj.mp4,0.8814338445663452
hmtkfywnsi.mp4,0.7188315391540527
hmtnmrntlj.mp4,0.06888983398675919
hmtslfgekh.mp4,0.892620325088501
hmuurfnobk.mp4,0.06516764312982559
hmwcwtutbx.mp4,0.7907121777534485
hmxdowkesn.mp4,0.10784514248371124
hmxdwxydsk.mp4,0.59440016746521
hmxflzmzym.mp4,0.8823784589767456
hmxlvyrksk.mp4,0.9602341055870056
hmyccfpvbu.mp4,0.9165072441101074
hmyfqyxclx.mp4,0.7745592594146729
hmzclmiplx.mp4,0.9224705696105957
hmzcuszpok.mp4,0.8423808813095093
hmzpkrjqxh.mp4,0.8697222471237183
hnbbjkbmiw.mp4,0.9611462950706482
hncklxqdgl.mp4,0.8717935681343079
hncvqppfad.mp4,0.3132898807525635
hnduasoexh.mp4,0.971868634223938
hndweyuwrf.mp4,0.704595685005188
hndzrlolxt.mp4,0.12999531626701355
hnemetktvp.mp4,0.9737691879272461
hnetpruzii.mp4,0.9418128132820129
hnfdytoptb.mp4,0.06944628059864044
hnfqnasdnm.mp4,0.9244868755340576
hngbppnrys.mp4,0.9481953382492065
hnglazpqtw.mp4,0.10693477839231491
hngmdcwliy.mp4,0.8619767427444458
hngsxhckgd.mp4,0.5
hnhafxatut.mp4,0.8709534406661987
hnhrxcfqsy.mp4,0.8781564831733704
hninriimhd.mp4,0.8776317834854126
hniydbeakm.mp4,0.7577269673347473
hnjgqaaicx.mp4,0.8553704619407654
hnjoobqywj.mp4,0.9672092199325562
hnjvdnygjm.mp4,0.9648617506027222
hnjzbriysa.mp4,0.6813164949417114
hnmefdzxxf.mp4,0.8640367984771729
hnmpqyteqf.mp4,0.17105598747730255
hnnlcrqfpf.mp4,0.06753979623317719
hnobywmhub.mp4,0.9791801571846008
hnonyvtuvx.mp4,0.8785714507102966
hnpjlqwpos.mp4,0.6414371728897095
hnpxfwmrxc.mp4,0.6489182114601135
hnqjwijpdp.mp4,0.6804236769676208
hnqkejilda.mp4,0.8941881656646729
hnqxotcevk.mp4,0.8957107067108154
hnrjqavaaf.mp4,0.9775388836860657
hnrlrzohns.mp4,0.08414486795663834
hnrzuoqnkz.mp4,0.898592472076416
hnselekxwv.mp4,0.2946925759315491
hnsgjiicgo.mp4,0.9540148377418518
hnsvwqpsxc.mp4,0.9829858541488647
hnswfdiygr.mp4,0.9731311798095703
hnuudbriou.mp4,0.5
hnuxytmfdm.mp4,0.9360995292663574
hnwayorldx.mp4,0.8693773746490479
hnwljrzjaz.mp4,0.1940717101097107
hnwwmhenfg.mp4,0.902904748916626
hnxdqowyqc.mp4,0.08059345930814743
hnxetiknbh.mp4,0.6018053293228149
hnxhwfttpy.mp4,0.91941899061203
hnxiwdurri.mp4,0.9194374084472656
hnyfyegvrt.mp4,0.8813562393188477
hnyhxyrahc.mp4,0.986182689666748
hnzymonnsh.mp4,0.11049926280975342
hoafmkwlaw.mp4,0.8121713995933533
hoavhqskuy.mp4,0.7546311616897583
hoaweiathp.mp4,0.9159687161445618
hobarhnsyk.mp4,0.9250222444534302
hobmpusszb.mp4,0.7315858602523804
hocglwmzhr.mp4,0.2407475858926773
hockjwzduq.mp4,0.9252841472625732
hocuhwhgji.mp4,0.936075747013092
hocwzucogk.mp4,0.9156783819198608
hodglukdub.mp4,0.6295819282531738
hodhfycfrm.mp4,0.9566904902458191
hodzowguky.mp4,0.9536083340644836
hofhiufhfd.mp4,0.47005942463874817
hofqokfyvd.mp4,0.9214749336242676
hofrbunxng.mp4,0.6005088686943054
hofyuwtrcy.mp4,0.8894553184509277
hogilbrbej.mp4,0.05856524407863617
hogyprobqu.mp4,0.9536101818084717
hohrvrekpk.mp4,0.16742204129695892
hoifswpbsd.mp4,0.41711029410362244
hoihutnvty.mp4,0.8529045581817627
hoitqyycbu.mp4,0.18568772077560425
hojbefkzhz.mp4,0.7099329233169556
hojcyybnwm.mp4,0.03649761155247688
hojjnezarv.mp4,0.9724900126457214
hokbxluozv.mp4,0.8388542532920837
hokugesscb.mp4,0.9849506616592407
holdvutgiz.mp4,0.9383028149604797
holfzxlrzl.mp4,0.8225467801094055
holjfoqmdj.mp4,0.9165307879447937
hopheufrwa.mp4,0.8187965154647827
hopuugykpb.mp4,0.9510997533798218
hoqjyfyjbw.mp4,0.8208127021789551
horcjsxnin.mp4,0.8784565329551697
hormvlveov.mp4,0.79527348279953
horrhnsuea.mp4,0.8010357022285461
horzzciczp.mp4,0.9384347796440125
hosqfqqgee.mp4,0.8589039444923401
hotvnhsufy.mp4,0.9429092407226562
houceixjki.mp4,0.9657679200172424
houdacvthz.mp4,0.809064507484436
hournhdfpq.mp4,0.9004254341125488
houyfiwdyw.mp4,0.9046695828437805
houzjcicgk.mp4,0.9475171566009521
hovynzkrlh.mp4,0.5227447152137756
howewzbdom.mp4,0.8848240971565247
howishwmtc.mp4,0.7822326421737671
howruupkxw.mp4,0.9126144051551819
hoxrefyboh.mp4,0.6554489135742188
hoykxrljpv.mp4,0.9112327694892883
hozwfqophr.mp4,0.5
hpabomixmu.mp4,0.6906523704528809
hpafzeavqo.mp4,0.9822951555252075
hpaydhckpf.mp4,0.9391727447509766
hpbqzowfao.mp4,0.9711496829986572
hpbrsjknez.mp4,0.9600145220756531
hpcgekliru.mp4,0.8586769104003906
hpcivouyku.mp4,0.07960478961467743
hpcnfqzlto.mp4,0.5693371295928955
hpdetbrchg.mp4,0.8845706582069397
hpdlkcnpbf.mp4,0.9590228796005249
hpetjipexz.mp4,0.7767845392227173
hpfrfbheli.mp4,0.9032688736915588
hpftfizsyi.mp4,0.9321608543395996
hpgkeqihrs.mp4,0.8507592082023621
hpgteigvcc.mp4,0.06947287917137146
hpgyfsynif.mp4,0.9767628908157349
hphaokkuxd.mp4,0.27111831307411194
hphxgttbro.mp4,0.9111372232437134
hpibvkqmvh.mp4,0.8348952531814575
hpierzntfi.mp4,0.9064830541610718
hpirlwniwe.mp4,0.7652760148048401
hpjcrnqxyo.mp4,0.808223307132721
hpjecyfqrx.mp4,0.11355370283126831
hpjlsodvji.mp4,0.6770396828651428
hpkvnqbnyt.mp4,0.7859022617340088
hplnnfomzi.mp4,0.9600514769554138
hpmezdkuki.mp4,0.7979385256767273
hpneudadtf.mp4,0.21469831466674805
hpnhftyxnr.mp4,0.1107584685087204
hpnicxbgrn.mp4,0.8639158606529236
hpnkbdrjsz.mp4,0.8287928700447083
hpomliuqdc.mp4,0.9541317820549011
hponjexdhn.mp4,0.5654433369636536
hpoqxrddlx.mp4,0.26458755135536194
hpotsxzxbx.mp4,0.957245409488678
hppeihmuec.mp4,0.9899063110351562
hppiwnhbax.mp4,0.42357465624809265
hppthldonb.mp4,0.750535786151886
hppwmqphfq.mp4,0.9243988990783691
hpqgkultrg.mp4,0.9532769322395325
hpqlwuwerw.mp4,0.8667542934417725
hpqmelyasc.mp4,0.9663172960281372
hprzotbjtj.mp4,0.18308484554290771
hptbcitxji.mp4,0.5885809063911438
hpurahupjh.mp4,0.12492118775844574
hpvoiuirnt.mp4,0.938283383846283
hpvpqejzle.mp4,0.05995786935091019
hpvtmohvma.mp4,0.9280220866203308
hpxikhknts.mp4,0.9614943265914917
hpxkitfcxm.mp4,0.07674575597047806
hpxsnuodkh.mp4,0.8937240242958069
hpypqkybny.mp4,0.9220252633094788
hpzqubfjom.mp4,0.9081056118011475
hpzwxyqpht.mp4,0.9563034772872925
hqacfyyvqa.mp4,0.9089134931564331
hqaogapyog.mp4,0.8982692956924438
hqbcowwydf.mp4,0.2587772011756897
hqbgbuxksq.mp4,0.8893184661865234
hqbwqqwxgl.mp4,0.9053443670272827
hqcdljodok.mp4,0.0660310611128807
hqcgyayuwb.mp4,0.9029403328895569
hqcieyxrgs.mp4,0.5411309003829956
hqcveqsrsb.mp4,0.645629346370697
hqcwnryzvl.mp4,0.6642229557037354
hqdfmlonnd.mp4,0.9366565346717834
hqdpqxvekq.mp4,0.9480896592140198
hqebuosggp.mp4,0.7745929956436157
hqeldyhmpu.mp4,0.844506561756134
hqeseklsdo.mp4,0.673920214176178
hqftstuxzs.mp4,0.2951306104660034
hqfxruqynj.mp4,0.9675594568252563
hqgbifpkry.mp4,0.9252697825431824
hqgervpkkf.mp4,0.14695532619953156
hqgndlnyvu.mp4,0.09143911302089691
hqgoqmozpm.mp4,0.9750118851661682
hqiebmrvou.mp4,0.9595420360565186
hqionfqgsu.mp4,0.9421323537826538
hqixijrrjd.mp4,0.8588650226593018
hqjuvsqmpv.mp4,0.8966113924980164
hqkpapumoa.mp4,0.4453674852848053
hqlfvevxfl.mp4,0.5532928705215454
hqlmhjsbgj.mp4,0.726675808429718
hqmvbuwhwa.mp4,0.07906784862279892
hqnfmvrjlo.mp4,0.9589316844940186
hqnwdzttpm.mp4,0.04153083264827728
hqosycfrjf.mp4,0.8789055347442627
hqpjmwyygq.mp4,0.06474845856428146
hqpntlbcte.mp4,0.9087592363357544
hqpqwfnjwz.mp4,0.3881593942642212
hqqkhnvgtc.mp4,0.2682405114173889
hqqnsbetzv.mp4,0.9314424395561218
hqrrpdijqb.mp4,0.4532095789909363
hqsrildiwm.mp4,0.892705500125885
hqsuovcrlk.mp4,0.9526479244232178
hqtjafdzow.mp4,0.9643332958221436
hqtmojujlv.mp4,0.8798367977142334
hqvchagnjd.mp4,0.8432076573371887
hqvhlivsas.mp4,0.3035869598388672
hqwfxfcohn.mp4,0.9022462368011475
hqwhpdgort.mp4,0.7622292637825012
hqwxwmvopn.mp4,0.9177998900413513
hqxhkfkzyv.mp4,0.8201914429664612
hqxlyxhjin.mp4,0.13945788145065308
hqxniwuzth.mp4,0.971845805644989
hqxtmetifv.mp4,0.8929509520530701
hqzvjivapc.mp4,0.9334785342216492
hraxiiyfvg.mp4,0.9899966716766357
hrbdgunsvk.mp4,0.6734388470649719
hrblxtujgx.mp4,0.14560499787330627
hrbrjdctgm.mp4,0.8181554079055786
hrbwvtjwat.mp4,0.5079320073127747
hrcciawbyh.mp4,0.8792861104011536
hrcfjojxqq.mp4,0.7986243963241577
hrcggrngog.mp4,0.9295316338539124
hrchuhybuy.mp4,0.9504203796386719
hrcmsestby.mp4,0.10293889790773392
hrdezifdym.mp4,0.6805297136306763
hrdlenccwv.mp4,0.9108046293258667
hrepdeiczh.mp4,0.9357340931892395
hrettxkjco.mp4,0.8929230570793152
hrfjbsruvh.mp4,0.865912914276123
hrfkjdtzww.mp4,0.9020153284072876
hrflalczag.mp4,0.08467303961515427
hrfplvcrnp.mp4,0.904213011264801
hrfweylnua.mp4,0.858815610408783
hrhxpqjpui.mp4,0.9382742047309875
hrhzoupjzq.mp4,0.9150475263595581
hrigwyzdtm.mp4,0.9362204074859619
hrilefvfga.mp4,0.1490943431854248
hrimlwvzjd.mp4,0.9127562046051025
hriultflyg.mp4,0.09742268174886703
hrizczebyb.mp4,0.9438685178756714
hrjaahazzq.mp4,0.7754381895065308
hrjiflwsrx.mp4,0.9431828856468201
hrjkgzpcgc.mp4,0.8626824617385864
hrjphyuizh.mp4,0.4252508580684662
hrkgvxumkl.mp4,0.9088236093521118
hrkikllkqt.mp4,0.8871712684631348
hrkrdfhmdr.mp4,0.2663232982158661
hrkvhduqqm.mp4,0.6104782819747925
hrkwsnfbfp.mp4,0.8968319296836853
hrlrtaouty.mp4,0.9335735440254211
hrlshhoiko.mp4,0.9411574006080627
hrlttulqpm.mp4,0.9849146604537964
hrmqefifhs.mp4,0.18717540800571442
hrncvumttq.mp4,0.9191948771476746
hrnrjdfoqh.mp4,0.21078833937644958
hrofeelxvp.mp4,0.9437988996505737
hroqcpapmy.mp4,0.2853664457798004
hrotywgvnz.mp4,0.8404431939125061
hrpdutntqq.mp4,0.956604540348053
hrpffqsxiv.mp4,0.8513088226318359
hrqqeibfnm.mp4,0.9509807229042053
hrrrvetfgu.mp4,0.679118275642395
hrrwofyxnz.mp4,0.34847378730773926
hrsdmqnrgy.mp4,0.9728502631187439
hrsiwoxehy.mp4,0.9050508141517639
hrthfgffnf.mp4,0.8673926591873169
hrtmclnwyq.mp4,0.16552132368087769
hrtmnxmadf.mp4,0.2810867428779602
hrtvdjgrqc.mp4,0.9663322567939758
hrtyepnllz.mp4,0.463224858045578
hrucxshlym.mp4,0.8822774887084961
hrumbmmwuf.mp4,0.2334054857492447
hrviseedju.mp4,0.8921625018119812
hrvliizvgg.mp4,0.9227827787399292
hrvqywpiev.mp4,0.9392666816711426
hrvsdlljgn.mp4,0.9786078929901123
hrvyuyjwuv.mp4,0.8650335669517517
hrxijsbgns.mp4,0.9882068037986755
hrxqwqdrfd.mp4,0.584895133972168
hrxximpcnf.mp4,0.966707706451416
hrydrvbapt.mp4,0.9149960279464722
hryhqvkupl.mp4,0.9458121061325073
hrzdrybpdy.mp4,0.9110391736030579
hrznynemfj.mp4,0.06007995828986168
hrzskpirud.mp4,0.9122663736343384
hsaafwdtoj.mp4,0.032165348529815674
hsazdtrvux.mp4,0.8936502933502197
hsbmlcuxyx.mp4,0.8823286890983582
hscinccfcp.mp4,0.8459036350250244
hsdyfidrxi.mp4,0.9517674446105957
hselhjjdwg.mp4,0.9227123856544495
hsfbyxbkmn.mp4,0.1341840773820877
hsfchihmld.mp4,0.8954967856407166
hsfkitehzn.mp4,0.932617723941803
hsfrlqoezc.mp4,0.9256712794303894
hsgmhqmqpn.mp4,0.9120794534683228
hshapbcail.mp4,0.15013083815574646
hshlhtycxr.mp4,0.9685969948768616
hsholijlwo.mp4,0.8744478225708008
hsibptqojw.mp4,0.05447086691856384
hsivixcmnn.mp4,0.8731049299240112
hsiwbtszfc.mp4,0.07163470983505249
hsjukoflzf.mp4,0.4438643157482147
hsjzcuaors.mp4,0.980414092540741
hskevjjlzp.mp4,0.9090462923049927
hskxjddedq.mp4,0.9725741147994995
hskzjifsqo.mp4,0.6331630349159241
hsmggsiwax.mp4,0.7251302599906921
hsnbqojgis.mp4,0.95880526304245
hsnyaujcts.mp4,0.9427770376205444
hsoybkvkrv.mp4,0.9341331720352173
hsqdhntniv.mp4,0.9364727735519409
hsrjpbooab.mp4,0.11293105781078339
hsrmbntnjw.mp4,0.9180038571357727
hsrvahwnuw.mp4,0.5821321606636047
hsrvqfoaoy.mp4,0.722301185131073
hssbxyyudp.mp4,0.7933593392372131
hstvglyexy.mp4,0.8160378336906433
hsubmoizkf.mp4,0.05105714872479439
hsunnwljgf.mp4,0.07183569669723511
hsvjituyll.mp4,0.02878514863550663
hsxhkffniw.mp4,0.93052077293396
hsyvnjesxg.mp4,0.03341406583786011
hszitlusxg.mp4,0.1063605323433876
hszxdjvyva.mp4,0.2814951241016388
hszyxcktnw.mp4,0.8474245667457581
htajkoiyrr.mp4,0.06015170365571976
htawfkucux.mp4,0.9408053159713745
htcergdpsj.mp4,0.7940929532051086
htdbgatkbk.mp4,0.6678377389907837
htdbovnnfa.mp4,0.7065423130989075
htdkbuepzw.mp4,0.9764562249183655
htdxbghbeg.mp4,0.9581307172775269
htecfndsrs.mp4,0.8711676597595215
htekfrsraw.mp4,0.9134305119514465
hteouiubpz.mp4,0.9556138515472412
htexdzffsg.mp4,0.9475919604301453
htfcxeytvn.mp4,0.8887355923652649
hthvckddty.mp4,0.9350529313087463
htigwwgwkf.mp4,0.4320559799671173
htiihimjnm.mp4,0.9481418132781982
htiiwicntu.mp4,0.12583935260772705
htixfnxfgt.mp4,0.8745632767677307
htkelwcies.mp4,0.9470198154449463
htkszkediw.mp4,0.07233775407075882
htlcviofbb.mp4,0.9058941602706909
htlytxvrxf.mp4,0.9585142731666565
htmmpihuxm.mp4,0.8498478531837463
htofmqfrjk.mp4,0.9625653624534607
htogozkrax.mp4,0.8807789087295532
htohhxlfnl.mp4,0.9357621669769287
htoothlges.mp4,0.9095205068588257
htoyvdszos.mp4,0.9231269955635071
htpazaviko.mp4,0.8126082420349121
htpynjivdq.mp4,0.6196488738059998
htqfkjzpuv.mp4,0.9423457384109497
htqfzcytzu.mp4,0.8887302875518799
htqhzfwsmb.mp4,0.17046760022640228
htqvbtsnrv.mp4,0.7002609968185425
htrmbppvvr.mp4,0.8940707445144653
htrwxzllri.mp4,0.8831892013549805
htsviqkpig.mp4,0.8511487245559692
htuvyvkovk.mp4,0.9066506624221802
htuxozplwj.mp4,0.18852336704730988
htvbzxbpmd.mp4,0.9485939741134644
htwkhbxggy.mp4,0.06600780785083771
htwrdfuipf.mp4,0.9546642899513245
htxrveybse.mp4,0.9230364561080933
htyilrgshp.mp4,0.8765539526939392
htyzbxdetd.mp4,0.7813341021537781
htztzgkfzv.mp4,0.3316691517829895
hubqivdhne.mp4,0.9277910590171814
hubuiiwdtn.mp4,0.9492525458335876
hucmdlcmdg.mp4,0.6138908863067627
huecqgjncq.mp4,0.9050890803337097
hueziwjubp.mp4,0.8568940162658691
hufloxjssp.mp4,0.9683610200881958
hufywdzltd.mp4,0.6826577186584473
hugbzjpphk.mp4,0.919929027557373
hugopxwqks.mp4,0.8579582571983337
huhwegsrhh.mp4,0.49408164620399475
huhxclvymi.mp4,0.7507812976837158
huhxwuihzm.mp4,0.9230460524559021
huiqdkxjuu.mp4,0.5613579750061035
huirsgmbxy.mp4,0.8309028148651123
hujddswvon.mp4,0.8521477580070496
hujmromlkd.mp4,0.9892038702964783
hujqhjtxub.mp4,0.11356320232152939
hukhzzntwr.mp4,0.9513668417930603
hukttnllxr.mp4,0.8170004487037659
hulfidzhmi.mp4,0.9373524188995361
hunpbscjol.mp4,0.8778758645057678
huntakrfzp.mp4,0.907693088054657
huoaqoftqs.mp4,0.6629444360733032
huontkxnwo.mp4,0.11846977472305298
huoueercpo.mp4,0.6314677000045776
huouxztjql.mp4,0.9638270139694214
huqivatfln.mp4,0.9847116470336914
hurlxdpsxl.mp4,0.9188087582588196
hurylpugkq.mp4,0.8852030634880066
husskehtel.mp4,0.20832866430282593
huucvrfcfm.mp4,0.6198692321777344
huuebfmqec.mp4,0.8804122805595398
huvdiotphl.mp4,0.9605627655982971
huvgomcylt.mp4,0.9197404384613037
huvmpblgyw.mp4,0.9158530235290527
huwetbwqtr.mp4,0.7433376312255859
huyikpryex.mp4,0.9135193824768066
huyniwuhqe.mp4,0.9756061434745789
huzaqiagsc.mp4,0.933516263961792
huzpmegfxj.mp4,0.9475675821304321
huzryvwrfa.mp4,0.24875755608081818
hvajujwuez.mp4,0.9551787376403809
hvalvoklqf.mp4,0.9236506819725037
hvayvsrcxg.mp4,0.7867221832275391
hvbbizddfc.mp4,0.10141503065824509
hvbfbdqdin.mp4,0.24967239797115326
hvcxqgiwfe.mp4,0.9275493025779724
hvddxkjpgm.mp4,0.8534973859786987
hvdftuozuk.mp4,0.8847323060035706
hvdkiikndg.mp4,0.22199679911136627
hvefzshjxl.mp4,0.9256404638290405
hvfgnmjmvl.mp4,0.09177715331315994
hvgokdtdla.mp4,0.9099942445755005
hvhduzbzjw.mp4,0.9249956011772156
hvhrlowtzh.mp4,0.9381927251815796
hvizpibrvb.mp4,0.07713586091995239
hvkcuhyedq.mp4,0.9244834184646606
hvkuzvtulc.mp4,0.8210706114768982
hvkwnouqnx.mp4,0.8907848596572876
hvkwqeaczn.mp4,0.48216503858566284
hvlgjwfnrp.mp4,0.06806688010692596
hvmllpuucc.mp4,0.913428783416748
hvnzdsvkpa.mp4,0.6249347925186157
hvopzymymu.mp4,0.13766638934612274
hvqfyaxyfj.mp4,0.7853617668151855
hvqmkyrggf.mp4,0.09640004485845566
hvrbzohjij.mp4,0.9669672250747681
hvrogfypmt.mp4,0.9438654780387878
hvrqacacno.mp4,0.7569679021835327
hvshaelzle.mp4,0.9611772894859314
hvshykjvwt.mp4,0.0566239133477211
hvsoudzqfb.mp4,0.9541158080101013
hvtsyiuvcn.mp4,0.96124267578125
hvtwtohuor.mp4,0.9508360028266907
hvuxhtdbqf.mp4,0.6433225870132446
hvvemhbopa.mp4,0.9449175596237183
hvvohsysmz.mp4,0.9179202318191528
hvxjjbvcwj.mp4,0.6704213619232178
hvxlokkbzn.mp4,0.05916669964790344
hvxmvczeqx.mp4,0.9516567587852478
hvxrsfgvyi.mp4,0.5412294268608093
hvyhhgtkpb.mp4,0.9081514477729797
hvywucdzbt.mp4,0.9225761890411377
hvzboteugl.mp4,0.9545381665229797
hvzbxqeisd.mp4,0.9366609454154968
hvznknkjvq.mp4,0.5441615581512451
hvzoeiqyqe.mp4,0.7962677478790283
hwafeitigg.mp4,0.2611388862133026
hwapuqrvfb.mp4,0.9200775027275085
hwaslzerct.mp4,0.9323244690895081
hwbnnzmcos.mp4,0.5473405718803406
hwckmbvupn.mp4,0.8946494460105896
hwcpjaebpn.mp4,0.8842531442642212
hwdlruplpx.mp4,0.07545814663171768
hwepjtfgdu.mp4,0.8902227878570557
hwfnbfscmk.mp4,0.7318401336669922
hwgbkoswda.mp4,0.9103565812110901
hwgdtucbck.mp4,0.36735811829566956
hwgvcwpzod.mp4,0.2043784260749817
hwgyszfbcc.mp4,0.914973795413971
hwhqtnxdsd.mp4,0.07765711843967438
hwixlpyhpe.mp4,0.9243844151496887
hwjkdmwrce.mp4,0.7885659337043762
hwjkxkreht.mp4,0.7672556042671204
hwjlcdwuyq.mp4,0.09250316023826599
hwjqfepxmx.mp4,0.14293207228183746
hwjyutuyee.mp4,0.31195777654647827
hwkcwhwgix.mp4,0.9110115766525269
hwkplisvwe.mp4,0.24517883360385895
hwlwjbtrzq.mp4,0.921459972858429
hwmbdrmueb.mp4,0.9321761727333069
hwmwyhtoqf.mp4,0.8510425090789795
hwmybqyceh.mp4,0.8673301339149475
hwnavovbnf.mp4,0.8362439870834351
hwnmkmvzfo.mp4,0.8294677138328552
hwoxyvspab.mp4,0.9055914282798767
hwpkcfgqbk.mp4,0.4448726177215576
hwqmdqroas.mp4,0.9507490396499634
hwrgbbswlw.mp4,0.923632800579071
hwsgjnslze.mp4,0.8818948864936829
hwsneitzms.mp4,0.14587262272834778
hwspklkjol.mp4,0.8300727605819702
hwsqxlbtgc.mp4,0.045623764395713806
hwssfxdbbv.mp4,0.8655299544334412
hwszxmhues.mp4,0.5034131407737732
hwtjiitwwe.mp4,0.14638899266719818
hwtnalvalq.mp4,0.9164316058158875
hwtnwtczts.mp4,0.9701776504516602
hwtrzrxkyg.mp4,0.7376554012298584
hwuavdwztw.mp4,0.5597853064537048
hwufwjdaai.mp4,0.8710371851921082
hwuksjmpvu.mp4,0.8976482152938843
hwupzqblgo.mp4,0.9379940032958984
hwuxekhvmb.mp4,0.5677192807197571
hwweeeqkll.mp4,0.9260587692260742
hwwirlqjuh.mp4,0.5239721536636353
hwwmhwkdhb.mp4,0.4573536515235901
hwwmwwteag.mp4,0.9395144581794739
hwxamzrdaw.mp4,0.06784407794475555
hwyguzgmzq.mp4,0.9141683578491211
hwypebukel.mp4,0.7617523670196533
hwyuwbnszo.mp4,0.9186342358589172
hwyvbtuvoe.mp4,0.46686694025993347
hxadmqihjf.mp4,0.9540041089057922
hxahnhbnrz.mp4,0.06484482437372208
hxamrqjjwm.mp4,0.0775272324681282
hxbklovyme.mp4,0.9688888192176819
hxbtxphmom.mp4,0.8999648094177246
hxcejljpta.mp4,0.9441785216331482
hxddpnvklf.mp4,0.889045000076294
hxdktprbdm.mp4,0.682256817817688
hxfbxeudpd.mp4,0.42763933539390564
hxfqltenqh.mp4,0.13770973682403564
hxfyzpnwgd.mp4,0.6633163094520569
hxgcefsums.mp4,0.30293282866477966
hxgmozlftr.mp4,0.9293466806411743
hxgqkqtcwy.mp4,0.5937443971633911
hxhqqdtdeg.mp4,0.7378102540969849
hxijwdmltd.mp4,0.7471939325332642
hxipakgdqj.mp4,0.6605590581893921
hxixbghgxj.mp4,0.7566843628883362
hxjwywtwmb.mp4,0.9854103326797485
hxkewzrwjo.mp4,0.9461259841918945
hxmwbpwwlv.mp4,0.16453075408935547
hxnvptlgcu.mp4,0.9469230771064758
hxofsiydpl.mp4,0.9360933303833008
hxorjqfecw.mp4,0.1706000119447708
hxpkxzoseq.mp4,0.9464823603630066
hxqzlyumcg.mp4,0.7688114643096924
hxrckqklrs.mp4,0.8845825791358948
hxrduudydx.mp4,0.8587091565132141
hxrlyivxvh.mp4,0.8791651129722595
hxrruqinnh.mp4,0.8316836357116699
hxrzxtizic.mp4,0.7765827775001526
hxtnpcdaum.mp4,0.8557590246200562
hxuijnzfvw.mp4,0.667651355266571
hxutvmudyl.mp4,0.7713643908500671
hxvqvnqwwb.mp4,0.9288464188575745
hxwzblwhdi.mp4,0.5321478843688965
hxxcsuzjqx.mp4,0.9878756403923035
hxxjoiyqqv.mp4,0.13086414337158203
hxyhoufgrm.mp4,0.8174846768379211
hxywvspdgi.mp4,0.8850072026252747
hxzczdbibf.mp4,0.1110980361700058
hxzftbkedt.mp4,0.9864630103111267
hxzhvrhlfs.mp4,0.18663389980793
hyaabcnwum.mp4,0.9576189517974854
hyacxfznfc.mp4,0.9339781999588013
hyaicsqrnu.mp4,0.9295251965522766
hyalywahqn.mp4,0.9116905331611633
hyamgqummb.mp4,0.8387594819068909
hyaoeiownm.mp4,0.9166543483734131
hybbdegxvk.mp4,0.9049479961395264
hybjfytvwo.mp4,0.14461009204387665
hybocopfwt.mp4,0.08521860092878342
hycvcywqid.mp4,0.9515222907066345
hydytyakzr.mp4,0.9220592975616455
hyefliglvt.mp4,0.9657772183418274
hyeotskpuk.mp4,0.9328868389129639
hyesgtzimm.mp4,0.9147441387176514
hyfazmeacv.mp4,0.3627769947052002
hygximjjnw.mp4,0.9306548237800598
hyheeyffxt.mp4,0.825857937335968
hyihnzrlex.mp4,0.7996468544006348
hyiigyjbmd.mp4,0.5966627597808838
hyizhsdahl.mp4,0.05499907210469246
hyjbsteleq.mp4,0.9739581942558289
hykhlwchzt.mp4,0.7119446992874146
hykoiqkbcv.mp4,0.18761880695819855
hykupxvaxj.mp4,0.964531660079956
hykwehvlji.mp4,0.9267032742500305
hylhabqxpy.mp4,0.059680450707674026
hylimfhykk.mp4,0.9222785830497742
hylmyxkwlh.mp4,0.861843466758728
hylvpzoqpn.mp4,0.6479438543319702
hylzxlfyus.mp4,0.1725640594959259
hymwuaomiw.mp4,0.2708040177822113
hynagulpwz.mp4,0.9360412955284119
hyqhqaosfl.mp4,0.10513179749250412
hyqnbsrinc.mp4,0.7863044142723083
hyqomxgzrg.mp4,0.955276370048523
hyqpaqnmpv.mp4,0.9609030485153198
hyqxxshotc.mp4,0.05879901722073555
hyrfzhhgre.mp4,0.633960485458374
hyrhddtayk.mp4,0.07849589735269547
hyrufbafyc.mp4,0.8828859329223633
hyrugmqhbc.mp4,0.3696807026863098
hysmzkqsdl.mp4,0.061903536319732666
hytcfohlkv.mp4,0.36550989747047424
hytdcdixlv.mp4,0.9361015558242798
hytkciqjko.mp4,0.2977909445762634
hytzleqzdw.mp4,0.8878215551376343
hyukhkwhtn.mp4,0.7074270248413086
hyvdtasvvc.mp4,0.9059171080589294
hyxbgxnsvz.mp4,0.10212257504463196
hyxfugmowu.mp4,0.7616062760353088
hyxwqqhbtb.mp4,0.5449398756027222
hyylxcyelg.mp4,0.04318607598543167
hyzoxkmcdr.mp4,0.9135574698448181
hzacynzkcu.mp4,0.884436845779419
hzblrhnitq.mp4,0.2837330102920532
hzbuabrbvf.mp4,0.2042846381664276
hzbydejarq.mp4,0.8291741013526917
hzddssvylu.mp4,0.9425663352012634
hzdkasgymo.mp4,0.8634055852890015
hzeqgckwyg.mp4,0.8386020660400391
hzessrlmik.mp4,0.21721100807189941
hzfymkaibp.mp4,0.655173122882843
hzgtrzyuld.mp4,0.9802581071853638
hzhpfomgqf.mp4,0.6540848612785339
hzhpkfynsu.mp4,0.842357873916626
hzhqjbrmui.mp4,0.8998124599456787
hzhqwtkwwq.mp4,0.9147418737411499
hzhuilctfp.mp4,0.7533313632011414
hzhwgieazk.mp4,0.969348132610321
hzicugvreh.mp4,0.687822163105011
hzinugqapj.mp4,0.7651394605636597
hzizltbggv.mp4,0.8710980415344238
hzjmslmkue.mp4,0.9026559591293335
hzjoljnatn.mp4,0.6787338256835938
hzjunvkstz.mp4,0.9455792307853699
hzkpyvitkj.mp4,0.9731603860855103
hzkxlsfxbk.mp4,0.03224746882915497
hzlitwzkhf.mp4,0.7385253310203552
hzmellkdvz.mp4,0.9058729410171509
hzmhezkxsf.mp4,0.8551818132400513
hznaljgdzc.mp4,0.11895903944969177
hznmrjbckp.mp4,0.8866750001907349
hznsgfmfvj.mp4,0.8462978601455688
hzogjayovj.mp4,0.09378255903720856
hzohyyrfdj.mp4,0.9647505879402161
hzoyngiaoz.mp4,0.5464090704917908
hzpezehigs.mp4,0.7130407094955444
hzpjegobrw.mp4,0.9656521081924438
hzrlcndrek.mp4,0.5110846161842346
hzsparxotj.mp4,0.9249667525291443
hzssesksot.mp4,0.4536469876766205
hzuyakazoo.mp4,0.2427770048379898
hzvfnkeuhu.mp4,0.9394341111183167
hzvsjhvepm.mp4,0.7755663394927979
hzvtmmdbpv.mp4,0.21657098829746246
hzwhewelss.mp4,0.9503538608551025
hzxwksyuxx.mp4,0.9086156487464905
hzxzeuuwac.mp4,0.44362717866897583
iaaecuquha.mp4,0.42654454708099365
iaasdaamvq.mp4,0.9726318717002869
iaawixugwg.mp4,0.7596209645271301
iabrckrzzb.mp4,0.8606373071670532
iackjaqvnz.mp4,0.9280961155891418
iadglutuip.mp4,0.9442830681800842
iadhtmfonc.mp4,0.837740957736969
iaeoilngdv.mp4,0.8292559385299683
iaephhhsbp.mp4,0.18750892579555511
iaffxzbsat.mp4,0.07226523756980896
iafpekejto.mp4,0.2940608859062195
iaggyguueu.mp4,0.4217980206012726
iagsuyrhfv.mp4,0.9827203750610352
iagtuzbrax.mp4,0.8743728399276733
iahqztseln.mp4,0.2796127200126648
iahumkrqom.mp4,0.9226325750350952
iahzcxmuck.mp4,0.1665474772453308
iaiyrdizoh.mp4,0.6893459558486938
iajblozgtx.mp4,0.8938831686973572
iakkfkedts.mp4,0.05816428363323212
iaklhigjuj.mp4,0.9364432692527771
iaknaxuuhv.mp4,0.9635968208312988
iakovzidoj.mp4,0.47787711024284363
iakzgqqova.mp4,0.22565677762031555
ialahsnskn.mp4,0.5078456401824951
ialifkmkeh.mp4,0.6350495219230652
ianegceftx.mp4,0.6389250755310059
ianhunltdj.mp4,0.9460381269454956
ianyazeqng.mp4,0.813305675983429
iaocprcxtx.mp4,0.800464928150177
iapkqojtfb.mp4,0.9090558886528015
iapmgvknfw.mp4,0.8971657752990723
iapyznpzgw.mp4,0.31630033254623413
iaqjkrucsa.mp4,0.9177490472793579
iargdxuhac.mp4,0.2507082521915436
iarhtpfnbt.mp4,0.8206502199172974
iarkkhmyta.mp4,0.07842794060707092
iarowhjwvl.mp4,0.10745157301425934
iaroxkofsz.mp4,0.9713683128356934
iasfjbowcb.mp4,0.32190853357315063
iasfksuaeb.mp4,0.9506105780601501
iasqxzcofm.mp4,0.9896497130393982
iatevqworc.mp4,0.9009929895401001
iathiiapiz.mp4,0.9894237518310547
iauytvnhuf.mp4,0.7302242517471313
iavkdhtxku.mp4,0.9339395761489868
iavrplwusj.mp4,0.5949183702468872
iaxpznfgmx.mp4,0.9483689665794373
iayalzmyvk.mp4,0.7132554650306702
iazfgosbgc.mp4,0.8672165870666504
iazktilafz.mp4,0.8867941498756409
ibbcanpfpz.mp4,0.6111006736755371
ibcoeemozu.mp4,0.1043529361486435
ibcqtraqym.mp4,0.9896152019500732
ibcrkohdrk.mp4,0.9233264923095703
ibcwqvjymz.mp4,0.8705305457115173
ibcxjvamtn.mp4,0.7886478900909424
ibdaotbwap.mp4,0.9015401601791382
ibdcakioxs.mp4,0.9008324146270752
ibdjhlazgn.mp4,0.07867985963821411
ibdnlvrnvu.mp4,0.8562968969345093
ibebxwclro.mp4,0.06758547574281693
ibeqsemwnq.mp4,0.9773533940315247
ibgmhjenxr.mp4,0.4399092197418213
ibgocbdxva.mp4,0.9563323855400085
ibgylexamz.mp4,0.22437752783298492
ibhfdqywst.mp4,0.9606804847717285
ibhhifhsba.mp4,0.9694415330886841
ibhodehdzb.mp4,0.8843178153038025
ibhrbcboav.mp4,0.5935670733451843
ibjkcuwfby.mp4,0.5880352258682251
ibjkzbpqhd.mp4,0.9791461825370789
ibjnrzfngk.mp4,0.9065658450126648
ibjqcwchjo.mp4,0.9043288826942444
ibjwnqjulv.mp4,0.1491265445947647
ibkcnqqixc.mp4,0.06625080108642578
ibketgjuop.mp4,0.9225587844848633
ibksoedegv.mp4,0.09227271378040314
iblfjaagwo.mp4,0.9190768003463745
iblofvipyk.mp4,0.9584119915962219
iblqxqdpfr.mp4,0.8469952940940857
iblrdnkcny.mp4,0.12915456295013428
iboqzcaknp.mp4,0.0861838161945343
iboykxeyiq.mp4,0.7783961296081543
ibpkhvbton.mp4,0.7988802194595337
ibpmaawlyo.mp4,0.9490294456481934
ibqoxklbrh.mp4,0.10482282936573029
ibrdkgckhc.mp4,0.09916172921657562
ibryrelmff.mp4,0.8815914392471313
ibsjfqtooa.mp4,0.9439244270324707
ibtbfelplt.mp4,0.9310537576675415
ibumwtxpsd.mp4,0.9628893136978149
ibusijathj.mp4,0.17890842258930206
ibvgqmxwiz.mp4,0.7557922601699829
ibvouhuzak.mp4,0.05239851400256157
ibvyapyort.mp4,0.08489594608545303
ibwpmofvsr.mp4,0.12702374160289764
ibwttyoraj.mp4,0.6819978356361389
ibxaeqkkkf.mp4,0.5868601202964783
ibxesqtwof.mp4,0.15068265795707703
ibxjbinwhk.mp4,0.06570569425821304
ibxmhkmxpx.mp4,0.8346832990646362
ibxroxfckg.mp4,0.9724642634391785
ibxyizjjut.mp4,0.1028251126408577
ibxzhlqijg.mp4,0.9113317131996155
ibylnpjwsj.mp4,0.501173734664917
ibyvsdbywn.mp4,0.43902716040611267
ibzgacltls.mp4,0.9716275930404663
ibzihaeowg.mp4,0.8730039596557617
icbggbmffh.mp4,0.9073903560638428
icbzbcwlgf.mp4,0.05595804750919342
icctbkjedq.mp4,0.9025740623474121
icdmwvicft.mp4,0.8154934644699097
icdpbucptd.mp4,0.1542852520942688
icdurrnilp.mp4,0.15048746764659882
icdzrrflaj.mp4,0.4198578894138336
icexgxjsbx.mp4,0.9353954792022705
icfgdgdzzu.mp4,0.8526960611343384
icfhrsjvcf.mp4,0.7016931176185608
icflgdqzzp.mp4,0.7802656888961792
icfyibcstp.mp4,0.9124744534492493
icgapcxria.mp4,0.8878005743026733
icgiegvinq.mp4,0.9307152628898621
icgrbktjov.mp4,0.8623433113098145
icgwvijfsj.mp4,0.8665492534637451
ichbahfgrd.mp4,0.9054630398750305
ichbbqrzzf.mp4,0.9124447703361511
icihmyxnps.mp4,0.8849272727966309
iciucnxpfs.mp4,0.936371386051178
iciwnqedvi.mp4,0.9472569227218628
icjdgqaegf.mp4,0.6385162472724915
icjguyixom.mp4,0.8688665628433228
ickaowvree.mp4,0.9707787036895752
ickokxqfnq.mp4,0.9394185543060303
icleltrgvr.mp4,0.8611352443695068
icletkvmhy.mp4,0.5558968186378479
iclvcqwdte.mp4,0.9680389761924744
icnsjvyovf.mp4,0.9779574275016785
icnxlpkqck.mp4,0.9322675466537476
icogfaodkh.mp4,0.6993988752365112
icoqtpzktv.mp4,0.8483937382698059
icovknaajw.mp4,0.9690631031990051
icpriujqbv.mp4,0.06444744020700455
icqmqztbry.mp4,0.1065208688378334
icqveacfdo.mp4,0.9163996577262878
icqvlexdsf.mp4,0.0917077586054802
icrgmcvxwy.mp4,0.8866655230522156
icrvorrnel.mp4,0.8840180039405823
icsdvfdvix.mp4,0.7576133012771606
icsyoswwvq.mp4,0.5993117094039917
ictiftibcz.mp4,0.908578634262085
ictrscipdx.mp4,0.9080877900123596
ictsrbvpyw.mp4,0.10196931660175323
ictulnhznj.mp4,0.8644046783447266
icuolbvyqu.mp4,0.9019913673400879
icwciqzrid.mp4,0.9506563544273376
icwqxqfmqt.mp4,0.8418371081352234
icwvmmmlpy.mp4,0.5677490830421448
icwzexprfv.mp4,0.8857212662696838
icxhnmftoq.mp4,0.9578455090522766
icxllszfib.mp4,0.9167682528495789
icynhabozg.mp4,0.790767252445221
icyttnhbcb.mp4,0.48576757311820984
iczglouguh.mp4,0.2041654884815216
icziwndesh.mp4,0.9612571001052856
iczlgqaqpg.mp4,0.5912337303161621
idarvroilu.mp4,0.9606654047966003
idawtjiblc.mp4,0.8128764033317566
idbhrszccl.mp4,0.7517733573913574
idblbloesr.mp4,0.8578727841377258
idbrvettfr.mp4,0.9063957929611206
idbvfynrkg.mp4,0.9469438791275024
idbyqyjxer.mp4,0.9509074687957764
idclldpxxv.mp4,0.9703615307807922
idcxezkhbt.mp4,0.7015466094017029
idczrxmicy.mp4,0.896438479423523
iddcpvsvnq.mp4,0.7492831349372864
iddusvxjjk.mp4,0.9004348516464233
ideirgtvwo.mp4,0.9182872176170349
idelcgqdok.mp4,0.8362456560134888
idffgkfuuu.mp4,0.8232365846633911
idgviegmai.mp4,0.9546259641647339
idhbtlqlax.mp4,0.6332128643989563
idhqpwmptv.mp4,0.7282754778862
idhucumgad.mp4,0.9278467297554016
idhxsxrljg.mp4,0.6525342464447021
idifdkemcz.mp4,0.40306469798088074
idjaubvnms.mp4,0.6444041728973389
idkctowzoy.mp4,0.9224322438240051
idkhtendeo.mp4,0.9490551948547363
idklchvhxp.mp4,0.05585838854312897
idklujzcjs.mp4,0.17741593718528748
idkypjamom.mp4,0.08804422616958618
idmpttjjmt.mp4,0.9319338798522949
idnbymuzkb.mp4,0.9425608515739441
idndashdrs.mp4,0.888448178768158
idnrnqaocs.mp4,0.8012542128562927
idpnmsyoio.mp4,0.884075403213501
idpqahuphg.mp4,0.8789045214653015
idpryxethg.mp4,0.8851754069328308
idpyzjmfvr.mp4,0.9579213261604309
idqfpxmkbz.mp4,0.9309870004653931
idqgctgfgm.mp4,0.8678637146949768
idqmbfhtod.mp4,0.8829375505447388
idrfcnqkmy.mp4,0.9323749542236328
idrywygpod.mp4,0.910777747631073
idsrgxzhuj.mp4,0.8796188831329346
idswtwyaat.mp4,0.09262390434741974
idtfzwduqc.mp4,0.15206986665725708
idthtttdin.mp4,0.9056747555732727
idtjidropp.mp4,0.9451228380203247
idumxqtpaq.mp4,0.9558475613594055
idvckqxhku.mp4,0.8577519655227661
idvupxipcj.mp4,0.23941311240196228
idwhtnofel.mp4,0.09927843511104584
idwymigirr.mp4,0.9422430992126465
idwzwpxlhh.mp4,0.78014075756073
idxzijbhuc.mp4,0.9367753863334656
idyaoorqlq.mp4,0.11911097913980484
idyeuzauml.mp4,0.7758586406707764
idymraczvi.mp4,0.9633195996284485
idytgtwoyw.mp4,0.961242139339447
idznoeuphj.mp4,0.9880498051643372
ieahdkebjr.mp4,0.8781955242156982
ieahgrikbf.mp4,0.9554247260093689
ieammjzuzr.mp4,0.9255130887031555
ieazyslhjp.mp4,0.6880777478218079
ieblmcegmk.mp4,0.8776790499687195
iebmggvffj.mp4,0.9230415225028992
iedayonitd.mp4,0.6855876445770264
iedoxqgjib.mp4,0.9069417119026184
ieespskvba.mp4,0.8973438143730164
ieetcpdorf.mp4,0.9177756309509277
iefejwjgxv.mp4,0.889156699180603
ieffklubvw.mp4,0.9798593521118164
iefmojjwhd.mp4,0.04327782616019249
iefyuoxhji.mp4,0.048374567180871964
iegajauwmj.mp4,0.9506202340126038
ieghrgrzcg.mp4,0.9329320788383484
iegunvihwt.mp4,0.3701414465904236
ieijedcdgu.mp4,0.8271865248680115
ieiyrvycnc.mp4,0.5980451703071594
iejsjlmsbf.mp4,0.8012839555740356
iejtesnfvm.mp4,0.9089815616607666
iekjkjksds.mp4,0.8421661853790283
iekkobafvz.mp4,0.4942890703678131
iekpcgggfb.mp4,0.9742653965950012
ieljnverzu.mp4,0.9335737228393555
iellyzphms.mp4,0.8912163972854614
ielpecwrvy.mp4,0.9047576189041138
iencorrqjy.mp4,0.2082984745502472
ieniyhcxoj.mp4,0.5489552021026611
ienzfrlnku.mp4,0.15766765177249908
ieoardezfz.mp4,0.9374836087226868
ieoervpooz.mp4,0.05841983109712601
ieojkfxvfb.mp4,0.924145519733429
iepfpszzex.mp4,0.3518373370170593
iepiicsldm.mp4,0.7530463933944702
ieplvzbyvl.mp4,0.8611559867858887
ieqilqdtny.mp4,0.9407190084457397
ieqqabcgry.mp4,0.8156288266181946
ieqrzhbkfi.mp4,0.6811625361442566
ieqsmnbncd.mp4,0.9784415364265442
ieqtuasijl.mp4,0.26429229974746704
ieqvxyxqaf.mp4,0.9632931351661682
ierdtqxaqx.mp4,0.9519829154014587
ierqhmpksk.mp4,0.9163467884063721
ierqmjhgkw.mp4,0.8816502094268799
iesftahqon.mp4,0.8527718186378479
iesgtcmomr.mp4,0.8894272446632385
iesqelxvxo.mp4,0.8321081399917603
ietaguzsww.mp4,0.15182161331176758
ietmndyxyc.mp4,0.8007398247718811
ieushlhwpk.mp4,0.9235613942146301
ievevzdypl.mp4,0.5643869042396545
ievjqsivjx.mp4,0.11396729201078415
iewanjcqyo.mp4,0.9401546120643616
iewggzdtmd.mp4,0.06378494203090668
iewhuybkzt.mp4,0.9750766158103943
iewlnbyxcr.mp4,0.8527674674987793
iewnksavpn.mp4,0.920201301574707
iewubyuawz.mp4,0.9583551287651062
ieyaeossbx.mp4,0.9239692091941833
ieybduadtn.mp4,0.96100914478302
ieysmiicva.mp4,0.8743847012519836
ifbftteujv.mp4,0.06242683157324791
ifbmgslpux.mp4,0.8449878096580505
ifbnqnateq.mp4,0.9104966521263123
ifcvgledqx.mp4,0.8625194430351257
ifdiyylyow.mp4,0.8396125435829163
ifdpnvioqy.mp4,0.922576367855072
ifdrempraq.mp4,0.7158933281898499
ifdxdslmat.mp4,0.08875288814306259
ifdycojmja.mp4,0.054656002670526505
ifdzmbmabw.mp4,0.9725157022476196
ifeiovrcyz.mp4,0.13778099417686462
ifetxjrqft.mp4,0.9058037996292114
iffowzafje.mp4,0.961397111415863
ifggshtynd.mp4,0.9835320711135864
ifhkiyyjtc.mp4,0.9016805291175842
ifhlmoycii.mp4,0.8273923397064209
ifiabzpicn.mp4,0.6910743713378906
ifiidnukqv.mp4,0.49698811769485474
ifipnaujoy.mp4,0.9009661674499512
ifjsiierar.mp4,0.7032293081283569
ifjxjinmwm.mp4,0.8806250095367432
ifkgrayoeg.mp4,0.5340359210968018
ifksnroxss.mp4,0.9199797511100769
iflpspqqjz.mp4,0.8729059100151062
ifmengvgvb.mp4,0.6662655472755432
ifncshryta.mp4,0.9844171404838562
ifnsbiqfdf.mp4,0.9092940092086792
ifoesojzgd.mp4,0.8687375783920288
ifougnqcfr.mp4,0.9686261415481567
ifpnkdloos.mp4,0.6778559684753418
ifpqeojocz.mp4,0.9327834844589233
ifpqwaqwfe.mp4,0.8922441601753235
ifqnnxzpry.mp4,0.5845046043395996
ifquukmxxm.mp4,0.06033129617571831
ifrgshsycv.mp4,0.895859956741333
ifrxcbqamt.mp4,0.44339117407798767
ifsqlqkvvg.mp4,0.8703408241271973
ifsukcvnch.mp4,0.8643274903297424
iftayphwhc.mp4,0.9040278196334839
ifthrazggb.mp4,0.9442314505577087
iftqakgrmy.mp4,0.7721242308616638
iftscryovw.mp4,0.7651985287666321
ifubyoaifk.mp4,0.030880920588970184
ifvypkuwuk.mp4,0.06817486137151718
ifwhspkofn.mp4,0.9842711091041565
ifxaojtzqg.mp4,0.0328332781791687
ifypxgoczv.mp4,0.8829365372657776
igaobtaeuk.mp4,0.11575992405414581
igbhevulbb.mp4,0.9571312665939331
igbnijdvai.mp4,0.9572763442993164
igbvqmetfq.mp4,0.8706600666046143
igbxxjlcsp.mp4,0.9347407221794128
igbyejqxve.mp4,0.9289025664329529
igbypcqmah.mp4,0.8499003052711487
igcpecxbxu.mp4,0.9119049310684204
igcqzxjezw.mp4,0.2523743212223053
igedkulsvc.mp4,0.7132120728492737
igekiersqy.mp4,0.9389190673828125
iggaslwzex.mp4,0.7516102194786072
iggojuqqng.mp4,0.9803422689437866
igguzxdchx.mp4,0.9266635775566101
iggzpvhqpl.mp4,0.6985639929771423
igicvxhpvq.mp4,0.1997520923614502
igigqwkkkj.mp4,0.7989562153816223
igiqjkzwbj.mp4,0.09686750173568726
igkhzfxvlv.mp4,0.8847278952598572
igloenuzfl.mp4,0.8876261711120605
igndyvsvjz.mp4,0.9334067702293396
ignjgucwqo.mp4,0.06736183911561966
ignnnnpang.mp4,0.1309501826763153
ignosnyrgj.mp4,0.8978342413902283
igoscayqzz.mp4,0.8804465532302856
igouepvsij.mp4,0.9530553817749023
igpgpxsxfi.mp4,0.9360284805297852
igpqypvhtg.mp4,0.919432520866394
igpuctdnhm.mp4,0.9545302987098694
igsqiwufse.mp4,0.0665636733174324
igszgtyaou.mp4,0.8557747602462769
igtgmuljlt.mp4,0.8568323254585266
igtwtegocc.mp4,0.8773624897003174
igublytzpc.mp4,0.8724028468132019
igukuxrfcz.mp4,0.9413020014762878
igvhwcjqqi.mp4,0.7873096466064453
igvtidvimh.mp4,0.8464932441711426
igwekiidbq.mp4,0.947356641292572
igwkzixatk.mp4,0.8823934197425842
igwuwvvjkv.mp4,0.9471129775047302
igwyftdshr.mp4,0.6864230632781982
igxcdfatrf.mp4,0.8150246739387512
igxhynhfsr.mp4,0.07803211361169815
igydssgspa.mp4,0.17109055817127228
igyligfzip.mp4,0.6136977076530457
ihaenwsjeg.mp4,0.9406431317329407
ihahebszkv.mp4,0.9677047729492188
ihaqcaeveo.mp4,0.9588284492492676
ihazqithac.mp4,0.9041341543197632
ihbkkxqfue.mp4,0.9242842793464661
ihbtgqksjv.mp4,0.8727154731750488
ihceabkzlk.mp4,0.3802490532398224
ihcnyhddua.mp4,0.9000177979469299
ihcxgmbubo.mp4,0.8580831289291382
ihdgrfnndy.mp4,0.8949811458587646
ihdopxhysr.mp4,0.9434791207313538
ihdspfgwip.mp4,0.7057927846908569
ihflbuvazj.mp4,0.9380003213882446
ihgiilzahj.mp4,0.8277135491371155
ihgkxfqczm.mp4,0.16550949215888977
ihgvbkognw.mp4,0.38724908232688904
ihhaaurrmn.mp4,0.6401035785675049
ihhgledxgx.mp4,0.9459376931190491
ihhwpdsrvf.mp4,0.9889261722564697
ihjiysecxt.mp4,0.11572546511888504
ihjtihwars.mp4,0.053043629974126816
ihkcjetbrc.mp4,0.06719731539487839
ihkenvytso.mp4,0.8149823546409607
ihknrbxosz.mp4,0.4957024157047272
ihlwqfxdwa.mp4,0.8503824472427368
ihlwuzlhii.mp4,0.9666375517845154
ihmmwjfyqf.mp4,0.9275110960006714
ihmwekcjlb.mp4,0.9046080708503723
ihnelbxnxa.mp4,0.758607029914856
ihnjwwvpbz.mp4,0.26084449887275696
ihnmbvgfqn.mp4,0.9627427458763123
ihocczjmdk.mp4,0.9082137942314148
ihohnncinv.mp4,0.8808285593986511
ihrdbdpbes.mp4,0.9024947285652161
ihshihvwkk.mp4,0.7493195533752441
ihsjupntno.mp4,0.8622915148735046
ihsokbmjbc.mp4,0.9146876931190491
ihstncrcwa.mp4,0.9076639413833618
ihszkmcwvw.mp4,0.06934764981269836
ihtsucyrjz.mp4,0.939396321773529
ihtzbryflc.mp4,0.7554050087928772
ihubnfhyuw.mp4,0.9068640470504761
ihugfangyt.mp4,0.22953782975673676
ihwgpktjiq.mp4,0.9184803366661072
ihxgskwgvn.mp4,0.9284868240356445
ihzrsqmrxi.mp4,0.1420481652021408
iiawmjvzsd.mp4,0.9338344931602478
iibdamwadw.mp4,0.06300656497478485
iibfhdltcd.mp4,0.8342371582984924
iibolawmoq.mp4,0.7659511566162109
iichbiatyw.mp4,0.8586439490318298
iicreugtei.mp4,0.9382314682006836
iicsvrikit.mp4,0.8789657950401306
iidbhoxlpr.mp4,0.0612051747739315
iidoeyujak.mp4,0.898614227771759
iidsevbnrs.mp4,0.21264784038066864
iidspecvyy.mp4,0.9040950536727905
iidxfdoplp.mp4,0.6987088918685913
iiefdnlzps.mp4,0.9644777774810791
iiesesoyxp.mp4,0.9274784326553345
iifumipimm.mp4,0.8842828273773193
iigcoabzxw.mp4,0.9137874841690063
iiggbgfpsz.mp4,0.9342097640037537
iihqpphuyy.mp4,0.8525036573410034
iihsdrajtc.mp4,0.5690600275993347
iiiycdclun.mp4,0.9469102621078491
iiiylmxggs.mp4,0.7417700886726379
iijyezwuua.mp4,0.06651797890663147
iijypkhgyw.mp4,0.765815794467926
iikdjnrllm.mp4,0.580357015132904
iilenvtqqu.mp4,0.6582363843917847
iilormraws.mp4,0.7986320853233337
iilvxqnapt.mp4,0.8208319544792175
iilxfvdyrq.mp4,0.8808791041374207
iilzyabbzl.mp4,0.9536658525466919
iinevbpmcf.mp4,0.6580771803855896
iioiaeqxcj.mp4,0.9341632127761841
iipgclzryu.mp4,0.976168692111969
iipnaebawa.mp4,0.9478335976600647
iipnhxfxmp.mp4,0.8896467685699463
iitkiiwmyx.mp4,0.9013173580169678
iiubmqamod.mp4,0.9309786558151245
iiuxgysiec.mp4,0.5612179040908813
iivadqebol.mp4,0.9108114242553711
iivpdtsjfc.mp4,0.805048942565918
iivrgiqnjk.mp4,0.29057684540748596
iivwdmxdjd.mp4,0.1491950899362564
iivwkmoazr.mp4,0.8800252676010132
iiwffwiyrg.mp4,0.8804314136505127
iiwilssrhb.mp4,0.12699660658836365
iixmhsmehf.mp4,0.7417222857475281
iiyfpjuqaf.mp4,0.7856595516204834
iizdcloziq.mp4,0.8633700013160706
iizsrcugyd.mp4,0.8926599621772766
ijatjjgjhr.mp4,0.2961690425872803
ijbbtmsgoj.mp4,0.8932687640190125
ijblnijmpp.mp4,0.8705930113792419
ijbtvhvhra.mp4,0.8970906734466553
ijchkulser.mp4,0.8593692183494568
ijcnfssqqj.mp4,0.8739394545555115
ijdwrjrzme.mp4,0.9273552894592285
ijdydipjws.mp4,0.971959114074707
ijecctqkpp.mp4,0.8090331554412842
ijecyudlvs.mp4,0.9312668442726135
ijeocdiijx.mp4,0.8617943525314331
ijeqomctsa.mp4,0.13882653415203094
ijgborufon.mp4,0.9560853838920593
ijgmcbwkjy.mp4,0.9410306215286255
ijgnftkova.mp4,0.8551337718963623
ijgzafdtqj.mp4,0.918285071849823
ijiubvcsfk.mp4,0.9387255311012268
ijjnmqocav.mp4,0.9113439321517944
ijjxgqmbfv.mp4,0.07226839661598206
ijjybatadp.mp4,0.8724991679191589
ijkswoield.mp4,0.11299144476652145
ijkwihnmld.mp4,0.2860037088394165
ijlaqnxjxt.mp4,0.951084554195404
ijlmzpbxth.mp4,0.9533542394638062
ijnkazaysb.mp4,0.9842995405197144
ijnlvfbgww.mp4,0.8541293144226074
ijoflemgjq.mp4,0.9699366688728333
ijolohlrbz.mp4,0.9551989436149597
ijpcelqdco.mp4,0.880029559135437
ijphkwnzba.mp4,0.8048759698867798
ijpnvvtakw.mp4,0.06799932569265366
ijpxswghyk.mp4,0.9681898951530457
ijqpebqhwk.mp4,0.9356687068939209
ijqrvbpesp.mp4,0.7767794728279114
ijqvofcxuj.mp4,0.7839756011962891
ijqxtqvteg.mp4,0.884975016117096
ijrcsnykcm.mp4,0.851786732673645
ijsldsuegi.mp4,0.7466121912002563
ijspqwgovc.mp4,0.427699476480484
ijsuhngezc.mp4,0.7934463024139404
ijttkzkvrk.mp4,0.8883771896362305
ijuhwltjyu.mp4,0.9645230174064636
ijupxdmyah.mp4,0.8480139374732971
ijvicicjwi.mp4,0.7483958601951599
ijvlxcfbhg.mp4,0.9682106375694275
ijvrruppbz.mp4,0.9427225589752197
ijvwgmpoiy.mp4,0.9490533471107483
ijwmhwupga.mp4,0.9791443943977356
ijxbyfwxse.mp4,0.32191070914268494
ijxlgqqryi.mp4,0.22915785014629364
ijxoweqtxd.mp4,0.7866179347038269
ijzbqfymei.mp4,0.510958731174469
ijzokipecn.mp4,0.9422118663787842
ikacknizqm.mp4,0.9200130105018616
ikavesminb.mp4,0.9489935636520386
ikcfxjwycf.mp4,0.9838224053382874
ikchbvrynn.mp4,0.750250518321991
ikchunmihb.mp4,0.9544463157653809
ikcpaaosur.mp4,0.9447758793830872
ikebomnsiq.mp4,0.06677471101284027
ikezifzakr.mp4,0.743019163608551
ikfugyrtps.mp4,0.9001230597496033
ikfukzmrfb.mp4,0.8697773814201355
ikgilgckkh.mp4,0.8272565603256226
ikgrgrxlvd.mp4,0.9179844260215759
ikgxqbhmlv.mp4,0.9012251496315002
ikgzvuuznw.mp4,0.39073771238327026
ikipwnlsnz.mp4,0.5613127946853638
ikjnhwvtjb.mp4,0.9366843700408936
ikkhswmbmy.mp4,0.9745041728019714
ikkpygqiej.mp4,0.9658341407775879
ikmsdmynbf.mp4,0.15578319132328033
iknaoncdob.mp4,0.838258683681488
ikndrsefac.mp4,0.043116096407175064
iknfqmugud.mp4,0.8955095410346985
ikoqjcdupk.mp4,0.07855860143899918
ikosynolad.mp4,0.947927713394165
ikqbzrbwqh.mp4,0.9795607328414917
ikqkuyagbl.mp4,0.9556379914283752
ikschsvken.mp4,0.8331902623176575
iksdzvxrny.mp4,0.47648146748542786
iksntpazti.mp4,0.3414444923400879
iktrajicum.mp4,0.7981297969818115
ikuebqamni.mp4,0.7811288237571716
ikwlskwwyf.mp4,0.9174073338508606
ikxhnaekof.mp4,0.8864519000053406
ikyetixxef.mp4,0.9285202622413635
iladqczmtm.mp4,0.5491124987602234
ilbzdmwnuv.mp4,0.5511752963066101
ilcewfduax.mp4,0.4019392132759094
ilcsznbvvu.mp4,0.954378068447113
ildnnpsayt.mp4,0.8643598556518555
ilefzzpsik.mp4,0.8624820709228516
ilfrynyhef.mp4,0.7475941181182861
ilhnupngyk.mp4,0.9111378788948059
ilijyjnnde.mp4,0.05972153693437576
iliwmonzgd.mp4,0.5120135545730591
iljdwnyteo.mp4,0.9264005422592163
iljvsojzzv.mp4,0.9559746384620667
iljxxtnxnb.mp4,0.8999579548835754
ilkbvphctp.mp4,0.09470284730195999
ilkhtkopoq.mp4,0.033532630652189255
ilkuxqamua.mp4,0.8537877202033997
illjeenptm.mp4,0.6833179593086243
ilmqjfferi.mp4,0.8863987922668457
ilnsunnigz.mp4,0.6420584917068481
iloepwbylm.mp4,0.8289257884025574
ilowgdacjj.mp4,0.7638736367225647
iloxmuwjpn.mp4,0.9181416630744934
ilrqvcmvno.mp4,0.9514948725700378
ilrvlrlkzu.mp4,0.9553957581520081
ilthkuqkih.mp4,0.9853011965751648
iluetsnbln.mp4,0.9812852740287781
ilutuvrivm.mp4,0.10153189301490784
ilvcghrcpt.mp4,0.8351462483406067
ilvnosnbxx.mp4,0.949854850769043
ilvrzgvmhk.mp4,0.7824025750160217
ilwecgcnwg.mp4,0.823415219783783
ilwwucmcze.mp4,0.16316954791545868
ilwxdcdstv.mp4,0.9657216668128967
ilxlssjsrw.mp4,0.3381614089012146
ilxmktuups.mp4,0.7173475623130798
ilxszbrras.mp4,0.9221895933151245
ilxyhurnfu.mp4,0.8656495213508606
ilyytexbev.mp4,0.0755000114440918
ilzhgraxpl.mp4,0.049148619174957275
imasufvwky.mp4,0.8471701145172119
imbitycmfj.mp4,0.029457880184054375
imcctslcgz.mp4,0.9629852175712585
imcmewblak.mp4,0.7815302014350891
imehwufcox.mp4,0.9434385299682617
imekboagmn.mp4,0.9796387553215027
imfatmxgxk.mp4,0.9094902276992798
imgnvcjijv.mp4,0.8813032507896423
imicatmqrf.mp4,0.10983776301145554
imijeuifwl.mp4,0.982371985912323
imitqivtlf.mp4,0.950421929359436
imiwzsamzz.mp4,0.9139441251754761
imjkqycpxy.mp4,0.7832992672920227
imjvwheucs.mp4,0.6038941144943237
imkrswmxeg.mp4,0.8897990584373474
imkrunyvib.mp4,0.9616014957427979
immfucqwhc.mp4,0.8805879950523376
immhqqjbug.mp4,0.4503411650657654
immsyyzjjq.mp4,0.9149444103240967
imnhgitwer.mp4,0.14173880219459534
imnimaiuzj.mp4,0.8997523784637451
imnyrjolno.mp4,0.34867024421691895
imnzannmcr.mp4,0.11120622605085373
imrbxfrdoe.mp4,0.11592426151037216
imsacxixmv.mp4,0.06423118710517883
imsssnmbdh.mp4,0.9348528981208801
imtkdzkypf.mp4,0.1203034296631813
imtqhldxwh.mp4,0.30677106976509094
imuelslarq.mp4,0.9490733742713928
imunhfzepl.mp4,0.6316055655479431
imuxybwcaq.mp4,0.9412931203842163
imvkjcocgb.mp4,0.8905418515205383
imvljxvuta.mp4,0.8963235020637512
imwrhaxipv.mp4,0.9892926812171936
imwtonmaac.mp4,0.60367751121521
imwxooampn.mp4,0.616226315498352
imxclqmepu.mp4,0.2242787778377533
imzpiqvcnt.mp4,0.97934889793396
imzpztemle.mp4,0.09142445027828217
inaegnmolg.mp4,0.7322896122932434
inbbyulhvi.mp4,0.9399640560150146
inbkxxjlvs.mp4,0.1831279844045639
incavslche.mp4,0.8256202936172485
incntknemt.mp4,0.8678395748138428
incwjyqmnr.mp4,0.9264456033706665
indhegsbew.mp4,0.9181536436080933
indjhijlne.mp4,0.723477840423584
indoiqhinq.mp4,0.6632199287414551
indvfeemhp.mp4,0.9811497926712036
inelwzcgih.mp4,0.8575199246406555
inemzkdvkp.mp4,0.9336913824081421
ineolokmqv.mp4,0.5646233558654785
ineriwbkom.mp4,0.12837570905685425
inesnaprwm.mp4,0.9285624623298645
infqarzfqf.mp4,0.9803532958030701
ingtbpvean.mp4,0.8809816241264343
inhdjqusao.mp4,0.5527098178863525
inhhnmbumo.mp4,0.9631629586219788
inhobwkrgo.mp4,0.055703289806842804
inidddgtbx.mp4,0.9292228817939758
iniyhknsde.mp4,0.8523334264755249
injepvztjq.mp4,0.13833338022232056
injmftmbii.mp4,0.9446251392364502
injpbivosc.mp4,0.7533154487609863
inkvlhzprb.mp4,0.9715827703475952
inkxsksvfs.mp4,0.907208263874054
inlulnqgjf.mp4,0.6996726393699646
inlurljyft.mp4,0.9442771077156067
inmmctcqam.mp4,0.9595120549201965
inmqhfujch.mp4,0.07344917953014374
inmwakldeq.mp4,0.923497200012207
inneixkosf.mp4,0.0538056418299675
innfhbljwv.mp4,0.46585094928741455
innnxjnjzg.mp4,0.25420668721199036
inocfgtpyx.mp4,0.8780197501182556
inpyubrqgk.mp4,0.9135328531265259
inrodxmtmz.mp4,0.9637205004692078
insnamzdii.mp4,0.13166435062885284
inspmkixlc.mp4,0.8477174043655396
intdikbydt.mp4,0.9497814774513245
intjrgoddn.mp4,0.9251105189323425
intvelmsah.mp4,0.3426845967769623
inuntgvmfo.mp4,0.8124260306358337
invdiiotkx.mp4,0.02907262183725834
invgswjxql.mp4,0.7994133234024048
inwaznexiv.mp4,0.9897615909576416
inwvkwgbae.mp4,0.3888087570667267
inxdbjiqun.mp4,0.05554955080151558
inyghuvekb.mp4,0.9016792178153992
inyhiitiqt.mp4,0.0575723834335804
inyhmnubqq.mp4,0.17250528931617737
inyptqqeru.mp4,0.08449532091617584
inyzwblrvn.mp4,0.4775848984718323
inzgulrorj.mp4,0.180764839053154
inzlbdwkpz.mp4,0.9443323016166687
inzlvwlpks.mp4,0.7550309300422668
inzqoiwoae.mp4,0.25799819827079773
inztcghfvo.mp4,0.19968004524707794
ioafctqohg.mp4,0.9120461940765381
ioagaknzxx.mp4,0.9229987263679504
ioakowtmul.mp4,0.06298002600669861
ioawppxuxf.mp4,0.07356670498847961
iobexjisxq.mp4,0.912266731262207
iobnxqtkgg.mp4,0.7253283858299255
iobunwzuda.mp4,0.259733647108078
iobvxlnbwn.mp4,0.08552664518356323
iocecnmdzm.mp4,0.5147397518157959
ioconbamkx.mp4,0.9465599060058594
iocstgmnkp.mp4,0.2744778096675873
iodlnqsuzm.mp4,0.9448003172874451
iodvtuacfh.mp4,0.9124535322189331
ioephjampr.mp4,0.8357495665550232
iofnzcsfzb.mp4,0.32079729437828064
iogpvrelcc.mp4,0.838984489440918
iogrkojxwc.mp4,0.880085825920105
iogwwljjzs.mp4,0.65412837266922
iohdbhydzx.mp4,0.4549669325351715
ioibyufhmd.mp4,0.9613720774650574
ioiwzbafjy.mp4,0.9098303318023682
iojhndegmj.mp4,0.10972679406404495
iojrefzdlz.mp4,0.48319223523139954
iojwofhnwj.mp4,0.44783535599708557
iolhfuzywn.mp4,0.7238752245903015
iolxctpvjw.mp4,0.758919894695282
iolzdxcdlv.mp4,0.9528171420097351
iomeepgxuc.mp4,0.7771077752113342
iomhrpdypg.mp4,0.9097830653190613
iomixyprpe.mp4,0.8523834347724915
iomxmfsdim.mp4,0.04687212407588959
iondvzqjbe.mp4,0.138885036110878
ionjkxysgw.mp4,0.05926467850804329
ionmsllaxk.mp4,0.2752991020679474
iootzzehig.mp4,0.7841562628746033
iopaywxzcj.mp4,0.20350386202335358
iopprxmdrl.mp4,0.9210934042930603
iorflqhzwd.mp4,0.5975233316421509
iorhxrlbuy.mp4,0.8600173592567444
iorrylopzn.mp4,0.9899654388427734
iosfhlelkz.mp4,0.9405326843261719
iosljkpvnt.mp4,0.9321585297584534
iotljxkhvm.mp4,0.8605800867080688
iotwxkwswd.mp4,0.5157771706581116
ioujtlguyo.mp4,0.420005738735199
ioumwfvogk.mp4,0.9677574634552002
ioupchhadz.mp4,0.8805602192878723
iouptolpal.mp4,0.3923717737197876
iouymhtfaw.mp4,0.940898597240448
iovjcaptmz.mp4,0.061563946306705475
iovkjpgpva.mp4,0.9231665730476379
iowiznmnnd.mp4,0.9555195569992065
ioxkqfokjj.mp4,0.712017297744751
ioxvbxicwx.mp4,0.6965945363044739
ioyetmvwyk.mp4,0.9044551253318787
ioztkmjhbg.mp4,0.643099308013916
iozztujesd.mp4,0.708604633808136
ipaqrjidab.mp4,0.9012311100959778
ipbdzgqssd.mp4,0.0839545950293541
ipbyairara.mp4,0.49610188603401184
ipceevmvfn.mp4,0.9522404670715332
ipcosodfbo.mp4,0.9878535270690918
ipdbmwlfml.mp4,0.9483513236045837
ipdvhtudnz.mp4,0.8828610777854919
ipehaqtcgz.mp4,0.8766422271728516
ipemtttinh.mp4,0.9057362675666809
ipescrcxli.mp4,0.23965813219547272
ipfbkyfhlv.mp4,0.825570285320282
ipffiwpnpn.mp4,0.945171058177948
ipflfpnkmh.mp4,0.9236230850219727
ipfvrgbjrm.mp4,0.7219685316085815
iphmozjvef.mp4,0.371506005525589
iphspqugeu.mp4,0.8817031979560852
ipijpsawpc.mp4,0.06147044524550438
ipiqzekfkc.mp4,0.8922500610351562
ipisvmpxfd.mp4,0.04792621359229088
ipjfbgagrj.mp4,0.9513408541679382
ipjivmsrdi.mp4,0.6548043489456177
ipjmvcgdhw.mp4,0.9523669481277466
ipjvzjdfja.mp4,0.315201997756958
ipknjeuhyx.mp4,0.8854496479034424
ipkyxmxjiz.mp4,0.8236223459243774
ipmaldzjwp.mp4,0.6027858853340149
ipnuvehtbk.mp4,0.9198364019393921
ipnxcxbofs.mp4,0.6951091885566711
ipopeacpus.mp4,0.9482046365737915
ipouzwmwit.mp4,0.9250214099884033
ippfrlcmdo.mp4,0.9635616540908813
ipqistxtpz.mp4,0.8876253962516785
iprmrrxtle.mp4,0.05809684842824936
ipsqwydoob.mp4,0.8962038159370422
iptndwhwjz.mp4,0.465353786945343
ipudumrvde.mp4,0.42168134450912476
ipujpicjxw.mp4,0.16161121428012848
ipuniglqkv.mp4,0.465858519077301
ipuxlomcqk.mp4,0.5288183689117432
ipvtjixuqg.mp4,0.9758181571960449
ipvzfekfwu.mp4,0.17026180028915405
ipwgilocco.mp4,0.9358972907066345
ipwroeubye.mp4,0.8582202196121216
ipxsymswgp.mp4,0.8614733815193176
ipxvvnscml.mp4,0.6721694469451904
ipywaoscpa.mp4,0.6569782495498657
ipzntfgcbe.mp4,0.9830502867698669
ipzrldinfx.mp4,0.9247611165046692
ipzwmxtfrl.mp4,0.5219903588294983
iqapiwnsmu.mp4,0.889694333076477
iqbavyrfyl.mp4,0.03406750410795212
iqbrblvxvk.mp4,0.9313900470733643
iqcgvkabeg.mp4,0.9019054174423218
iqcrbrzzrn.mp4,0.9064462780952454
iqczmlmmzx.mp4,0.9501457810401917
iqczwyywit.mp4,0.46507635712623596
iqdxlygogh.mp4,0.136562779545784
iqeneddttw.mp4,0.6174731850624084
iqfsgocljr.mp4,0.8521352410316467
iqgfxqewgi.mp4,0.25805965065956116
iqgiirciwn.mp4,0.9175810217857361
iqgmjgjrsy.mp4,0.30253612995147705
iqhjifcniy.mp4,0.5483002066612244
iqhllschqx.mp4,0.923027753829956
iqhpjrotso.mp4,0.5143270492553711
iqhvvdkndu.mp4,0.30712223052978516
iqigcfmdmy.mp4,0.09883803129196167
iqigcvwgji.mp4,0.9544774293899536
iqjffnydwu.mp4,0.9603254795074463
iqjtsrlatk.mp4,0.8519521951675415
iqjzxqooem.mp4,0.9141620397567749
iqkdtvdhhy.mp4,0.9446737766265869
iqkhdjjxes.mp4,0.9121406674385071
iqlbivxagm.mp4,0.9612005949020386
iqllublvez.mp4,0.9286848902702332
iqlmoluucd.mp4,0.9332735538482666
iqlnkvxslo.mp4,0.9285466074943542
iqmkwrcyqs.mp4,0.1979796588420868
iqmnjobdob.mp4,0.811974823474884
iqmwzjyksk.mp4,0.9252944588661194
iqndppeoav.mp4,0.7479819059371948
iqnkribxkk.mp4,0.5723031163215637
iqnvkkewxi.mp4,0.08927448093891144
iqopoamixz.mp4,0.7898591160774231
iqovzvsvkn.mp4,0.9332094788551331
iqpckowwia.mp4,0.1383962780237198
iqpcsxzxci.mp4,0.8312103152275085
iqqutdwnya.mp4,0.9287140369415283
iqrjuczuxb.mp4,0.9565574526786804
iqrzppimhu.mp4,0.9787637591362
iqsceqxotz.mp4,0.7770359516143799
iqsxnucxvo.mp4,0.7280717492103577
iqttukcyth.mp4,0.9267899394035339
iqtutmwfui.mp4,0.6724444627761841
iqubmhnfvq.mp4,0.7028974890708923
iquhufkwjb.mp4,0.720947265625
iqupvubgpm.mp4,0.946708619594574
iquxmnsbsg.mp4,0.7732007503509521
iqvfopywpa.mp4,0.6878434419631958
iqvkbrbikt.mp4,0.9863885641098022
iqxebazshx.mp4,0.9192889928817749
iqxkenmlnj.mp4,0.974958062171936
iqygzjmnpv.mp4,0.11232578009366989
iqylhfxyjm.mp4,0.6512913107872009
iqyzgnhgxt.mp4,0.8678073883056641
iqzgrscbcu.mp4,0.7639084458351135
iqzjzifjuj.mp4,0.8828465938568115
iqzoqolccf.mp4,0.3195425271987915
iqztfmomng.mp4,0.8520249724388123
iramathzcf.mp4,0.2747262716293335
irbizraspf.mp4,0.9417272806167603
irbmsvytsj.mp4,0.9053069949150085
irbuixhcdk.mp4,0.8700770735740662
irbyfpqxhh.mp4,0.9579231142997742
ircmvzkosl.mp4,0.8561435341835022
ircosowvze.mp4,0.6960791349411011
irdptfgpbb.mp4,0.41508719325065613
irerylmdmc.mp4,0.05317036062479019
irexjenpki.mp4,0.9035292863845825
irfhrdweqh.mp4,0.8970934748649597
irfjbqscfl.mp4,0.3048677146434784
irgxysozjn.mp4,0.4984978437423706
irhlokwbsm.mp4,0.892254650592804
irhspphnzz.mp4,0.9612598419189453
iriadhnmyy.mp4,0.6583710312843323
irjbrwpqqd.mp4,0.927108108997345
irjbukzjqt.mp4,0.10361188650131226
irjsumzeie.mp4,0.9252865314483643
irjxqznjfr.mp4,0.9065401554107666
irkrdbjkkv.mp4,0.06540787220001221
irkzgutang.mp4,0.9872100949287415
irmdgkpcgn.mp4,0.9197446703910828
irmimyuumh.mp4,0.9162797927856445
irmkoxrfni.mp4,0.731397807598114
irmpbhnlrc.mp4,0.5840672850608826
irnejrdgex.mp4,0.8786279559135437
irnsrjoymh.mp4,0.07009550929069519
irpvjndavi.mp4,0.9507240056991577
irriroabtu.mp4,0.19802594184875488
irslbryzin.mp4,0.07854882627725601
irtnypbxas.mp4,0.5167113542556763
irtyyuhhqy.mp4,0.8469271659851074
irufgcupir.mp4,0.9535370469093323
iruhgcdiww.mp4,0.7817425727844238
irurxjcnqr.mp4,0.91612708568573
irxfiqsbuj.mp4,0.14560338854789734
iryjkosyla.mp4,0.05764763802289963
iryuwfmpbs.mp4,0.9112430810928345
irzbrxikle.mp4,0.8505933880805969
isaginujnt.mp4,0.9596767425537109
isbaammqru.mp4,0.5667387843132019
isbmgabjat.mp4,0.7834054231643677
iscbfzqeyn.mp4,0.9188442230224609
isdacfltyy.mp4,0.9362143278121948
isdffajhii.mp4,0.5103272199630737
isdklqbdnf.mp4,0.6436165571212769
isdtdgwlbi.mp4,0.9350471496582031
isenrfjdku.mp4,0.904682993888855
isesajuxxf.mp4,0.9187765121459961
iseykvossv.mp4,0.9052775502204895
isfagiiubj.mp4,0.9537148475646973
isfkcvmzbm.mp4,0.9336485266685486
isfrxiomlx.mp4,0.822368860244751
isgmhzcnsn.mp4,0.37276938557624817
isgoeqoedr.mp4,0.7421268820762634
isgwavrxss.mp4,0.939408004283905
ishwxahqhu.mp4,0.9623175263404846
isijlzptfp.mp4,0.9093855619430542
isiqchtxth.mp4,0.723380982875824
isiubqzuzc.mp4,0.9486933350563049
isixfyxvcp.mp4,0.7837586998939514
isjcjsmrmb.mp4,0.8368358612060547
isjoudmnfj.mp4,0.9475467801094055
isjvgthpyu.mp4,0.8972017765045166
iskbjiyaij.mp4,0.9732599854469299
iskhivysqb.mp4,0.5826103091239929
isknscqsjx.mp4,0.5620312094688416
iskqdueuxr.mp4,0.9203569889068604
islzgwudql.mp4,0.7902999520301819
isototjlvu.mp4,0.3486199975013733
ispeyrhmus.mp4,0.8421496152877808
ispnjqelfe.mp4,0.08523356169462204
isprimskfu.mp4,0.6291716694831848
isqyfxebiv.mp4,0.7984317541122437
isrcbycggz.mp4,0.702639639377594
isrtayaexy.mp4,0.9262645840644836
istaazovyg.mp4,0.2811247706413269
istgsllxyq.mp4,0.9899998903274536
istlvvylqy.mp4,0.9584587812423706
istqcxpzte.mp4,0.8191071152687073
isuuywkjkp.mp4,0.854263424873352
isuyxkqttj.mp4,0.9326108694076538
isvpmjjhwn.mp4,0.561038613319397
isvqeoksng.mp4,0.8562678098678589
iswbynqcos.mp4,0.9342999458312988
iswgwrwtzr.mp4,0.9788027405738831
iswoxfhubj.mp4,0.831396758556366
isxdbhzurn.mp4,0.8885595798492432
isxekfofqe.mp4,0.8805263638496399
isxwueescp.mp4,0.9331393837928772
isxxybhuls.mp4,0.21113073825836182
isxzmbfwaz.mp4,0.9329823851585388
isyewdvxzt.mp4,0.8923070430755615
isyewygrzc.mp4,0.1811954230070114
isyglougjg.mp4,0.9220008850097656
isyopaltci.mp4,0.3602135181427002
isyucpkqoa.mp4,0.6006100177764893
isywvoylfh.mp4,0.6439574360847473
iszopdcfmo.mp4,0.9379437565803528
iszptuqyzd.mp4,0.3568648099899292
itajgcgrsh.mp4,0.7335192561149597
itbsjttkkw.mp4,0.9412394165992737
itdywxjknn.mp4,0.779064953327179
itfdmygyre.mp4,0.9463157653808594
itfdsbukvb.mp4,0.8990574479103088
itfojnmvrv.mp4,0.8471088409423828
itfzfpuilx.mp4,0.1836751103401184
itgprdayac.mp4,0.3784872591495514
itgqbpccfo.mp4,0.8765497803688049
itgrgobbrq.mp4,0.8249830603599548
ithkydrkkp.mp4,0.9049718976020813
ithpejaqrb.mp4,0.9635341763496399
itiptpqxpj.mp4,0.8350965976715088
itjpxbskre.mp4,0.9221484065055847
itkfiidxuu.mp4,0.6857455968856812
itksyonvbk.mp4,0.8980942964553833
itmjxopkey.mp4,0.8918446898460388
itmkomrbnh.mp4,0.9087491035461426
itmnwcrluu.mp4,0.054899975657463074
itmomecdvu.mp4,0.9453237652778625
itnawjbxos.mp4,0.975299596786499
itndhezahp.mp4,0.942269504070282
itnkworuoe.mp4,0.8413510322570801
itoiaabhko.mp4,0.6006975173950195
itpaqvfwpg.mp4,0.9169321060180664
itpkvblciq.mp4,0.9791377186775208
itqdvqnosv.mp4,0.9327815771102905
itqhlrleio.mp4,0.7786272764205933
itqmwnvajl.mp4,0.8314080834388733
itqqhgysnw.mp4,0.9179911613464355
itqxwigfum.mp4,0.8720903396606445
itranaleig.mp4,0.06496649980545044
itrpygajdw.mp4,0.9329659938812256
itrqtffjkw.mp4,0.884158730506897
itrsdfydjh.mp4,0.6201040744781494
itrsojyzkf.mp4,0.8703746199607849
itrwytnqso.mp4,0.9475813508033752
itsdlwdqje.mp4,0.8733973503112793
itsdmmtdxg.mp4,0.05613471195101738
itsedwdjys.mp4,0.5670264363288879
itsqfzciit.mp4,0.8694694638252258
ittkkelgtf.mp4,0.9621456265449524
itttfditsj.mp4,0.8165305256843567
itwegcsfqa.mp4,0.8405171036720276
itwsvyywjd.mp4,0.9314045310020447
itxawnlbch.mp4,0.9380747079849243
itxziqmodj.mp4,0.9771373271942139
itymdrkyyf.mp4,0.8894591331481934
ityqjjucub.mp4,0.9801588654518127
itzjjwxysp.mp4,0.9269951581954956
iuaqkvagza.mp4,0.9295259118080139
iubyasowgv.mp4,0.27264806628227234
iucnaynimg.mp4,0.8831040859222412
iucnlyadlt.mp4,0.1863558441400528
iuctxvtxkp.mp4,0.6102767586708069
iudlawgsry.mp4,0.8453415036201477
iudlsefikg.mp4,0.10763872414827347
iueelzuywc.mp4,0.058281611651182175
iuewyxarwm.mp4,0.46572643518447876
iufanilvlv.mp4,0.6207923293113708
iufjcxwyop.mp4,0.09935155510902405
iufrqaiymv.mp4,0.11089929193258286
iufybuadlw.mp4,0.946832001209259
iuhjpblryw.mp4,0.6389386057853699
iuhskztdjv.mp4,0.9301936030387878
iuhvvwxdce.mp4,0.9783296585083008
iuikozlzvg.mp4,0.2937718629837036
iuituywyxn.mp4,0.6834657192230225
iujukgehcc.mp4,0.9196505546569824
iujvgedoas.mp4,0.9379428625106812
iukkdgxnwj.mp4,0.9111281633377075
iulhnuhwee.mp4,0.9401081800460815
iulnkyslop.mp4,0.869580864906311
iumfuatkkz.mp4,0.7393158078193665
iumkcwloxz.mp4,0.873486340045929
iunpzphxxr.mp4,0.3417775630950928
iuoegscrup.mp4,0.973372220993042
iuphngdpvq.mp4,0.9409160017967224
iupngkdauv.mp4,0.9784132838249207
iuqozhqifr.mp4,0.9095488786697388
iusachxgqy.mp4,0.8592402338981628
iusawyxkvl.mp4,0.7248457670211792
iutmmxwgah.mp4,0.9202032685279846
iutqppzovu.mp4,0.19629263877868652
iuttprjxhf.mp4,0.6663612127304077
iutwrfjdoo.mp4,0.9584361910820007
iuujqumhwm.mp4,0.9016725420951843
iuuurlqitq.mp4,0.9553858041763306
iuvelrnuap.mp4,0.5489836931228638
iuvhrgckrt.mp4,0.3056199252605438
iuvkcwcqbb.mp4,0.9177135825157166
iuvuhjcihe.mp4,0.8420547246932983
iuwgvbwcmp.mp4,0.8467414975166321
iuwqcvrhol.mp4,0.9835972189903259
iuxopnkzzc.mp4,0.8440103530883789
iuxpinrkvu.mp4,0.9805351495742798
iuxpmnchdi.mp4,0.8889121413230896
iuxuegzrfo.mp4,0.8763256669044495
iuzspdkchy.mp4,0.9451220035552979
iuzzbmiabi.mp4,0.7176522612571716
ivarngiehh.mp4,0.9557054042816162
ivbryilmzq.mp4,0.9760382175445557
ivbsetowvs.mp4,0.8803092241287231
ivbyvtqgzd.mp4,0.965331494808197
ivdewyemli.mp4,0.6376428008079529
ivdoqanbyx.mp4,0.9380804896354675
iverjmtcbg.mp4,0.06783485412597656
ivewzkxtuu.mp4,0.8711410760879517
ivexyynvqc.mp4,0.20398658514022827
ivfizuthsm.mp4,0.89072585105896
ivfrhdfujz.mp4,0.9723653197288513
ivfwhnosla.mp4,0.9113325476646423
ivgaqlclhh.mp4,0.9555373787879944
ivgbyeslaz.mp4,0.1063300222158432
ivgunqqypz.mp4,0.6577697992324829
ivhkxdvvgc.mp4,0.9243872165679932
ivhowmrwtd.mp4,0.865044116973877
ivhyxzrfbf.mp4,0.7740170955657959
ivilahinci.mp4,0.9439027309417725
ivindnrfyd.mp4,0.8767639994621277
ivjzfgjjmd.mp4,0.9261966943740845
ivkdoukoga.mp4,0.8768481016159058
ivkrzgwlst.mp4,0.9588363170623779
ivkvvdfcdr.mp4,0.8060948848724365
ivlblicoqn.mp4,0.16859877109527588
ivlfunutyu.mp4,0.9297334551811218
ivliztuflk.mp4,0.7934076189994812
ivlrwjxjko.mp4,0.7534763216972351
ivlxblgscs.mp4,0.9826490879058838
ivlxyjtbza.mp4,0.04850919172167778
ivmnlzrcpl.mp4,0.8947221040725708
ivngiaholz.mp4,0.9636480808258057
ivnnzevjef.mp4,0.5400446653366089
ivofslwmml.mp4,0.922747015953064
ivojdfsuih.mp4,0.49219194054603577
ivpqdcully.mp4,0.24186187982559204
ivpufxwmth.mp4,0.7828362584114075
ivrgztqnvy.mp4,0.8774318099021912
ivrmpnijrq.mp4,0.09708351641893387
ivrpwqfdob.mp4,0.943584680557251
ivssyazqtr.mp4,0.23817592859268188
ivtlhlvgvf.mp4,0.9634695053100586
ivuvppfhap.mp4,0.6001705527305603
ivuxnysacw.mp4,0.9069225192070007
ivuxvfquuw.mp4,0.8351806998252869
ivxbutvlwk.mp4,0.8726420402526855
ivxhxfpwus.mp4,0.9376257658004761
ivywzqwzjw.mp4,0.9004934430122375
ivyyfovazh.mp4,0.9410537481307983
ivzevsvsgw.mp4,0.9059890508651733
ivzpsahjfw.mp4,0.9146649241447449
iwaikfiivj.mp4,0.9225115180015564
iwanjxbuqq.mp4,0.04414284974336624
iwbdixywrr.mp4,0.9647954702377319
iwbmnvxovh.mp4,0.8286893963813782
iwbsozjcfr.mp4,0.7958545088768005
iwbsxnzpmc.mp4,0.9693465828895569
iwceuiykdi.mp4,0.9203997850418091
iwcfxyoimw.mp4,0.96872878074646
iwckkslbpn.mp4,0.8166005611419678
iwclmdjwvc.mp4,0.8778689503669739
iwdvdzvhwn.mp4,0.9369949698448181
iweobhwprt.mp4,0.053506311029195786
iwezcnpomx.mp4,0.8028925657272339
iwffazkchq.mp4,0.6258167028427124
iwfrjkhocp.mp4,0.6036284565925598
iwfuqlozsg.mp4,0.8952907919883728
iwfxiijzfc.mp4,0.962384819984436
iwgchcxyfo.mp4,0.14962910115718842
iwgzfwanql.mp4,0.9067391753196716
iwhqfmxbfl.mp4,0.8879997134208679
iwicbrflbu.mp4,0.9573624730110168
iwitbkehiq.mp4,0.6737521886825562
iwjadqnimm.mp4,0.945685863494873
iwjvhmsdzk.mp4,0.9263760447502136
iwkdyefcry.mp4,0.4558837413787842
iwkkadozkq.mp4,0.6226692199707031
iwkwpivdty.mp4,0.8328849077224731
iwlcgjhuyz.mp4,0.8744103312492371
iwljtmarck.mp4,0.9726366996765137
iwlqewbjeo.mp4,0.9619158506393433
iwmafsriju.mp4,0.7934192419052124
iwnfvkmktq.mp4,0.4106288254261017
iwnwcdanvb.mp4,0.9690398573875427
iwozkvydbl.mp4,0.9767721891403198
iwqcdlurfz.mp4,0.41737791895866394
iwquwreibp.mp4,0.7645395994186401
iwqwiezecx.mp4,0.8556171655654907
iwrhhiwljg.mp4,0.9569162130355835
iwrkkcfcob.mp4,0.03530469164252281
iwrwdtvmiw.mp4,0.9502232074737549
iwswdyproy.mp4,0.9512738585472107
iwtrhnpwnb.mp4,0.8579719066619873
iwunoavlgg.mp4,0.8469976186752319
iwviwwoqkf.mp4,0.8696994185447693
iwvynfufaq.mp4,0.9523251056671143
iwwogruzra.mp4,0.8908363580703735
iwwqxjoxfp.mp4,0.15790225565433502
iwwvnksime.mp4,0.7847067713737488
iwwwgbxelv.mp4,0.8608262538909912
iwxjlxfpjo.mp4,0.9281629323959351
iwxzxemnjl.mp4,0.9807696342468262
iwyurlgxiq.mp4,0.8948505520820618
iwzbgmtsuh.mp4,0.05053071677684784
iwznmctsoz.mp4,0.773446261882782
iwzqtwchox.mp4,0.942703366279602
iwzxofazow.mp4,0.5611815452575684
ixaapzynwh.mp4,0.9676556587219238
ixbbqxbrci.mp4,0.914520263671875
ixbezghtef.mp4,0.9386409521102905
ixbgenntvc.mp4,0.9470012784004211
ixbshqefra.mp4,0.9095034003257751
ixcguszlsk.mp4,0.7538929581642151
ixcrtusrfi.mp4,0.4915384352207184
ixcsuxxhzj.mp4,0.889660120010376
ixdllrcaga.mp4,0.9439173340797424
ixdpdwwjvr.mp4,0.9104111194610596
ixegidgqza.mp4,0.7371365427970886
ixesiknxjz.mp4,0.9356427192687988
ixewjgjdwm.mp4,0.9436155557632446
ixfdzrarsa.mp4,0.705446183681488
ixgbeiekdr.mp4,0.9650343060493469
ixgmwbaxry.mp4,0.8420523405075073
ixhywssact.mp4,0.873216450214386
ixictcnnwq.mp4,0.9548657536506653
ixiemiordj.mp4,0.48485007882118225
iximgngyzc.mp4,0.8921615481376648
ixjhxwgcrt.mp4,0.26757895946502686
ixjimragxn.mp4,0.07976686209440231
ixjqcqqxps.mp4,0.7703651785850525
ixlipbxbyl.mp4,0.14403030276298523
ixlpgpwyoa.mp4,0.8892756104469299
ixlzpzmnam.mp4,0.854058027267456
ixmkyvkxxd.mp4,0.9153376221656799
ixmsvefemy.mp4,0.7510097026824951
ixmvwmgewb.mp4,0.9341104030609131
ixmwxjoqke.mp4,0.9422112107276917
ixnfuudpie.mp4,0.7333711385726929
ixollenxsr.mp4,0.8709562420845032
ixongfpxov.mp4,0.9220188856124878
ixoywiwxzr.mp4,0.9243810772895813
ixpztpmojx.mp4,0.9717681407928467
ixqaiwtldi.mp4,0.10942278802394867
ixqfvxjtsr.mp4,0.7762035131454468
ixrdlekndo.mp4,0.9504048228263855
ixrshvjpui.mp4,0.8102501034736633
ixsabuaykm.mp4,0.8944635391235352
ixsazdvgcm.mp4,0.8354561924934387
ixsldkjafq.mp4,0.6026403903961182
ixsotcyrvg.mp4,0.8211781978607178
ixthjlkjan.mp4,0.9789718389511108
ixtnoobpji.mp4,0.9456759095191956
ixtukgbkmv.mp4,0.9213085174560547
ixtuyddxxz.mp4,0.9387992024421692
ixtydssmam.mp4,0.9190970659255981
ixuijcqeee.mp4,0.9157251715660095
ixuuwiejti.mp4,0.9013211727142334
ixuvnlwtrp.mp4,0.9888322949409485
ixuyfvogbq.mp4,0.9871742129325867
ixvhklaxky.mp4,0.8987853527069092
ixvjylnpra.mp4,0.9768086671829224
ixvkhbcuyq.mp4,0.20616337656974792
ixvvgevgry.mp4,0.9475277066230774
ixvztrxchg.mp4,0.41877734661102295
ixwykebrtz.mp4,0.10571251809597015
ixxcpbrymg.mp4,0.2176750898361206
ixxetzflme.mp4,0.9601525068283081
ixxjxilvck.mp4,0.8894975781440735
ixxwqexyhb.mp4,0.9089193940162659
ixycmrnyks.mp4,0.9366628527641296
ixydhrhngh.mp4,0.9648255705833435
ixypadrkvg.mp4,0.7743632793426514
ixytmqplqt.mp4,0.5089806914329529
ixytzdgbfl.mp4,0.932137131690979
ixyvxquetw.mp4,0.775179922580719
ixzsayotaj.mp4,0.789943516254425
ixzuccwwqs.mp4,0.10291025787591934
ixzzfbjiwu.mp4,0.9539477229118347
iyaaatxftx.mp4,0.6278330683708191
iyathksdmx.mp4,0.958302915096283
iyaxgpepqr.mp4,0.39167261123657227
iybcwvsnru.mp4,0.130620077252388
iybrmlqrzb.mp4,0.8638004660606384
iybuwdyjkm.mp4,0.8018035292625427
iycbbmjief.mp4,0.5608313083648682
iycqbycozc.mp4,0.9790492653846741
iycstoqedl.mp4,0.9352245330810547
iydummdsoa.mp4,0.05385145545005798
iyerbpbkeq.mp4,0.9786533713340759
iyevlxhraf.mp4,0.8842188119888306
iyfdxpvkgk.mp4,0.15461204946041107
iygbhjkhpm.mp4,0.8754990100860596
iyheosista.mp4,0.5159974098205566
iyhqfygtwo.mp4,0.8892471790313721
iyhtjahyzx.mp4,0.8840543627738953
iyiojarsht.mp4,0.9725015163421631
iykatwvtlo.mp4,0.9173159003257751
iylujmtolb.mp4,0.7256077527999878
iymdqozovu.mp4,0.8970195055007935
iymsvbtlnp.mp4,0.9755188822746277
iynaefjhwh.mp4,0.7095940709114075
iynqjtimwc.mp4,0.09238375723361969
iypkckoqsb.mp4,0.9729765057563782
iyquxriyqd.mp4,0.8848916888237
iyrsthhhwi.mp4,0.6439225077629089
iytyilgihs.mp4,0.0343831367790699
iyvoafuqjf.mp4,0.89080411195755
iyvtqyxizu.mp4,0.9285773038864136
iyvytmjwkb.mp4,0.6334161162376404
iywgtvcdky.mp4,0.9862807393074036
iyxelmxpfx.mp4,0.14590203762054443
iyxutmglzj.mp4,0.8059059381484985
iyxwamcojv.mp4,0.9388061165809631
iyzcmtlqds.mp4,0.8777978420257568
iyzrahjpvo.mp4,0.11764227598905563
iyzruylmxa.mp4,0.8817628026008606
iyzvsvstsw.mp4,0.8790715336799622
izafuvvwwi.mp4,0.7724698781967163
izaoqssyvw.mp4,0.9741983413696289
izappfzldr.mp4,0.9683486819267273
izbbmenvrw.mp4,0.5538591146469116
izbioilrax.mp4,0.923021137714386
izbxdkbfdk.mp4,0.3621596097946167
izcgakoubh.mp4,0.9276367425918579
izcpnmmhfa.mp4,0.9029262661933899
izcsobojgp.mp4,0.4381566047668457
izdxztnzpd.mp4,0.9257960915565491
izdzcdlrpo.mp4,0.8650433421134949
izehsqyemw.mp4,0.8590713143348694
izfdfyundf.mp4,0.4164789617061615
izfojgcokb.mp4,0.41394686698913574
izgghxbita.mp4,0.7021860480308533
izgldriffe.mp4,0.9141890406608582
izgnxrjqfv.mp4,0.9689249396324158
izgutpnsre.mp4,0.25364527106285095
izgxrlqbqk.mp4,0.7586818337440491
izhchgzacx.mp4,0.0778537392616272
izhgevkhba.mp4,0.957883894443512
izkavempcf.mp4,0.5654947757720947
izkdaeizpj.mp4,0.6996593475341797
izkrdjbtol.mp4,0.9320120811462402
izlhutihbf.mp4,0.6895169615745544
izmfhoosyi.mp4,0.17968007922172546
iznuwuxnqc.mp4,0.09601368010044098
iznvkuthdk.mp4,0.7947859168052673
izoywnwvzc.mp4,0.30868199467658997
izozkczrrt.mp4,0.7101147174835205
izpedkituy.mp4,0.9414747357368469
izpffscumm.mp4,0.9356653094291687
izqkhizehl.mp4,0.9147846698760986
izqyarmakg.mp4,0.9394523501396179
izrjasmngs.mp4,0.8813415169715881
izrxqbhkca.mp4,0.9456852674484253
izsejcmijs.mp4,0.8709696531295776
izsvnupcib.mp4,0.8321124911308289
izswzcgmjq.mp4,0.6373850107192993
izsycjuamo.mp4,0.6269245147705078
iztglppzcn.mp4,0.830014705657959
iztvnzwxds.mp4,0.8456822037696838
izujskjynu.mp4,0.9443703889846802
izunrhzmhr.mp4,0.5271050333976746
izushcrwhm.mp4,0.6274284720420837
izuwizilgv.mp4,0.14237312972545624
izvqobjehj.mp4,0.43632739782333374
izxkpunalz.mp4,0.8938807249069214
izybzjtoof.mp4,0.9752944111824036
izycdfyeik.mp4,0.15143291652202606
izyqqybmcq.mp4,0.7526270151138306
izyrzamcqj.mp4,0.9527696967124939
izzizxvfaw.mp4,0.05500459298491478
izzjbktyjr.mp4,0.9080731272697449
izzrixoftl.mp4,0.23068122565746307
jaaeovgdwa.mp4,0.8516489267349243
jaarawxvwo.mp4,0.9363070726394653
jabfulxofx.mp4,0.7831981182098389
jacmgbjhwo.mp4,0.6745330095291138
jaeqgvkwlm.mp4,0.878960371017456
jaeslmfgab.mp4,0.8769271969795227
jafxhlcyqk.mp4,0.9555443525314331
jafxiptxew.mp4,0.9130049347877502
jagflalxhl.mp4,0.8855921626091003
jagrhoufaz.mp4,0.9790732264518738
jahklnwscj.mp4,0.731135368347168
jaiojqyufy.mp4,0.92066890001297
jajjzvhlou.mp4,0.9591018557548523
jakjfxcjqx.mp4,0.9270942807197571
jalbvevoxn.mp4,0.6247113943099976
jalqfjsxyr.mp4,0.9275267124176025
jamhxdptam.mp4,0.19098637998104095
janghqcnuj.mp4,0.2928815186023712
jankpqqcqv.mp4,0.8472728729248047
jannamlrje.mp4,0.8733221888542175
janpjkrxky.mp4,0.9017944931983948
janqvnnppy.mp4,0.9744600057601929
janwsbiojw.mp4,0.8868257403373718
jaocplqkcu.mp4,0.8678232431411743
japautsabs.mp4,0.839840292930603
japkrtsdkj.mp4,0.8996536135673523
japoasbnio.mp4,0.9651871919631958
jaqavnyaii.mp4,0.9707098603248596
jaqgccovpn.mp4,0.9148065447807312
jarcxupfvu.mp4,0.8017258048057556
jaruexfgky.mp4,0.8955848217010498
jascajixzv.mp4,0.9301444888114929
jatpyqmdhn.mp4,0.11290144920349121
jatuhhpdfa.mp4,0.7651005387306213
jauolugbsh.mp4,0.9511662721633911
javooplidl.mp4,0.9605903625488281
javtxnogey.mp4,0.07128633558750153
javxtwhvub.mp4,0.9833865761756897
javyvwvmhd.mp4,0.038364481180906296
jawewhiexm.mp4,0.895267903804779
jawjzasauu.mp4,0.09047024697065353
jaxssdkeyg.mp4,0.7206103801727295
jaymexergk.mp4,0.44930577278137207
jaynqmloow.mp4,0.6520790457725525
jayvasghae.mp4,0.891360342502594
jazbpflrcx.mp4,0.9430184364318848
jazdzntcfc.mp4,0.8541945219039917
jazhgxildx.mp4,0.6526961326599121
jazmkphsnn.mp4,0.87165367603302
jazrfmgzpy.mp4,0.06651046127080917
jazyoeydzn.mp4,0.953698456287384
jbaahohsns.mp4,0.1841176599264145
jbahcovspa.mp4,0.8942920565605164
jbajkblyko.mp4,0.8688718676567078
jbatiwjmzh.mp4,0.771499514579773
jbbzntphpu.mp4,0.9599376916885376
jbcesucwqv.mp4,0.8856915831565857
jbcnsmlysc.mp4,0.044937387108802795
jbcuiqstif.mp4,0.8202752470970154
jbdkulvsti.mp4,0.9272593855857849
jbdqevfnlz.mp4,0.9092353582382202
jbdqpkuyac.mp4,0.7738681435585022
jbebqobxeb.mp4,0.8997060656547546
jbencltszf.mp4,0.9784980416297913
jbfrizzpin.mp4,0.9142147898674011
jbgdikwbwr.mp4,0.11199121177196503
jbgxmoyvla.mp4,0.9218112826347351
jbhoztwgjm.mp4,0.09943082928657532
jbhvifiujz.mp4,0.7435302138328552
jbkaewamsx.mp4,0.8424640893936157
jblifxkahd.mp4,0.9395062327384949
jblkcfejih.mp4,0.9367706179618835
jbmdzelkry.mp4,0.9011561274528503
jbmemsdbvf.mp4,0.6949898600578308
jbnakrsscz.mp4,0.9634665846824646
jbpajntban.mp4,0.8706211447715759
jbplnqxfbw.mp4,0.8834312558174133
jbptmfdsjb.mp4,0.19264715909957886
jbpuqmomvc.mp4,0.8151744604110718
jbqqqhuiir.mp4,0.22984960675239563
jbrjeujfmw.mp4,0.03244393691420555
jbswxonozv.mp4,0.8894113898277283
jbtayvbjbv.mp4,0.9156597852706909
jbtkucyaxo.mp4,0.6216337084770203
jbtuvaqltg.mp4,0.717150092124939
jbtxgmgqke.mp4,0.8823989033699036
jbvktadzia.mp4,0.1096218004822731
jbvqnbkpoo.mp4,0.9427332282066345
jbvwtnekeh.mp4,0.6519436836242676
jbwfkkdeep.mp4,0.6850813031196594
jbwtbfbdko.mp4,0.9424747228622437
jbwtytjdyj.mp4,0.8755890727043152
jbwvahbmfb.mp4,0.8540670871734619
jbxiszwoms.mp4,0.7540565133094788
jbxjqnwwhv.mp4,0.9080055952072144
jbxsnmibxr.mp4,0.0704418197274208
jbxvxjeklv.mp4,0.4326589107513428
jbygwljdyy.mp4,0.9045435190200806
jbysofevrm.mp4,0.9269075989723206
jbzqjborfw.mp4,0.9356471300125122
jbzxmsdlna.mp4,0.09337031096220016
jcaavicbyk.mp4,0.42043206095695496
jcaentwavr.mp4,0.2018125057220459
jcafibbcdx.mp4,0.8453589081764221
jcaoljdnpm.mp4,0.8264158964157104
jcbbrqaaaq.mp4,0.053859636187553406
jcbcsxbmkh.mp4,0.8984602093696594
jcbljxsnkq.mp4,0.8248214721679688
jcbzvzcxzt.mp4,0.9612618684768677
jccdosuaei.mp4,0.07642734795808792
jcckrtvvmw.mp4,0.8384965062141418
jccofuwqrp.mp4,0.9422768950462341
jcdjulohcc.mp4,0.8894821405410767
jcdkxrhcbf.mp4,0.8624764680862427
jcdsliebdg.mp4,0.10156599432229996
jcfbsuwqkj.mp4,0.955428957939148
jcfisfexkt.mp4,0.9803947806358337
jcfkavlnzt.mp4,0.9741473197937012
jcfwrugpmb.mp4,0.8508545756340027
jcglqjqhan.mp4,0.9448924660682678
jcgndflmvj.mp4,0.8029399514198303
jcgnmpdepm.mp4,0.35488927364349365
jchwzgkjbn.mp4,0.9636489152908325
jchzhrmmuk.mp4,0.9067516922950745
jcivzlayyl.mp4,0.9899614453315735
jcjiwnltwv.mp4,0.4284287095069885
jcjlwgqlfv.mp4,0.9077818989753723
jcjzfcpzvb.mp4,0.9509419202804565
jcladjsvks.mp4,0.18880756199359894
jcnreztvlt.mp4,0.9390981197357178
jcoahdlpkf.mp4,0.8772211670875549
jcozyqetvv.mp4,0.9014356136322021
jcpcvrmtwj.mp4,0.9197509288787842
jcrkcqxbku.mp4,0.9599860310554504
jcrpwhrpyk.mp4,0.8983497023582458
jcrwcsvigb.mp4,0.8872016072273254
jcsfrkqvyt.mp4,0.6799231767654419
jcszuniisy.mp4,0.8830553889274597
jctkcqmbnq.mp4,0.96505206823349
jcumdiiqmk.mp4,0.8939473628997803
jcurjqcjnr.mp4,0.8967829942703247
jcvclxcgnc.mp4,0.9385473132133484
jcwliusjbw.mp4,0.9818150401115417
jcxbeoxfip.mp4,0.8668361902236938
jcxjjnulen.mp4,0.8354378342628479
jcxxlefmpq.mp4,0.9314010739326477
jcxxspkyth.mp4,0.9176401495933533
jcyfzyfnjs.mp4,0.07570666074752808
jcyjjoxplz.mp4,0.6870721578598022
jczhxeqapk.mp4,0.8560711741447449
jczkbwttrd.mp4,0.3845885992050171
jczvjwojia.mp4,0.7987762093544006
jdbptqebpo.mp4,0.825464129447937
jdbwqjtdqp.mp4,0.6836461424827576
jdcoheaygf.mp4,0.7666754126548767
jddhnvfeeh.mp4,0.9099866151809692
jddmbonyaa.mp4,0.9416936039924622
jdffbokydq.mp4,0.6970330476760864
jdftwygyac.mp4,0.978435218334198
jdghgrdwrr.mp4,0.05253928154706955
jdgqsictvt.mp4,0.8639843463897705
jdgrhihslk.mp4,0.10796722769737244
jdhdagckts.mp4,0.7910652160644531
jdhrcmproz.mp4,0.9750996232032776
jdhrlhmndn.mp4,0.0431901216506958
jdhrvdlgio.mp4,0.6864721775054932
jdhujewgmf.mp4,0.971133291721344
jdibnhafli.mp4,0.7374898195266724
jdiklnwriz.mp4,0.690035879611969
jdirunzeah.mp4,0.8521932363510132
jdkceovlzn.mp4,0.847931444644928
jdkdqqlxag.mp4,0.21224522590637207
jdldxklaqc.mp4,0.8561949729919434
jdlqmnhuix.mp4,0.6496719121932983
jdlunrupzn.mp4,0.6773673295974731
jdlwbkikfu.mp4,0.9329943060874939
jdmjewwlwc.mp4,0.7612568140029907
jdmrnyamcq.mp4,0.7586830854415894
jdniqpvmdr.mp4,0.11130887269973755
jdnmcwygbv.mp4,0.5300895571708679
jdonvxwnzw.mp4,0.842962384223938
jdoynevvri.mp4,0.9279106855392456
jdpbksdxmd.mp4,0.08832578361034393
jdprngxdwz.mp4,0.6362327933311462
jdqagmvjic.mp4,0.9477030038833618
jdqwhvbsbe.mp4,0.11356957256793976
jdrhwiuwtd.mp4,0.9434558153152466
jdrkrpobmg.mp4,0.8176494836807251
jdrrxwlmfe.mp4,0.8407588005065918
jdruzblgzt.mp4,0.8937935829162598
jdsbzjdcdv.mp4,0.9667378067970276
jdsganedqh.mp4,0.8809758424758911
jdsgwxuyin.mp4,0.08018459379673004
jduhzatmnf.mp4,0.14735697209835052
jdujogycws.mp4,0.92326819896698
jduzrspspr.mp4,0.7391400933265686
jdvwbbwqed.mp4,0.22176124155521393
jdwkwnlgkk.mp4,0.9337565302848816
jdwubpkquk.mp4,0.9459107518196106
jdxjgytlva.mp4,0.9542557597160339
jdxnotoadb.mp4,0.1420806646347046
jdxojmzvdn.mp4,0.17649789154529572
jdxulhdoyv.mp4,0.9466010332107544
jdzkykqgsx.mp4,0.10235223919153214
jdzqptropt.mp4,0.9821012020111084
jeakupfepe.mp4,0.7208449840545654
jeaydhrzqc.mp4,0.9088268280029297
jebfboxyyt.mp4,0.8968477845191956
jebskmgkhy.mp4,0.9571765065193176
jebwesgcko.mp4,0.924329936504364
jecaylfurj.mp4,0.9776676893234253
jeclduagbh.mp4,0.20188617706298828
jecnyqdnit.mp4,0.9536315202713013
jeeetboyqz.mp4,0.901736855506897
jeeinabjqq.mp4,0.8855029344558716
jegfyndudz.mp4,0.7146219611167908
jeghuhpdwi.mp4,0.88929682970047
jehcrpdezx.mp4,0.9894086122512817
jehwdtszrt.mp4,0.7480314373970032
jeierullea.mp4,0.9124037623405457
jeifvfftpl.mp4,0.9242587685585022
jeittyrcui.mp4,0.8316972255706787
jejhkrsjrw.mp4,0.9341655373573303
jejjcsijvc.mp4,0.8273992538452148
jejppsekfq.mp4,0.9375391006469727
jejzjwuumk.mp4,0.8593243956565857
jekledrxqw.mp4,0.9261655211448669
jekodoebus.mp4,0.20589026808738708
jekxnohueu.mp4,0.801140546798706
jekygpznjo.mp4,0.8453898429870605
jekyhkswtp.mp4,0.9193705320358276
jelegykytj.mp4,0.922016978263855
jelmzelvoj.mp4,0.4645490348339081
jendkcelzh.mp4,0.9545043706893921
jeoanqwwfx.mp4,0.7588908076286316
jeokwpavxm.mp4,0.9059348702430725
jeouiqhagh.mp4,0.9060248732566833
jepavgmbmf.mp4,0.9894399046897888
jeptbdagbt.mp4,0.7702115178108215
jeqibfcqoy.mp4,0.9009235501289368
jeqxukpock.mp4,0.9589762687683105
jesstfspwv.mp4,0.9617946743965149
jetnuhkjwy.mp4,0.5348038673400879
jetrpilbzt.mp4,0.9721675515174866
jetvxgotuz.mp4,0.11054334044456482
jetyjwflrf.mp4,0.1165783628821373
jeuybgsqre.mp4,0.06790638715028763
jevtocgbcd.mp4,0.09546215832233429
jewawswhvd.mp4,0.43097543716430664
jewhgesjay.mp4,0.032775476574897766
jewhpnzwkc.mp4,0.8844955563545227
jewxpncdcp.mp4,0.024751441553235054
jexjxmbuwo.mp4,0.8067852258682251
jexuhsfnox.mp4,0.22215533256530762
jezchlgqer.mp4,0.9251849055290222
jezgsvsqjp.mp4,0.868043839931488
jezmqbtfss.mp4,0.8680747747421265
jfaifjoolx.mp4,0.9036628007888794
jfajjjihnq.mp4,0.8705507516860962
jfbcefsgtw.mp4,0.9205421209335327
jfbdksvkgn.mp4,0.9263462424278259
jfbljslbfc.mp4,0.7997397780418396
jfbottnlel.mp4,0.912457287311554
jfbyzayxvi.mp4,0.9410721659660339
jfcbizbpiq.mp4,0.9389212727546692
jfcglbovmo.mp4,0.5422813892364502
jfclkecjoj.mp4,0.11654781550168991
jfcrowripg.mp4,0.8197572231292725
jfcsumiude.mp4,0.8790993094444275
jfczxmooec.mp4,0.8673707246780396
jfddvprhzr.mp4,0.8963520526885986
jfdifxyycg.mp4,0.909808874130249
jfdowopymy.mp4,0.7273664474487305
jfdujlungr.mp4,0.06984421610832214
jfepznjnhf.mp4,0.9801293015480042
jffcyrahxs.mp4,0.908424973487854
jfgbjjghxz.mp4,0.8638594150543213
jfgchvcaud.mp4,0.859800398349762
jfggaheccf.mp4,0.8902860283851624
jfglfhocla.mp4,0.9571470022201538
jfgmrhizml.mp4,0.2339092195034027
jfgthbfidq.mp4,0.049594637006521225
jfguzsqnlv.mp4,0.959787130355835
jfhjyflcnz.mp4,0.9376523494720459
jfhtynnkrt.mp4,0.9080733060836792
jfighqzpzm.mp4,0.8737255334854126
jfiglglxvn.mp4,0.8527145981788635
jfihvhrjyr.mp4,0.9194677472114563
jfiihcpiyh.mp4,0.9028781652450562
jfiysrbhjy.mp4,0.8421838283538818
jfjberuxhh.mp4,0.3470195531845093
jfkrcsuslj.mp4,0.8851736187934875
jfkwkohdoc.mp4,0.8986888527870178
jfmwcojlml.mp4,0.9166747331619263
jfnbwcwnrh.mp4,0.6635485291481018
jfnucwnoby.mp4,0.526731550693512
jfnyjxupxm.mp4,0.9484307169914246
jfopmvjwuj.mp4,0.9076012372970581
jfozdfoycz.mp4,0.4979184865951538
jfpbjjhzoh.mp4,0.9372357130050659
jfpedtdmbo.mp4,0.0437479168176651
jfqjypvbop.mp4,0.9243202805519104
jfqxuopeol.mp4,0.9418744444847107
jfrahkrzbx.mp4,0.8960120677947998
jfrcjjfmqo.mp4,0.5208864212036133
jfrfcnodxt.mp4,0.5062006115913391
jfsnqbgrdw.mp4,0.3906917870044708
jfsutpsimt.mp4,0.9279211163520813
jfszfqkyem.mp4,0.8819552063941956
jftslzalsj.mp4,0.9623219966888428
jfukvmrirl.mp4,0.888456404209137
jfuqtakysf.mp4,0.7480218410491943
jfvgibibcm.mp4,0.7903431057929993
jfvnwpcjrm.mp4,0.9800076484680176
jfwbtzpwds.mp4,0.4928816556930542
jfxjsqlupt.mp4,0.8680869340896606
jfxroglrst.mp4,0.9198156595230103
jfxyegpyfe.mp4,0.9570822715759277
jfybskdfvq.mp4,0.7481145858764648
jfyumqwrdw.mp4,0.8132397532463074
jfywcnmzut.mp4,0.8972626328468323
jgaurqhtri.mp4,0.9495334625244141
jgbbakaqtc.mp4,0.6575244069099426
jgbbldvxim.mp4,0.8733057379722595
jgbwcvxarh.mp4,0.9197462797164917
jgdexanjjk.mp4,0.431298166513443
jgdjmiibjf.mp4,0.8578038215637207
jgdshpoygh.mp4,0.930942714214325
jgdtfopkqx.mp4,0.7598206996917725
jgdynnqhui.mp4,0.911807656288147
jgegsztyti.mp4,0.7439561486244202
jgenynfvmw.mp4,0.052545104175806046
jgfpmasqnf.mp4,0.5522995591163635
jgfpubdbyh.mp4,0.9713786244392395
jgfqalzwqh.mp4,0.9622810482978821
jgfvexwjix.mp4,0.9128623604774475
jghzdkuzyy.mp4,0.8977187871932983
jgihhmuvpi.mp4,0.0896945670247078
jgijuusdev.mp4,0.9352515339851379
jgjedubejh.mp4,0.4191285967826843
jgkmoxkxmg.mp4,0.911712110042572
jgkrmffxys.mp4,0.8794105052947998
jglflyakou.mp4,0.7824011445045471
jglhlccrhl.mp4,0.9332711696624756
jglironpiv.mp4,0.9349293112754822
jglnqzxiop.mp4,0.9095075130462646
jglvgjadnn.mp4,0.9583047032356262
jgmehcszoc.mp4,0.6841720342636108
jgmtynuyqc.mp4,0.9194348454475403
jgmxaxbjfb.mp4,0.7036834359169006
jgnfjzqngy.mp4,0.7821170091629028
jgnpgycufc.mp4,0.7610025405883789
jgoplvdxdz.mp4,0.9437413811683655
jgrrayzssl.mp4,0.8859964609146118
jgrtmjmqmj.mp4,0.8923205137252808
jgsdoaxfgj.mp4,0.3482073247432709
jgtjjltjtg.mp4,0.5016347765922546
jgtnwbmofm.mp4,0.9120624661445618
jgtzjmttnu.mp4,0.7946738600730896
jgudqdkfmv.mp4,0.0858391746878624
jguwkpmpao.mp4,0.051597338169813156
jguztwqvow.mp4,0.29773709177970886
jgwlvjbzjy.mp4,0.8661419153213501
jgwmeuaiyk.mp4,0.905793309211731
jgwpzwxfta.mp4,0.9078192114830017
jgwuktnwgg.mp4,0.9053680300712585
jgwvgzjaeh.mp4,0.8299956321716309
jgwzyyfrxj.mp4,0.9708711504936218
jgxjosrmlr.mp4,0.04936331883072853
jgxqfjpxfv.mp4,0.865833580493927
jgyefdpcga.mp4,0.6941455602645874
jgzhtvmvwm.mp4,0.9021376371383667
jgzhzetaqy.mp4,0.3237418532371521
jhajwlaakq.mp4,0.9864535331726074
jhccvzwonn.mp4,0.9334570169448853
jhchearscf.mp4,0.963713526725769
jhcnxlxdol.mp4,0.930350124835968
jhdhlxruqo.mp4,0.12096650153398514
jhdrxeelhb.mp4,0.8508257269859314
jhecetyfym.mp4,0.1488402783870697
jhegswpvdq.mp4,0.08623410016298294
jheilvdkdl.mp4,0.9649272561073303
jhfquaeasu.mp4,0.34343674778938293
jhfykjblun.mp4,0.9738230109214783
jhgjvcuujf.mp4,0.03734738752245903
jhhecxbbkw.mp4,0.7069910168647766
jhhlagbfkl.mp4,0.9557190537452698
jhibrhprsb.mp4,0.959449052810669
jhihpqpkmb.mp4,0.9209544658660889
jhiktmavev.mp4,0.9558995366096497
jhiulnahbl.mp4,0.9425143003463745
jhixkklllq.mp4,0.87358558177948
jhjjzicjvi.mp4,0.8093622326850891
jhjplwemul.mp4,0.9610031247138977
jhjsqgswlt.mp4,0.7672449350357056
jhkdzxgiig.mp4,0.8708608150482178
jhkptnikbb.mp4,0.6819440126419067
jhlnjlkvej.mp4,0.0472257174551487
jhlzkvzsrh.mp4,0.10426052659749985
jhmbwwrrac.mp4,0.9898172616958618
jhneddzztv.mp4,0.9263619780540466
jhoafbyhax.mp4,0.2602689862251282
jhonpnpoue.mp4,0.949251651763916
jhptltfuug.mp4,0.8848035931587219
jhqhjybjdk.mp4,0.9822809100151062
jhrgjpcpbi.mp4,0.6835221648216248
jhrihxbrtp.mp4,0.8945490717887878
jhsayjbgva.mp4,0.9249528646469116
jhtphsligx.mp4,0.9421766996383667
jhttzsdeke.mp4,0.9309372901916504
jhtyzvbhkx.mp4,0.9186426401138306
jhugffruzt.mp4,0.9747275710105896
jhumldyaxq.mp4,0.8860910534858704
jhunmskdxo.mp4,0.8539288640022278
jhuzawsahl.mp4,0.08445192873477936
jhvgzyuosr.mp4,0.7212905287742615
jhweajgahu.mp4,0.8626731634140015
jhxatjqafb.mp4,0.8214756846427917
jhxxzptgan.mp4,0.8940240144729614
jhyqkbiydn.mp4,0.06074432656168938
jhyvxtuhlb.mp4,0.9254372119903564
jhzbwezmcs.mp4,0.976353108882904
jhzhjplvzn.mp4,0.1451517641544342
jhzozsurac.mp4,0.27083882689476013
jhztphnhit.mp4,0.047158677130937576
jiaixqijtv.mp4,0.8603457808494568
jiajoalqzh.mp4,0.08921658992767334
jibhugdfbs.mp4,0.92775958776474
jibqkhgqww.mp4,0.9424415826797485
jichqsnkxx.mp4,0.3710118234157562
jidbemztpa.mp4,0.05945431441068649
jidbgjqkur.mp4,0.906353771686554
jidbmqevbi.mp4,0.17236997187137604
jiddesrgoi.mp4,0.903063178062439
jidhnvtrpf.mp4,0.8829005360603333
jidjicpeqj.mp4,0.835085928440094
jidkzoagws.mp4,0.11067818105220795
jietpvmhij.mp4,0.9403003454208374
jifgoxdldc.mp4,0.8407965302467346
jifkbgreko.mp4,0.9246394038200378
jifvfnhfpn.mp4,0.9701629877090454
jigtcgxbro.mp4,0.9240930080413818
jihajeoivn.mp4,0.9621320962905884
jihpgmechw.mp4,0.12407958507537842
jiierqjyrb.mp4,0.21211321651935577
jiisquwdyu.mp4,0.7863205075263977
jiivsvouxw.mp4,0.18788394331932068
jijpyzxkfw.mp4,0.9092512726783752
jijydihvum.mp4,0.8578338623046875
jijzextciy.mp4,0.9756872653961182
jijzjqbooq.mp4,0.8827860355377197
jikcoeqasq.mp4,0.9739552140235901
jikswtkmeg.mp4,0.9120423197746277
jikzlboymo.mp4,0.9001861214637756
jilfwcuyrp.mp4,0.11941215395927429
jiltpzdfwg.mp4,0.7079325914382935
jimftpswex.mp4,0.7917032837867737
jimhylsoyt.mp4,0.975127100944519
jimmxgiwpl.mp4,0.1439066082239151
jimyddcjzl.mp4,0.4585456848144531
jinzlsofla.mp4,0.8402315974235535
jinzqwrtos.mp4,0.9824225902557373
jiomduynyg.mp4,0.6002521514892578
jioqrlrmxl.mp4,0.05005519837141037
jioxevwjwu.mp4,0.05577916279435158
jipfjtgrqv.mp4,0.8956654667854309
jiphhyvxez.mp4,0.9433915019035339
jiphzqtbam.mp4,0.5257631540298462
jiprjbmojq.mp4,0.9076344966888428
jiqhuhqtdf.mp4,0.0692034363746643
jiqnruiajw.mp4,0.3657854199409485
jirjygmovt.mp4,0.8719937205314636
jirknefhky.mp4,0.897427499294281
jirqiqyyfb.mp4,0.9361189007759094
jirupuxxvt.mp4,0.8523571491241455
jirzotxeun.mp4,0.8096635341644287
jiscdcyxnp.mp4,0.6916734576225281
jisdydociz.mp4,0.8405117988586426
jitbvgevrw.mp4,0.6782053112983704
jitcnijcij.mp4,0.8694719076156616
jitmtcwlsi.mp4,0.9192410707473755
jiubdawybj.mp4,0.801853597164154
jiugbwylsj.mp4,0.2053970992565155
jiusgiscfl.mp4,0.871887743473053
jiutglcbhf.mp4,0.8694084882736206
jivfvgfken.mp4,0.9195477962493896
jivriunvyi.mp4,0.8450508713722229
jivwoiqeyj.mp4,0.1620212197303772
jiwvgbcmle.mp4,0.77691251039505
jiwwcqggnm.mp4,0.9588127136230469
jixempvkxy.mp4,0.8037706613540649
jixfcrcbiz.mp4,0.8257012963294983
jixmwjqphy.mp4,0.8238149881362915
jiyaskebfc.mp4,0.08951829373836517
jiyjoygikx.mp4,0.773548424243927
jizadreaeq.mp4,0.9100936651229858
jizgeonxnm.mp4,0.955815315246582
jizpiknqaf.mp4,0.11297274380922318
jjatiqwprk.mp4,0.6286908388137817
jjaucqyrvr.mp4,0.727311372756958
jjaznboikk.mp4,0.9147624969482422
jjbhtojerm.mp4,0.709382176399231
jjbnzycnjx.mp4,0.9541867971420288
jjcjyopdij.mp4,0.8885213136672974
jjdpjztgcz.mp4,0.8831889629364014
jjdwscmboo.mp4,0.9317368268966675
jjeaszmkza.mp4,0.07767884433269501
jjegzfkwua.mp4,0.9167319536209106
jjewbavpac.mp4,0.9486498832702637
jjgtlwcvcd.mp4,0.7427462339401245
jjhjxpaigu.mp4,0.9773172736167908
jjhkbwwqrc.mp4,0.5249192714691162
jjhpptdzjz.mp4,0.7155767679214478
jjhsftlvgu.mp4,0.9064775705337524
jjhxmoubcn.mp4,0.9195331335067749
jjimhynmzu.mp4,0.8736686706542969
jjiniiqbdk.mp4,0.8585395812988281
jjioflapll.mp4,0.6887866854667664
jjisxhettl.mp4,0.9455347657203674
jjiyiossrk.mp4,0.8566205501556396
jjizylneqz.mp4,0.8796114325523376
jjjxdrrspz.mp4,0.8696596026420593
jjkpklrqdm.mp4,0.0972258448600769
jjlrpcdplq.mp4,0.8752927780151367
jjneuahmex.mp4,0.9215488433837891
jjpxjuttbz.mp4,0.7460812926292419
jjqmlkkoss.mp4,0.776578962802887
jjqwvrjcdw.mp4,0.669001042842865
jjrerovpht.mp4,0.8565529584884644
jjrkvkivfj.mp4,0.8738272786140442
jjsxqhxjgs.mp4,0.8854008913040161
jjtgqihnkq.mp4,0.770148515701294
jjucpwlsyb.mp4,0.9791775345802307
jjucwgygvo.mp4,0.8738312125205994
jjuipjbvhv.mp4,0.977215588092804
jjvghtthcl.mp4,0.7419499158859253
jjvvyfomho.mp4,0.9662659168243408
jjvxeeawfq.mp4,0.8307017683982849
jjxcruldox.mp4,0.9600032567977905
jjxtumenxk.mp4,0.06195354461669922
jjxyytiqmz.mp4,0.9412725567817688
jjyaisgtip.mp4,0.8782163262367249
jjykaarsdc.mp4,0.9827750325202942
jjylebqgmf.mp4,0.6444878578186035
jjyrmbentx.mp4,0.9551340341567993
jjzecoytux.mp4,0.8991195559501648
jjzhotwzlf.mp4,0.9349564909934998
jjzpwcociv.mp4,0.06367632746696472
jjzveabagf.mp4,0.038221996277570724
jjzvfvkqau.mp4,0.8084142804145813
jjzvwdlibv.mp4,0.7785561084747314
jjzzbsslun.mp4,0.917267918586731
jkadnvoqhk.mp4,0.14482586085796356
jkajqpwiay.mp4,0.9157021641731262
jkaxqpkyus.mp4,0.9504534006118774
jkbqvpskqd.mp4,0.9631727337837219
jkcechtgho.mp4,0.061024319380521774
jkcjgwysvs.mp4,0.9352084994316101
jkcpbcpnft.mp4,0.6701783537864685
jkcrlgetfu.mp4,0.9394811987876892
jkdovnmcyr.mp4,0.927935004234314
jkeophrouw.mp4,0.8037024140357971
jkerwpnymv.mp4,0.7107661366462708
jkeseloldg.mp4,0.9646509885787964
jkewzshsmz.mp4,0.9510221481323242
jkezosrcnt.mp4,0.9422950148582458
jkfmldabrv.mp4,0.9059509038925171
jkfukzcjxd.mp4,0.9800786972045898
jkgbnwzqek.mp4,0.7254855632781982
jkgoacwovv.mp4,0.9072299599647522
jkgoimbcrr.mp4,0.9446685910224915
jkhauakgrv.mp4,0.8967787623405457
jkhfnbdhfg.mp4,0.6833187937736511
jkhndcqgco.mp4,0.9433737397193909
jkicnpuhvx.mp4,0.11793605983257294
jkjahwrghe.mp4,0.9202117919921875
jkjvxgxdjy.mp4,0.8544636368751526
jkkunmjtak.mp4,0.33443906903266907
jklgmuitrh.mp4,0.9734686017036438
jklyzyoipl.mp4,0.9232953190803528
jkmhvprjrl.mp4,0.9339993596076965
jknqixlovb.mp4,0.9395327568054199
jkntlgmvaz.mp4,0.857814371585846
jkpquolhfq.mp4,0.9791447520256042
jkquqsonfp.mp4,0.8259660601615906
jkqvidhxwz.mp4,0.1469591110944748
jkrbsekajk.mp4,0.054749444127082825
jksdgjxuws.mp4,0.5959584712982178
jkvhhqmgys.mp4,0.49060747027397156
jkvlkqerux.mp4,0.8789088726043701
jkweqswkmp.mp4,0.9058550596237183
jkxfexovpf.mp4,0.8190921545028687
jkxqgxayto.mp4,0.6537763476371765
jkxwrvgzpr.mp4,0.9024050831794739
jkxxwfycsj.mp4,0.6479321122169495
jkyarpmxxv.mp4,0.9302623271942139
jkyizkpqxe.mp4,0.8502881526947021
jkzfwaqzan.mp4,0.5410131216049194
jkzguoxgrp.mp4,0.9393953084945679
jkzjtazxdp.mp4,0.9630680084228516
jlakbruuxj.mp4,0.3243877589702606
jlawarjbur.mp4,0.9293173551559448
jlbcbzbacz.mp4,0.12881986796855927
jlbntfvurf.mp4,0.06150921434164047
jlckrvhipl.mp4,0.5742532014846802
jlddvpzbqy.mp4,0.3689795136451721
jldkmbxccu.mp4,0.17461282014846802
jlekihrhsg.mp4,0.8844939470291138
jlewhjxkiy.mp4,0.8686612844467163
jlfadvmypa.mp4,0.7703412771224976
jlfbbdaykv.mp4,0.9006723165512085
jlfipzbuxq.mp4,0.9318994879722595
jlfxmldeeu.mp4,0.9342273473739624
jlglwdojut.mp4,0.8130918741226196
jlguomaojq.mp4,0.970089316368103
jlhsqzadgp.mp4,0.9665396809577942
jlhuzeuopl.mp4,0.5899955630302429
jlixlzgucm.mp4,0.9887250065803528
jliyplgfng.mp4,0.9402183294296265
jlizymitsl.mp4,0.721207857131958
jljgjmdovb.mp4,0.060746971517801285
jljzdmmudi.mp4,0.7947793006896973
jlkzypbjmv.mp4,0.555503785610199
jllgksrwas.mp4,0.9261508584022522
jlmlxnalsb.mp4,0.8938918709754944
jlmqjvtale.mp4,0.3283139765262604
jlmxgiwjrj.mp4,0.9602287411689758
jlnatrmsqw.mp4,0.14016541838645935
jlnsjehljf.mp4,0.5526864528656006
jlomryzlcu.mp4,0.19844092428684235
jlpqzjladg.mp4,0.7943053841590881
jlptkfupjy.mp4,0.8571081757545471
jlqarzddeg.mp4,0.8627420663833618
jlqfjykhee.mp4,0.923906147480011
jlqijydxwb.mp4,0.394471138715744
jlqudxkdvc.mp4,0.9359006285667419
jlritrohgw.mp4,0.8632162809371948
jlriwaayvn.mp4,0.20465540885925293
jlrrmdznai.mp4,0.46720752120018005
jlrztjivsw.mp4,0.3602856993675232
jlskmeevxr.mp4,0.8266251087188721
jlsmicekzq.mp4,0.8685505986213684
jlsylbojlt.mp4,0.10840418934822083
jlszsmbpze.mp4,0.7928835153579712
jltbsrpksq.mp4,0.9577755331993103
jltiodskcw.mp4,0.8412320017814636
jltluebzse.mp4,0.8022000789642334
jltrqfzlnr.mp4,0.8727717995643616
jltudfiwwr.mp4,0.8516643047332764
jlunuxqucj.mp4,0.8420098423957825
jluxdyftpa.mp4,0.3637615442276001
jlvxmssvwi.mp4,0.9017041921615601
jlvyaxhixs.mp4,0.7822292447090149
jlwrjxfwdi.mp4,0.9012958407402039
jlxhfphwpw.mp4,0.9480606913566589
jlxiyagdjo.mp4,0.5186662077903748
jlxnfqocew.mp4,0.8804733157157898
jlxnzxtopm.mp4,0.14545893669128418
jlxpoalwya.mp4,0.7985956072807312
jlxutyzemo.mp4,0.09827999025583267
jlyvtlcajx.mp4,0.7102009654045105
jlzbyxqgiw.mp4,0.773546576499939
jlzelzmyin.mp4,0.0718141421675682
jlzlqfqitl.mp4,0.9481784105300903
jmaszdwnkz.mp4,0.8813414573669434
jmaylyisgz.mp4,0.19815963506698608
jmbyprxmfn.mp4,0.15032869577407837
jmcqwwcuxp.mp4,0.954760730266571
jmctsixbhk.mp4,0.9340153336524963
jmddxhehsb.mp4,0.9573237895965576
jmdylhjyzf.mp4,0.5142847299575806
jmdztfcyhm.mp4,0.9815887808799744
jmfgkwgyym.mp4,0.9138427376747131
jmfiehgkcn.mp4,0.923306405544281
jmfjkqyyej.mp4,0.4640149474143982
jmfwryxneg.mp4,0.3485468327999115
jmghqvqgxv.mp4,0.5
jmgozrnbir.mp4,0.8775606155395508
jmguakcwsy.mp4,0.8366338610649109
jmhyfazbda.mp4,0.9343293309211731
jmjcqrggsw.mp4,0.8322910070419312
jmjgnikdsu.mp4,0.9592059254646301
jmkkbkvbjo.mp4,0.2432374656200409
jmkmzlvpnw.mp4,0.9817362427711487
jmluyrxtfn.mp4,0.9305423498153687
jmmecntohl.mp4,0.9758296012878418
jmmhppwkfg.mp4,0.04962068796157837
jmoqelikic.mp4,0.9130475521087646
jmoxeyiywo.mp4,0.9623391628265381
jmpnxczwnl.mp4,0.8371420502662659
jmpqzlmmpr.mp4,0.6017158627510071
jmpybygqon.mp4,0.8813714385032654
jmqpsimwcd.mp4,0.5288639068603516
jmrdtweydv.mp4,0.8979452848434448
jmrfbhqnqk.mp4,0.4324454963207245
jmscipgnyr.mp4,0.9493128061294556
jmshwmfhqi.mp4,0.9259682297706604
jmszrburbe.mp4,0.8472668528556824
jmteqvfilc.mp4,0.9031556248664856
jmubocmowh.mp4,0.21185508370399475
jmvmumowjq.mp4,0.9392461180686951
jmvmztomdw.mp4,0.49003955721855164
jmvnxexych.mp4,0.8794869780540466
jmxdbxjqzu.mp4,0.0572669617831707
jmxkiuxzvg.mp4,0.948131799697876
jmzkawfzqt.mp4,0.2680853009223938
jnaftxxutz.mp4,0.9783735275268555
jnafwjebjb.mp4,0.9628510475158691
jnairglkux.mp4,0.11168304085731506
jnalvclkjn.mp4,0.7258424758911133
jnariwnatr.mp4,0.9334529638290405
jnassgopcp.mp4,0.8655780553817749
jnbbbxihbh.mp4,0.889954686164856
jnbvbbened.mp4,0.05514860525727272
jncnyigscz.mp4,0.057520490139722824
jncrjhqvhx.mp4,0.9110618829727173
jnctoqoufb.mp4,0.4864981770515442
jncuaosxat.mp4,0.9778060913085938
jnddcpkepm.mp4,0.34040597081184387
jndobzgjpi.mp4,0.7493250370025635
jneckvehyk.mp4,0.7881110906600952
jnekajvlcj.mp4,0.933211624622345
jnfzspjgzo.mp4,0.700355589389801
jngzmnnulf.mp4,0.8327555060386658
jniamiezfj.mp4,0.9720327854156494
jnianhnlvr.mp4,0.11258982121944427
jnifcpyxho.mp4,0.8874275088310242
jninyixxqv.mp4,0.8749217987060547
jniytngcmy.mp4,0.1692032516002655
jnjzwcogsw.mp4,0.8422070145606995
jnkdtmwlje.mp4,0.09320668876171112
jnkiecpeve.mp4,0.9210192561149597
jnklpeolur.mp4,0.8831109404563904
jnlevanrpd.mp4,0.971733570098877
jnlfhlzhub.mp4,0.8733308911323547
jnlfystmzs.mp4,0.9505892992019653
jnlsblkssg.mp4,0.8888737559318542
jnmglqfqah.mp4,0.6960134506225586
jnmpqwqtkc.mp4,0.9268937706947327
jnnwcesqop.mp4,0.8964300155639648
jnocmrgime.mp4,0.8669754862785339
jnoeawijqg.mp4,0.47165563702583313
jnohxdgsjl.mp4,0.17822714149951935
jnpfknbyus.mp4,0.9016571044921875
jnphuclors.mp4,0.7936139106750488
jnqakjilnm.mp4,0.8070679306983948
jnqgbeifos.mp4,0.9039695262908936
jnqjchroea.mp4,0.913131594657898
jnqovqcklb.mp4,0.9433792233467102
jnqvvbpcjn.mp4,0.9136719703674316
jnrbjcsxlz.mp4,0.07234203815460205
jnrgqzlvvr.mp4,0.9230771064758301
jnrtzfzpqa.mp4,0.9642679691314697
jnsjlslwuk.mp4,0.08811264485120773
jnszxfdvdu.mp4,0.3401152789592743
jntpviiziw.mp4,0.9793915152549744
jntsnqioce.mp4,0.7084024548530579
jnuwxldmly.mp4,0.8958486914634705
jnvycbkaph.mp4,0.6675983667373657
jnwgtwdhxe.mp4,0.8532593846321106
jnxlymnqfm.mp4,0.7183213829994202
jnxqztdgyp.mp4,0.7099959850311279
jnxzkzidtd.mp4,0.8039442300796509
jnylusceha.mp4,0.0783577710390091
jnyrjjagxb.mp4,0.6585589647293091
jnzhqeyysi.mp4,0.8925124406814575
jnzhwkdkfi.mp4,0.6248365044593811
jnztiadssn.mp4,0.9503858685493469
joadtqvfwc.mp4,0.066724494099617
joarxdehel.mp4,0.9231487512588501
jobjurhuvr.mp4,0.8328047394752502
jobvtomjyt.mp4,0.680117666721344
jocksapjca.mp4,0.8649686574935913
jodmpxamjm.mp4,0.11777857691049576
jodpxdnajh.mp4,0.9218258857727051
joeagxxbbn.mp4,0.31309059262275696
joerzhqnzc.mp4,0.863796591758728
joevjtjgzn.mp4,0.7182285189628601
joezmuxfzt.mp4,0.6430848240852356
jofvevjwim.mp4,0.5765507221221924
joghmjwscd.mp4,0.8403290510177612
jogihuryca.mp4,0.7101566791534424
jogkhwcrmg.mp4,0.9253451824188232
johpgxjpdm.mp4,0.06194664537906647
jojbvmgyeh.mp4,0.304873526096344
jokhonzxiw.mp4,0.8708415627479553
jokljefhzw.mp4,0.7066291570663452
jokpgieozn.mp4,0.9753468632698059
jokskvrmmm.mp4,0.9319447875022888
jokumtsegd.mp4,0.9202286005020142
jokvzuiivx.mp4,0.9586392045021057
jokxnelnfn.mp4,0.145131453871727
jolmlanwhp.mp4,0.8175841569900513
jolrloqajj.mp4,0.7667257785797119
jolrzhwbbv.mp4,0.931250274181366
jomnognvrf.mp4,0.6805106997489929
jonnrxawsy.mp4,0.6563124656677246
jonqjioucp.mp4,0.9192121624946594
jonrxepdxk.mp4,0.8985728025436401
joooyxhqxq.mp4,0.8638397455215454
joouypmnuc.mp4,0.8995913863182068
jooxuprezs.mp4,0.9445223212242126
jopktpwppc.mp4,0.8177637457847595
joqcupcigh.mp4,0.8683831095695496
joqovzhazn.mp4,0.9306524991989136
joresvocdj.mp4,0.9329574704170227
jorghlmkzr.mp4,0.9570356607437134
jorxoesoqa.mp4,0.8914412260055542
jorytevubi.mp4,0.9897794127464294
joshukhbpp.mp4,0.9057831168174744
jotosdekah.mp4,0.1102486401796341
jotrtxqekz.mp4,0.8752714395523071
jotuktkehu.mp4,0.7326875925064087
jouzjsxkns.mp4,0.15467864274978638
jovaaaryaf.mp4,0.9765270352363586
jovcwgatlt.mp4,0.12469016015529633
jovfjkwibx.mp4,0.711219072341919
jovlorawmz.mp4,0.8641445636749268
jovohczybs.mp4,0.9289346933364868
jovrnujurf.mp4,0.8893426060676575
jovrzaqluh.mp4,0.08564728498458862
jowyxevmgi.mp4,0.7502573132514954
joxdqiidul.mp4,0.9126394391059875
joxhszkkjj.mp4,0.8545792102813721
joywacizgw.mp4,0.25373542308807373
jozdpkfbxt.mp4,0.9335676431655884
jozfaxodnx.mp4,0.15450046956539154
jozivrywzt.mp4,0.8592028617858887
jozmldrwgz.mp4,0.9046887755393982
jpaaavcygy.mp4,0.342123806476593
jpafxndgfr.mp4,0.8866357207298279
jpagxhejyn.mp4,0.9524411559104919
jpatduagju.mp4,0.6222490072250366
jpbsnyitmv.mp4,0.8713237643241882
jpbwbkobnp.mp4,0.5383804440498352
jpccbvwvtm.mp4,0.883648693561554
jpdeqadibf.mp4,0.9274073839187622
jpdgijasir.mp4,0.4327421486377716
jpdramsluc.mp4,0.5793094635009766
jpdyndogbm.mp4,0.8440770506858826
jpehvirzib.mp4,0.9254535436630249
jpfvktyhki.mp4,0.8977435231208801
jpfycrnhpt.mp4,0.9137606024742126
jpfzokwegi.mp4,0.8386415839195251
jpgcajdzti.mp4,0.8140493631362915
jpgkbrytxq.mp4,0.7139121294021606
jpgxvefxgz.mp4,0.864619255065918
jphdtidaxt.mp4,0.7702935934066772
jpheyemqik.mp4,0.2653755843639374
jphjxklkju.mp4,0.5565382242202759
jphmsrnsao.mp4,0.8730948567390442
jphpxiiqfd.mp4,0.9031047821044922
jpiejubkdq.mp4,0.9361921548843384
jpihwuiifn.mp4,0.8975355625152588
jpisfbtjcc.mp4,0.5304192304611206
jpjehzhiin.mp4,0.8744985461235046
jpjmnzilmz.mp4,0.20148885250091553
jpkmpxrpto.mp4,0.853037416934967
jpkoxyoqos.mp4,0.46783921122550964
jpkzbwgjtd.mp4,0.09152612835168839
jplaesabpj.mp4,0.06278390437364578
jplbbczwuy.mp4,0.7103325724601746
jplepofmsa.mp4,0.886771559715271
jpmbnyxyav.mp4,0.8826102018356323
jpmqvhzmku.mp4,0.9430071115493774
jpndpzugdy.mp4,0.07061010599136353
jpnlrqjucb.mp4,0.9663231372833252
jpnvbfcekk.mp4,0.8695564866065979
jppstvntfb.mp4,0.8884648084640503
jppuqzlevo.mp4,0.8685103058815002
jprhvuildq.mp4,0.8880524635314941
jprsmiybem.mp4,0.04917483404278755
jprtolusrq.mp4,0.43198642134666443
jpsktrbyxi.mp4,0.6411833763122559
jpsmggkazz.mp4,0.9824375510215759
jpsqzmhcnw.mp4,0.9291951060295105
jptnaxsxuq.mp4,0.9424325823783875
jptqtosioi.mp4,0.9240057468414307
jptxjzbrva.mp4,0.952165424823761
jptxsmuwid.mp4,0.9322963953018188
jpuaeekbgd.mp4,0.11479561030864716
jpvnwlrjde.mp4,0.2786537706851959
jpvzilkqvz.mp4,0.8104134798049927
jpwekhucij.mp4,0.905345618724823
jpwykgqklz.mp4,0.2575255036354065
jpxbkxyrss.mp4,0.11542676389217377
jpxbpzuzjr.mp4,0.8964403867721558
jpxcjjccwt.mp4,0.9444311857223511
jpxkshkspx.mp4,0.9119482636451721
jpxrvemllw.mp4,0.03844982385635376
jpyovsnfga.mp4,0.7932084798812866
jpzkhpexle.mp4,0.7785055041313171
jpzmwcnutj.mp4,0.5356675386428833
jpzscqcjvz.mp4,0.9191065430641174
jqacsyczuc.mp4,0.856052577495575
jqaylxoyjy.mp4,0.8615968823432922
jqbljzbear.mp4,0.9454010725021362
jqbynrrpsx.mp4,0.34600916504859924
jqcfzqfmuo.mp4,0.9101200699806213
jqcpikryji.mp4,0.9763368368148804
jqcpzouxvk.mp4,0.6374341249465942
jqcqlmyrwk.mp4,0.9098801612854004
jqdieyzjvv.mp4,0.750345766544342
jqdmjirujb.mp4,0.9676105976104736
jqedfvszwq.mp4,0.9200478792190552
jqepglgamm.mp4,0.9159697890281677
jqflbegyzp.mp4,0.9370002150535583
jqgiabjdum.mp4,0.44500407576560974
jqhsfrduxs.mp4,0.974793016910553
jqipvvsisb.mp4,0.954545795917511
jqjfgalnfp.mp4,0.395260751247406
jqjfpkuckf.mp4,0.6078357100486755
jqkzcdhvaf.mp4,0.3248201608657837
jqkzvipdcr.mp4,0.5091302394866943
jqmimsdrly.mp4,0.9443056583404541
jqmpshwlgy.mp4,0.9551000595092773
jqnatdphlg.mp4,0.9152594208717346
jqnebbpshx.mp4,0.9749482870101929
jqnlikkyhe.mp4,0.9528831243515015
jqocbvfwpp.mp4,0.8695699572563171
jqomvjjjxk.mp4,0.8641634583473206
jqqbnrvzkp.mp4,0.7523991465568542
jqrfrqykue.mp4,0.6408690214157104
jqrhbfryac.mp4,0.09998414665460587
jqtyrtchdu.mp4,0.957557737827301
jquxgyjljl.mp4,0.9615205526351929
jqvedzkrxw.mp4,0.8135848045349121
jqvvlcurkn.mp4,0.9814174771308899
jqwdzyuttc.mp4,0.9584739804267883
jqwvvaqpao.mp4,0.9572165608406067
jqwycsurda.mp4,0.9218021035194397
jqwypxfbns.mp4,0.11211580038070679
jqxfscpibb.mp4,0.3359341025352478
jqxwaaqvhu.mp4,0.9874390363693237
jqygrschbg.mp4,0.6822524070739746
jqyiwooilh.mp4,0.7402999997138977
jqzmyutuml.mp4,0.9078093767166138
jqzmzfqpcq.mp4,0.8121514916419983
jqznabqbes.mp4,0.9811691641807556
jqzpfigaxh.mp4,0.9112290143966675
jqzpssmrex.mp4,0.7584130764007568
jraehbxfgj.mp4,0.1429973542690277
jrakqbwquo.mp4,0.9257829189300537
jrbnxvgdva.mp4,0.9101622104644775
jrbpgglpyk.mp4,0.684554934501648
jrbvssypfd.mp4,0.8866330981254578
jrcbxevnrf.mp4,0.6218294501304626
jrcnquaako.mp4,0.8781160116195679
jrcyjnygdg.mp4,0.8759283423423767
jrdaowgknr.mp4,0.05042562633752823
jrdkewnpng.mp4,0.7409242391586304
jrdsdnlvzp.mp4,0.9683087468147278
jrdspknouk.mp4,0.8436858057975769
jrewpuztaa.mp4,0.8977252840995789
jrfaqilmkz.mp4,0.9667051434516907
jrfysqxoyv.mp4,0.108607217669487
jrgkbiayur.mp4,0.6111531853675842
jrikdpwrfr.mp4,0.24481232464313507
jrjcmzjmfk.mp4,0.548180878162384
jrjotygsxf.mp4,0.872040867805481
jrjrmrjlqb.mp4,0.9834794402122498
jrjvzpjldk.mp4,0.9878432750701904
jrjxehotww.mp4,0.7561583518981934
jrkdzpijpb.mp4,0.7570735812187195
jrkvtfizbr.mp4,0.7796308398246765
jrlepsymil.mp4,0.44753432273864746
jrmdnwgdfi.mp4,0.9182766675949097
jrmgqzgcmj.mp4,0.8747499585151672
jrmqsinefn.mp4,0.8844130039215088
jrmrihegbn.mp4,0.903774619102478
jrmxtiyweq.mp4,0.7924091219902039
jrngrhmgor.mp4,0.8138697743415833
jrnklhsqet.mp4,0.1328122317790985
jrofpjxnob.mp4,0.9110366106033325
jroutjpyfa.mp4,0.4897204041481018
jroxppirqe.mp4,0.1816803514957428
jrrhsbwjph.mp4,0.9761252999305725
jrsdfyvfig.mp4,0.7404931783676147
jrstztoybc.mp4,0.914422869682312
jrtadvzeby.mp4,0.9332539439201355
jrtcxweqxe.mp4,0.9168500900268555
jrtgsrmvfu.mp4,0.06725630909204483
jrtkfzvedu.mp4,0.9597426652908325
jruczqfsaj.mp4,0.9031590223312378
jruqdkdnnz.mp4,0.9774239659309387
jruxzqarwf.mp4,0.9838811755180359
jrviwokzrg.mp4,0.8126147985458374
jrvtaxyblu.mp4,0.919661283493042
jrwgmfdfsf.mp4,0.9409065246582031
jrwqouwlzc.mp4,0.8215364813804626
jrxmyjotcc.mp4,0.945256233215332
jrxvchrgwp.mp4,0.9720337986946106
jrymyxtjqo.mp4,0.8282575607299805
jryzaxwhjq.mp4,0.09322533011436462
jrzibpjody.mp4,0.9590754508972168
jrzjifqtpt.mp4,0.9069268107414246
jrzmnqcxmm.mp4,0.5208975076675415
jrzwabkkvh.mp4,0.8972609639167786
jsaoosmkqe.mp4,0.4621644914150238
jsbhkmrppe.mp4,0.6841153502464294
jsbrememgc.mp4,0.3231588900089264
jscprixdqn.mp4,0.9197575449943542
jscqgaevuz.mp4,0.9363173842430115
jsdonkriyw.mp4,0.8717525005340576
jsecestmul.mp4,0.7246222496032715
jseklzygum.mp4,0.9524277448654175
jseujyrgvb.mp4,0.9896044731140137
jsfajipqks.mp4,0.9090388417243958
jsgexbapus.mp4,0.8090947866439819
jsgivepvkt.mp4,0.9448740482330322
jsgruvxkuk.mp4,0.25945690274238586
jshdgdhbek.mp4,0.10166957974433899
jshkqnynbh.mp4,0.9564884305000305
jshlzwhsgf.mp4,0.8714723587036133
jsijpxmjir.mp4,0.683907687664032
jsiknrqthx.mp4,0.9220882058143616
jsirfifkwz.mp4,0.8963559865951538
jsjlxjzlid.mp4,0.9628921151161194
jskqsjbzfd.mp4,0.03931641951203346
jsmlfwdmht.mp4,0.8981361985206604
jsmohpxtcr.mp4,0.21997135877609253
jsmpyzdmtj.mp4,0.8670786023139954
jsnghlpxpu.mp4,0.049414489418268204
jsnrkyovgc.mp4,0.9272492527961731
jsoimzdksr.mp4,0.8737849593162537
jsoouhmwsb.mp4,0.36357036232948303
jsqtbnxnpb.mp4,0.8408148288726807
jsqwrghyep.mp4,0.9240630269050598
jsrgcgsqll.mp4,0.9500472545623779
jsruxnmhbz.mp4,0.9166311025619507
jssvebigdw.mp4,0.983353316783905
jssvhybdxi.mp4,0.9314162731170654
jstfqtqxsd.mp4,0.933807909488678
jstmyejtty.mp4,0.7697927951812744
jsugobkfqg.mp4,0.9192334413528442
jsujujzxqn.mp4,0.9044037461280823
jsxhjvxmah.mp4,0.9853902459144592
jsyceusvro.mp4,0.9338104128837585
jsydtyxubs.mp4,0.05203907564282417
jsyhejuznh.mp4,0.1486118584871292
jsyisypskd.mp4,0.9468031525611877
jsytdoqkoh.mp4,0.9582199454307556
jtaqzshggo.mp4,0.9517300724983215
jtbqjkgfnk.mp4,0.40559595823287964
jtbslmtffu.mp4,0.6780757904052734
jtcfpzwbkf.mp4,0.8848050236701965
jtcnvejifk.mp4,0.9330499172210693
jtcplqzvaf.mp4,0.899416983127594
jtcsjwncak.mp4,0.17690998315811157
jtcsllillq.mp4,0.9386261105537415
jtctmvotlp.mp4,0.9603300094604492
jtcwyiywmy.mp4,0.9007387161254883
jtddriehmx.mp4,0.9545146226882935
jtduaxahlv.mp4,0.0428069606423378
jtdvenwmkx.mp4,0.948932945728302
jtfhglskyq.mp4,0.39984533190727234
jtfrlnkyoz.mp4,0.9827778935432434
jtgesoyiiy.mp4,0.7961452603340149
jtguzdzxod.mp4,0.9222913384437561
jthegfowct.mp4,0.89674311876297
jthjtdmodv.mp4,0.05801883712410927
jthldhxvfu.mp4,0.899074375629425
jthxydasmt.mp4,0.9088059067726135
jtiideprrg.mp4,0.9172635078430176
jtjejchhfw.mp4,0.5101524591445923
jtkjxwyvpu.mp4,0.30638182163238525
jtkkxssxge.mp4,0.9831739664077759
jtkqjeenlp.mp4,0.9708609580993652
jtkyoulizr.mp4,0.16010689735412598
jtlcfpgpim.mp4,0.9595050811767578
jtlhnksetc.mp4,0.9232163429260254
jtlujteklr.mp4,0.9084076285362244
jtmaersduo.mp4,0.8860173225402832
jtmjzepxmy.mp4,0.8613125681877136
jtmsnqqvpc.mp4,0.9305171966552734
jtnyvsvczz.mp4,0.9606360793113708
jtpaxywixp.mp4,0.9544951319694519
jtplbbgtup.mp4,0.9254417419433594
jtpmcpcbsn.mp4,0.9204365611076355
jtpxeylqez.mp4,0.9393715858459473
jtqoahhdyw.mp4,0.9303135275840759
jtqsywdslx.mp4,0.9153759479522705
jtsiisuilu.mp4,0.9322869777679443
jttbenjinn.mp4,0.7111999988555908
jttgsevqku.mp4,0.6025856733322144
jtthbxcbqd.mp4,0.9641736149787903
jttzqzzikd.mp4,0.949107825756073
jtuuajwtiq.mp4,0.9311680793762207
jtvbtwmfgr.mp4,0.8739981055259705
jtwpwdqmxz.mp4,0.14861883223056793
jtxwpqhbyy.mp4,0.06535720080137253
jtyrcldkrn.mp4,0.871023416519165
jtzekkwofj.mp4,0.9608330726623535
jtzmffmroy.mp4,0.9222817420959473
jtzuvuqqxk.mp4,0.9029089212417603
juaqsqaphv.mp4,0.19915825128555298
jubibhoyio.mp4,0.9553157687187195
jucamxomcy.mp4,0.8796435594558716
jucbwpzqmj.mp4,0.9031070470809937
judijcrqow.mp4,0.6994982957839966
judmcwbhws.mp4,0.9863365292549133
judnahasmd.mp4,0.45078763365745544
judokbfarj.mp4,0.903531014919281
judvmmvwll.mp4,0.9321361780166626
judztawuje.mp4,0.9122850298881531
jueeritxcp.mp4,0.946353018283844
juenjlzrap.mp4,0.8931677341461182
juewofufos.mp4,0.4278012812137604
jufcykpvra.mp4,0.9612126350402832
jufqbtclow.mp4,0.8883100152015686
jufzjqtqux.mp4,0.9704029560089111
juigeuwbxn.mp4,0.49982109665870667
jujbjgqshr.mp4,0.7287158966064453
jujpqsrgll.mp4,0.11880974471569061
jujuzhqrdz.mp4,0.11933191120624542
jukuwuqiik.mp4,0.9508004784584045
jukyfuxrka.mp4,0.9284197092056274
julfellhdf.mp4,0.06186965852975845
julfknzrsp.mp4,0.8362879753112793
julkwjicct.mp4,0.8365926742553711
julnynlqul.mp4,0.8741604089736938
junmjuoplm.mp4,0.6882402896881104
junospzshm.mp4,0.9647145867347717
junvgpndop.mp4,0.9543860554695129
junyrlainl.mp4,0.5199834704399109
junzqfxzxj.mp4,0.8751323819160461
junzzlnlfw.mp4,0.7543632388114929
juojkwweft.mp4,0.9025242924690247
juprmlognj.mp4,0.9843953251838684
jupshqfhqz.mp4,0.959773600101471
juqgdaxcej.mp4,0.09695954620838165
jurtcmuywj.mp4,0.9821633696556091
jurznbpwvc.mp4,0.7995262145996094
jusmragukx.mp4,0.16349728405475616
jusvaqqpde.mp4,0.8480007648468018
jutghbcklw.mp4,0.8672486543655396
jutkyeczir.mp4,0.35458388924598694
juudbscpul.mp4,0.6454195976257324
juugrqdhai.mp4,0.8635089993476868
juvkgfopbn.mp4,0.9879473447799683
juvnnolwbw.mp4,0.09582314640283585
juvomhxzgt.mp4,0.756507933139801
juxswrseor.mp4,0.9230697751045227
juxwemqaoo.mp4,0.05250608175992966
juysldanin.mp4,0.6767107248306274
juyzxfaydw.mp4,0.9153713583946228
juzdhkxpkp.mp4,0.29730990529060364
juzetmgaoc.mp4,0.07467114180326462
juzhmqbiwn.mp4,0.7487954497337341
jvatbrmbty.mp4,0.6663334369659424
jvathupada.mp4,0.9201588034629822
jvcerwsnlb.mp4,0.9307489991188049
jvdaoipduc.mp4,0.8593940138816833
jvebpyiget.mp4,0.8959875702857971
jveqsndvuv.mp4,0.9890631437301636
jveskbrbnb.mp4,0.8214398622512817
jveubdamoh.mp4,0.8891066908836365
jvfhbqvixc.mp4,0.3850046396255493
jvfsalaiqa.mp4,0.9570276141166687
jvgpkmbudt.mp4,0.920921802520752
jvgrsfohjf.mp4,0.9257920384407043
jvgwcmnpdf.mp4,0.893318772315979
jvhfzjtzww.mp4,0.7355021238327026
jvhidzdcec.mp4,0.9215162992477417
jvihmimqca.mp4,0.15040306746959686
jvjstqodrq.mp4,0.5676047801971436
jvkzxerjub.mp4,0.37283581495285034
jvltbfzcox.mp4,0.974349856376648
jvlvkijuwa.mp4,0.6561658382415771
jvlzvgcfft.mp4,0.9576338529586792
jvmdzcrakg.mp4,0.13749398291110992
jvmjjaljep.mp4,0.9288451075553894
jvngdavyfw.mp4,0.8852569460868835
jvoccwojhu.mp4,0.9007610082626343
jvomudwqga.mp4,0.9569041728973389
jvoqzzvbmu.mp4,0.9622079133987427
jvozxoqwly.mp4,0.9353155493736267
jvppjxymwn.mp4,0.9756898880004883
jvpwjupnxs.mp4,0.8138952851295471
jvqcvinqvt.mp4,0.8011808395385742
jvrtqrtulh.mp4,0.9613478183746338
jvrwshxjmr.mp4,0.8255443572998047
jvscpktkpv.mp4,0.8700941801071167
jvsyayposo.mp4,0.8361271619796753
jvtttgwsha.mp4,0.6544223427772522
jvtziksdfh.mp4,0.30095070600509644
jvuvxjexte.mp4,0.9021655917167664
jvwywiexxx.mp4,0.8268219232559204
jvxheknnqd.mp4,0.9328149557113647
jvxjzbyori.mp4,0.8609171509742737
jvxlwcmwed.mp4,0.8505265116691589
jvyfzizdvi.mp4,0.8231920599937439
jvynjragij.mp4,0.9295265078544617
jvyohfbofm.mp4,0.9727975726127625
jvyyumogsy.mp4,0.933274507522583
jvzakxfpyy.mp4,0.9846376180648804
jvzdpyonga.mp4,0.25920534133911133
jvzmzgqtrk.mp4,0.7643320560455322
jvzugoakqs.mp4,0.8523936867713928
jvzvsqomru.mp4,0.8710963726043701
jwaqydcpzq.mp4,0.7125900983810425
jwavordtzd.mp4,0.7385618686676025
jwaxanlhde.mp4,0.5057939887046814
jwbkfbbcrr.mp4,0.9203982353210449
jwblarntfg.mp4,0.7246033549308777
jwbsicnbyc.mp4,0.12450691312551498
jwcbwrlvuh.mp4,0.9538775086402893
jwccbzribj.mp4,0.9685859680175781
jwcnguujiv.mp4,0.07937464863061905
jwdsnktmhq.mp4,0.8142801523208618
jwduqoictl.mp4,0.9574459791183472
jwelkizwxd.mp4,0.8085948824882507
jweuoqgyld.mp4,0.5571871399879456
jwfjptfxnf.mp4,0.7786916494369507
jwfxbianjp.mp4,0.9649407267570496
jwgadxzcju.mp4,0.12314651161432266
jwgfhyetvy.mp4,0.04527200758457184
jwgfvqfwki.mp4,0.9107222557067871
jwgvjcjkbs.mp4,0.7093038558959961
jwhjmfgnvx.mp4,0.8513938188552856
jwhqfaoimh.mp4,0.9556978344917297
jwhsfrbrzw.mp4,0.9343544840812683
jwieuusxut.mp4,0.1388806402683258
jwjejpuxwp.mp4,0.8959219455718994
jwjymqansz.mp4,0.729672372341156
jwlfunyzqs.mp4,0.27863115072250366
jwlknkklyh.mp4,0.8413257002830505
jwlnlxrqtq.mp4,0.9520707130432129
jwmbhisqhn.mp4,0.9607279300689697
jwnpyrhcty.mp4,0.2627539336681366
jwosnmryka.mp4,0.7911108732223511
jwpwtrckks.mp4,0.8944482207298279
jwqfhcyjtt.mp4,0.8929436206817627
jwqlywbftq.mp4,0.9417228102684021
jwqplyokhy.mp4,0.894685685634613
jwrypvpvpx.mp4,0.07442565262317657
jwrzplnlfn.mp4,0.8990258574485779
jwsaofatad.mp4,0.940589964389801
jwsiosxyhw.mp4,0.5537993907928467
jwtljeywdu.mp4,0.13778220117092133
jwuiourbih.mp4,0.8002064824104309
jwuolcfxil.mp4,0.8821188807487488
jwuozkqqkw.mp4,0.9706077575683594
jwvbunnmhb.mp4,0.2967166006565094
jwvdustzrb.mp4,0.9332300424575806
jwvdxajidd.mp4,0.8983096480369568
jwvgaznkqi.mp4,0.9055400490760803
jwvkgbyqxz.mp4,0.8901844024658203
jwvojvpdco.mp4,0.16595028340816498
jwwnyjcpmu.mp4,0.9410629868507385
jwxfbezulj.mp4,0.9160410761833191
jwxpmszoes.mp4,0.8955469131469727
jwxsnuclie.mp4,0.9781448245048523
jwxxsmbxvq.mp4,0.22786371409893036
jwyhhbaail.mp4,0.8836708068847656
jwylmiqpbz.mp4,0.587378203868866
jwzgumwrfe.mp4,0.9836544990539551
jwzzfnafcv.mp4,0.8801925778388977
jxaawrsxdd.mp4,0.9088466763496399
jxachdybaj.mp4,0.849835991859436
jxakrbkttd.mp4,0.1967608481645584
jxawdzmebv.mp4,0.8189876675605774
jxawzdqlam.mp4,0.8553771376609802
jxbgimtjix.mp4,0.958156168460846
jxbnpngtam.mp4,0.09686011075973511
jxbqefkgfx.mp4,0.5592373013496399
jxbwqhgand.mp4,0.3310012221336365
jxcpmfppqu.mp4,0.831411600112915
jxcpvbshka.mp4,0.05971548333764076
jxcyduqhah.mp4,0.876804769039154
jxdhxofqqf.mp4,0.9709185361862183
jxdkksfgwt.mp4,0.09377316385507584
jxdntslmcw.mp4,0.9474896192550659
jxdwjidema.mp4,0.9170292615890503
jxebflghvt.mp4,0.9216335415840149
jxedwcjpct.mp4,0.9733890891075134
jxeijpflbj.mp4,0.06151503697037697
jxeqhujuvh.mp4,0.8974162936210632
jxewmrajdp.mp4,0.8788922429084778
jxfritqygx.mp4,0.862349808216095
jxghkmdywf.mp4,0.5480533242225647
jxhdlpmqfp.mp4,0.24455200135707855
jxhrirhjpr.mp4,0.9654157161712646
jxhzcibdrb.mp4,0.9515299201011658
jxjyufzczt.mp4,0.21957512199878693
jxknsvmgjk.mp4,0.22971807420253754
jxknxarhqj.mp4,0.9353351593017578
jxlkwmjvny.mp4,0.9518024921417236
jxnhuoofmp.mp4,0.8603479266166687
jxnupbchrs.mp4,0.687570333480835
jxnutsjkxm.mp4,0.2092036008834839
jxohraoavk.mp4,0.3727218210697174
jxoqxnvvpv.mp4,0.5830206871032715
jxowsgbsvc.mp4,0.9054192304611206
jxpamthxui.mp4,0.8628612756729126
jxpodcendq.mp4,0.16115204989910126
jxqhiycsbw.mp4,0.10755235701799393
jxrlgynjos.mp4,0.9608635306358337
jxrpqynwlt.mp4,0.17262549698352814
jxsdqoixva.mp4,0.7071062326431274
jxshjcdoyp.mp4,0.9365447163581848
jxtgjddbpg.mp4,0.8086197376251221
jxthvcqaut.mp4,0.9419994950294495
jxtpjlpcca.mp4,0.9821442365646362
jxudztyxmw.mp4,0.955559492111206
jxuhwzpmfu.mp4,0.44138917326927185
jxuitkngyp.mp4,0.8131003379821777
jxuyorcpuu.mp4,0.8749926686286926
jxwskmzbfm.mp4,0.23500020802021027
jxxvhhmwhq.mp4,0.9420756697654724
jxyeldcvze.mp4,0.6034104228019714
jxyrgnijpk.mp4,0.9487514495849609
jxznledkja.mp4,0.8597972393035889
jyaayteeax.mp4,0.6142622828483582
jycbjwoxqz.mp4,0.9368367791175842
jycotlrgwl.mp4,0.634832501411438
jydanfaxzg.mp4,0.09543929994106293
jydicakmin.mp4,0.8128426671028137
jydndqspey.mp4,0.5754086971282959
jyebichvun.mp4,0.9178197979927063
jyesjccdcb.mp4,0.4386868178844452
jyfnzyvznx.mp4,0.05470278859138489
jyfosgjout.mp4,0.9100881814956665
jyfuodeqkv.mp4,0.7335579991340637
jygbqsigcr.mp4,0.06392180174589157
jyginmjsyv.mp4,0.7281582355499268
jygjnlgnqd.mp4,0.057522889226675034
jyhvnksgox.mp4,0.12706808745861053
jyiahkzrmd.mp4,0.9357237815856934
jyiftmaiht.mp4,0.5578837990760803
jyimocbzdg.mp4,0.9418269395828247
jyimxshiqz.mp4,0.8495999574661255
jyiuicqojr.mp4,0.9495302438735962
jyizmybtmi.mp4,0.35518962144851685
jyjhibjxnt.mp4,0.8675655126571655
jyjhtumuyt.mp4,0.9736976623535156
jyjjbfhlqg.mp4,0.33114635944366455
jyjmrznbvu.mp4,0.8446311950683594
jyjzzlvspb.mp4,0.9717841744422913
jykzklobzn.mp4,0.0488426573574543
jylqnuaybd.mp4,0.9111742973327637
jymmnlytlx.mp4,0.9512907862663269
jyobchsald.mp4,0.9251695275306702
jyodymmfmz.mp4,0.8458303809165955
jyokmdpngl.mp4,0.9162006974220276
jyosfcmcao.mp4,0.9762143492698669
jyoylcsgcm.mp4,0.9611344337463379
jyqaqxchbz.mp4,0.6022326350212097
jyqcbvdpnj.mp4,0.9102762341499329
jyqhfvddhz.mp4,0.3575308322906494
jyqqebjosj.mp4,0.8962855339050293
jyqysuhyjb.mp4,0.5798851251602173
jyrnrfpdvl.mp4,0.12797047197818756
jyrqdwxydn.mp4,0.9008745551109314
jyrxhceptc.mp4,0.6175395250320435
jyshlqahpm.mp4,0.9139676094055176
jysqfhizih.mp4,0.8542619347572327
jysrnjyelb.mp4,0.9242870807647705
jytcvgxzbn.mp4,0.8087994456291199
jytokghrts.mp4,0.8495557904243469
jytpcjdtol.mp4,0.7449511289596558
jyuaglvbvv.mp4,0.9692815542221069
jyuaxigvdi.mp4,0.9796066880226135
jyuhqauxgp.mp4,0.9365928173065186
jyuuhpejkt.mp4,0.8563803434371948
jyuzscglow.mp4,0.2299809455871582
jyvbjopxlv.mp4,0.3115738034248352
jyvfryeqmj.mp4,0.07424184679985046
jywpnrbxoh.mp4,0.6240894794464111
jywpuepzjv.mp4,0.9459401965141296
jyxconjpel.mp4,0.86823970079422
jyxiysbcqg.mp4,0.9088736176490784
jyxpxpqmqf.mp4,0.09075044840574265
jyykwfwywd.mp4,0.9305818676948547
jyylcycvek.mp4,0.6250119805335999
jyyoxieimv.mp4,0.8745456337928772
jyyriqplgm.mp4,0.2709766924381256
jyyvhnsyys.mp4,0.9212589263916016
jyyxernmsr.mp4,0.824455201625824
jyyzadtooi.mp4,0.8291339874267578
jyzfnuaujf.mp4,0.8109514713287354
jyzlvivrmr.mp4,0.8031700849533081
jyzncweyld.mp4,0.9545474648475647
jyzriyujcb.mp4,0.9436707496643066
jyzxegmmwv.mp4,0.8296167850494385
jzalhnzwpr.mp4,0.3305599093437195
jzbcemlvvt.mp4,0.5509703159332275
jzboowbluf.mp4,0.8227357864379883
jzbwughver.mp4,0.6768122315406799
jzcolbuuhw.mp4,0.5734685063362122
jzfevdkihp.mp4,0.8979154229164124
jzfqdskbtk.mp4,0.49699848890304565
jzgmnepusu.mp4,0.8886626958847046
jzgwompjqh.mp4,0.9035516977310181
jzirtjysqv.mp4,0.861177384853363
jzkfcyqaip.mp4,0.7174840569496155
jzlawtutrh.mp4,0.1348535269498825
jzlxsuevsu.mp4,0.9623175263404846
jzmkfyijbz.mp4,0.8643918633460999
jzmqcigydt.mp4,0.9466105699539185
jznuvvooqv.mp4,0.6380569338798523
jzofrvnvqa.mp4,0.8957204818725586
jzoqvqqbji.mp4,0.9537220001220703
jzoxbjscsa.mp4,0.11741785705089569
jzpfqoubsx.mp4,0.07430362701416016
jzpmdanbau.mp4,0.8967133164405823
jzqqylacnn.mp4,0.17799432575702667
jzrbilttsa.mp4,0.8480425477027893
jzrhoicrbq.mp4,0.8757165670394897
jzrtfzijgd.mp4,0.8158554434776306
jzsgopccpe.mp4,0.15217478573322296
jzslgdahcs.mp4,0.8932449817657471
jzsswyycpg.mp4,0.9766175150871277
jztlxgspbo.mp4,0.912056028842926
jzupyirlgk.mp4,0.08116868883371353
jzuvttoidb.mp4,0.9247392416000366
jzvhigkbxt.mp4,0.6874963045120239
jzvsqkcbxb.mp4,0.7462457418441772
jzwmxvkgwi.mp4,0.8702870011329651
jzwolulwzk.mp4,0.9096752405166626
jzxqjjffrw.mp4,0.9464864134788513
jzyejinoju.mp4,0.820431649684906
jzythvncud.mp4,0.8255672454833984
jzzbqygsas.mp4,0.8945423364639282
kaajaxzivt.mp4,0.8321501612663269
kabdprnxfw.mp4,0.8425059914588928
kadlkyckjz.mp4,0.0728236511349678
kaeouvuasm.mp4,0.7188612222671509
kafftwoxxe.mp4,0.957953691482544
kaffwaiexj.mp4,0.9868855476379395
kaffysxkxg.mp4,0.7638599276542664
kafkryrelj.mp4,0.7233433127403259
kaggpclkjm.mp4,0.9452680945396423
kaghfeyhwl.mp4,0.8016846179962158
kagjmprdwh.mp4,0.8946201801300049
kahgyhumgh.mp4,0.6790050864219666
kahohhqvzu.mp4,0.9196363091468811
kahoqwrnkr.mp4,0.9088099002838135
kahyjjcvuw.mp4,0.911052942276001
kaiqljqnnc.mp4,0.5205562710762024
kaiqoaliro.mp4,0.9745437502861023
kajawowzrq.mp4,0.7399092316627502
kaklqxzcgt.mp4,0.9182956218719482
kaksbdqbts.mp4,0.979447603225708
kakzqfiyil.mp4,0.9312677979469299
kalcoatnnz.mp4,0.9459348917007446
kalkcrhcau.mp4,0.9446967840194702
kalvfzrewe.mp4,0.9650519490242004
kamabtemwe.mp4,0.6839252710342407
kamgolmamo.mp4,0.9534229040145874
kamjhvfvnh.mp4,0.9040834903717041
kamudoalqk.mp4,0.9355456233024597
kanfyaxyue.mp4,0.3227992653846741
kangomlkoy.mp4,0.9469850063323975
kanmrbqbwt.mp4,0.8999459147453308
kanodwpdss.mp4,0.8243607878684998
kaqecwolil.mp4,0.05898942053318024
kaqlboezem.mp4,0.8248324990272522
karmdcfptc.mp4,0.9060407280921936
karpwitscp.mp4,0.8109736442565918
kasxhsylce.mp4,0.06713785231113434
katagkpjku.mp4,0.7086719870567322
kaubygnbuq.mp4,0.9766470193862915
kauinlzojy.mp4,0.8787925243377686
kaulnbxpry.mp4,0.7166710495948792
kaurxqscvh.mp4,0.9202309846878052
kavcuhjzgx.mp4,0.0643216073513031
kawfkxalfq.mp4,0.8497006893157959
kawgvzzdze.mp4,0.9264814257621765
kawtsuffus.mp4,0.9703712463378906
kawxnfacqs.mp4,0.0421992763876915
kaxbwjqnxd.mp4,0.9279879331588745
kaxwbzncnb.mp4,0.9367889165878296
kaxyvhnwao.mp4,0.8949684500694275
kayivkuaci.mp4,0.12293970584869385
kayvxgbwgh.mp4,0.9164615869522095
kaywvciuyr.mp4,0.9783019423484802
kazwzzbgty.mp4,0.8973711729049683
kbasecegsw.mp4,0.8153131604194641
kbbfddbsbe.mp4,0.6916981339454651
kbblbjarlp.mp4,0.7540689706802368
kbbsbxfupu.mp4,0.8513910174369812
kbcexfjiwd.mp4,0.712261974811554
kbdutiybxg.mp4,0.9683690071105957
kbdwpgaurl.mp4,0.6040413975715637
kbdwudhhwf.mp4,0.08282395452260971
kbdwxflsla.mp4,0.04407906532287598
kbemlegrws.mp4,0.17433252930641174
kbfrznubqd.mp4,0.9107290506362915
kbfyhxoygl.mp4,0.070506751537323
kbhlvljpre.mp4,0.9369494318962097
kbictfefby.mp4,0.8847178816795349
kbinbgcspj.mp4,0.2958105504512787
kbirfevcnc.mp4,0.08057332783937454
kbistvluxj.mp4,0.9527830481529236
kbisvijdmm.mp4,0.12850402295589447
kbixwxubty.mp4,0.9206831455230713
kbiyiwtjed.mp4,0.8012216091156006
kbjjjmaegk.mp4,0.8608475923538208
kbkhtxptah.mp4,0.1203623041510582
kbkrmkhewa.mp4,0.8699658513069153
kbkzbdblsg.mp4,0.908779501914978
kbltforcip.mp4,0.9061387777328491
kblzndgyqf.mp4,0.9164041876792908
kbmfddppvj.mp4,0.6635040640830994
kbmpdpujje.mp4,0.8769845366477966
kbmtsbvptr.mp4,0.9109469056129456
kbnskaoeyv.mp4,0.8129088282585144
kbodjivgqu.mp4,0.07341577857732773
kboezrnkmd.mp4,0.8870630264282227
kbotycwffb.mp4,0.06060834228992462
kbpebzzmpt.mp4,0.8456281423568726
kbphlwcaxx.mp4,0.9368439316749573
kbrphwshik.mp4,0.6726635098457336
kbrsrmcggq.mp4,0.7988232970237732
kbsejqafrz.mp4,0.8157401084899902
kbsjcsrzhd.mp4,0.9752880930900574
kbtzjlgmgt.mp4,0.5215408802032471
kbvmfoaibz.mp4,0.196316197514534
kbvmkdkcad.mp4,0.9240668416023254
kbvqzihgan.mp4,0.9737262725830078
kbwjtytuje.mp4,0.9427043795585632
kbwouxpyxt.mp4,0.9140608906745911
kbwphvfbzp.mp4,0.29710671305656433
kbxbrehget.mp4,0.9523753523826599
kbxdfpfqbg.mp4,0.9582502841949463
kbxkmatqoo.mp4,0.854089081287384
kbxqrquqfj.mp4,0.7291976809501648
kbxszafkhv.mp4,0.9824212789535522
kbybnvenum.mp4,0.9791558384895325
kbzbqdvtjd.mp4,0.9736096858978271
kcakczhuit.mp4,0.599567711353302
kcamqjquls.mp4,0.9154250621795654
kcawhmjzvb.mp4,0.9313840866088867
kcbdyzrxxe.mp4,0.9384761452674866
kcbybymbna.mp4,0.08531852811574936
kccicuhxgk.mp4,0.9308465123176575
kcdbqpoxwg.mp4,0.2911143898963928
kcdnfmexts.mp4,0.8895885944366455
kcdtacccpk.mp4,0.8261286616325378
kcekegxunk.mp4,0.6924757361412048
kcetnnwqxv.mp4,0.6641055941581726
kcfadogpny.mp4,0.8528066873550415
kcfcklczok.mp4,0.9475009441375732
kcfmiobnhd.mp4,0.8173259496688843
kcfvycrugv.mp4,0.7248485088348389
kcgcufurur.mp4,0.8464945554733276
kcgsaikxui.mp4,0.879209041595459
kchknmhqfx.mp4,0.9357083439826965
kcigedckrv.mp4,0.8966364860534668
kciiyjnttg.mp4,0.6253223419189453
kclflittyf.mp4,0.10339664667844772
kclonizmyq.mp4,0.11895724385976791
kclwzbwsrv.mp4,0.985509991645813
kcmcojwvhp.mp4,0.8533393740653992
kcmgivcdcf.mp4,0.9088878035545349
kcmuqrevji.mp4,0.9159214496612549
kcmwlrnuka.mp4,0.8851679563522339
kcnhdbkqbo.mp4,0.9393550753593445
kcnheferep.mp4,0.3179195821285248
kcnstrdbqa.mp4,0.9303948283195496
kcnwntsgja.mp4,0.5738933086395264
kcodekuokm.mp4,0.6610088348388672
kcoyyopziw.mp4,0.9899418354034424
kcpamicxjs.mp4,0.8650164008140564
kcpdwxdxml.mp4,0.9101797938346863
kcqaptvzmv.mp4,0.8964363932609558
kcqlyaqejj.mp4,0.7607910633087158
kcslsetuzb.mp4,0.9100129008293152
kcspioxxig.mp4,0.9565066695213318
kcsthllhbl.mp4,0.9524749517440796
kcthyxljua.mp4,0.8978493213653564
kctjlickdj.mp4,0.2337266355752945
kctzlwxrnn.mp4,0.9531522393226624
kcusmosymx.mp4,0.07823008298873901
kcutxbbrir.mp4,0.14623863995075226
kcuyyfpyku.mp4,0.8230805993080139
kcvcnixrim.mp4,0.7640483379364014
kcvrckcpba.mp4,0.1799401491880417
kcvtahsomj.mp4,0.9724305868148804
kcxanahahl.mp4,0.6106511950492859
kcxccsjzus.mp4,0.9473923444747925
kcxeujjbyr.mp4,0.8524197936058044
kcxnlszise.mp4,0.1366654634475708
kcycpmprzr.mp4,0.9639269113540649
kczfyszzee.mp4,0.959223210811615
kczkjyntbx.mp4,0.09490875154733658
kdahrgbary.mp4,0.7670959830284119
kdbbvuxnze.mp4,0.30145737528800964
kdbdrgkkve.mp4,0.9611306190490723
kdbkemnotp.mp4,0.2250596135854721
kdbmrgjgnk.mp4,0.9747149348258972
kdbpyrjrmp.mp4,0.9334761500358582
kdchudzrie.mp4,0.04724096134305
kdcmnzjbzk.mp4,0.11143230646848679
kdctuhvecr.mp4,0.9552650451660156
kddaaifoyz.mp4,0.9143786430358887
kddednywlm.mp4,0.8906250596046448
kddkkkxftt.mp4,0.926250159740448
kddrzelzce.mp4,0.8705487847328186
kddskbgbib.mp4,0.8122794032096863
kdefnrodrw.mp4,0.8046437501907349
kdeknkwyza.mp4,0.8206300735473633
kdffomdlxw.mp4,0.9608494639396667
kdgqrczsax.mp4,0.8552544713020325
kdgttslitt.mp4,0.08649924397468567
kdhfvtnpik.mp4,0.06499170511960983
kdibleqjbx.mp4,0.8735993504524231
kdidjwenrq.mp4,0.9478254914283752
kdioikogxu.mp4,0.9248878359794617
kdiooiibof.mp4,0.9088583588600159
kdiszetioa.mp4,0.06270954757928848
kdiucqdkus.mp4,0.9561862349510193
kdiyvrgkzz.mp4,0.72225022315979
kdjfdesctw.mp4,0.9607924818992615
kdjnblxrad.mp4,0.9102570414543152
kdjqeizaaq.mp4,0.8734301924705505
kdjsvneqgy.mp4,0.5858042240142822
kdkbppzzmc.mp4,0.8373857140541077
kdkffgmbfu.mp4,0.9638303518295288
kdkmpiwome.mp4,0.10470089316368103
kdktifamhl.mp4,0.8219151496887207
kdkxgnmuey.mp4,0.7915797829627991
kdlhoknlks.mp4,0.8448108434677124
kdluiyjesi.mp4,0.8372430205345154
kdmonvkpqd.mp4,0.04955494776368141
kdnaffzofo.mp4,0.9667357802391052
kdngmqjtlk.mp4,0.5505503416061401
kdnkurbkjq.mp4,0.898512601852417
kdnuutharo.mp4,0.9458101391792297
kdnvfpobng.mp4,0.09502938389778137
kdnwqamydh.mp4,0.12669765949249268
kdownrfwmf.mp4,0.8826414942741394
kdowsulnwf.mp4,0.08811812102794647
kdpplkdctb.mp4,0.23548366129398346
kdpymatjtr.mp4,0.9450846910476685
kdpzibspoe.mp4,0.9642360210418701
kdqesvetah.mp4,0.9280757904052734
kdqkabofmc.mp4,0.30071207880973816
kdqklsmubp.mp4,0.4307061433792114
kdqspjqjdh.mp4,0.8896496891975403
kdqzoccsmv.mp4,0.9442547559738159
kdsjgthtiq.mp4,0.9460632801055908
kdswzohjqj.mp4,0.9111481308937073
kdtativvgb.mp4,0.9798280596733093
kdtigewgth.mp4,0.1513069123029709
kdtivinvct.mp4,0.9513404965400696
kdtyloixap.mp4,0.8500121235847473
kdupthdnas.mp4,0.9422312378883362
kduvumcynw.mp4,0.9409929513931274
kdvhhotnej.mp4,0.9093133211135864
kdwmfiatqd.mp4,0.9268375039100647
kdwvkknasn.mp4,0.11713813990354538
kdxjncawfy.mp4,0.29960113763809204
kdywawfmfe.mp4,0.9607424736022949
kdzgixdzce.mp4,0.8977862596511841
keafxnhakm.mp4,0.8929374814033508
keagcyyswz.mp4,0.9380733370780945
keajbbcwio.mp4,0.20289325714111328
keanvlkgyk.mp4,0.9579904079437256
keaxvgnpgl.mp4,0.7705413699150085
kebacxytud.mp4,0.8108563423156738
kebnusolat.mp4,0.9727933406829834
kebosyahzk.mp4,0.9315449595451355
kebsibtnuz.mp4,0.8428509831428528
keckgmvewj.mp4,0.9372493028640747
kecqrmuimo.mp4,0.9584182500839233
kedakiyggh.mp4,0.7849467992782593
keddthzqkd.mp4,0.06854119896888733
kedpnhcayw.mp4,0.7529422640800476
keezrezept.mp4,0.9042336940765381
keffmeugkx.mp4,0.8322279453277588
kefilxjbhg.mp4,0.9367435574531555
kefrpktrjt.mp4,0.9287175536155701
kegcgoewsj.mp4,0.33351442217826843
kegebtrzqi.mp4,0.13396069407463074
kehipjcriz.mp4,0.8390142321586609
kehjzihtfv.mp4,0.3677181303501129
kejsddbcfh.mp4,0.8694061040878296
kejwthcfcc.mp4,0.9084552526473999
kekigsssia.mp4,0.9010973572731018
keknwckzgy.mp4,0.9168369770050049
kekscwpfqa.mp4,0.1495310664176941
kekzhipmqc.mp4,0.7459757328033447
kelbhtsayy.mp4,0.842069685459137
kelhpwdpde.mp4,0.9407795071601868
kelpuvljgc.mp4,0.951788604259491
keltutgxut.mp4,0.9052876830101013
kemappvqpu.mp4,0.6300781965255737
kemhiqtxyi.mp4,0.9538470506668091
kemkgrgbnm.mp4,0.8777223825454712
kemoqtisql.mp4,0.9068576693534851
kepynrnjtg.mp4,0.8517958521842957
keqgbttoxn.mp4,0.9388886094093323
keqnrncuxe.mp4,0.8618379831314087
keqojddgfa.mp4,0.07159122824668884
kerjpypfxv.mp4,0.8752927184104919
kernyrgjym.mp4,0.9829625487327576
keroikrtca.mp4,0.865017294883728
kerqjkysdq.mp4,0.9286667704582214
kesgerqzsb.mp4,0.7412661910057068
kespzwdtyw.mp4,0.9465088248252869
kesvuffxiz.mp4,0.8979769349098206
ketdqutnsp.mp4,0.073597751557827
ketybyrzmd.mp4,0.08817499876022339
keufqpkxbk.mp4,0.8997186422348022
keuocbzlxc.mp4,0.9194614887237549
keuyfcoetv.mp4,0.9102188348770142
keuyosbbdn.mp4,0.5265613794326782
kevbkpfmib.mp4,0.9385894536972046
kevdmmixhz.mp4,0.9219428896903992
kevdysuura.mp4,0.6669736504554749
kevqpidfmu.mp4,0.8356978297233582
kevsapqqel.mp4,0.9209072589874268
kexnskzmjs.mp4,0.8332065343856812
kexppkhfzf.mp4,0.7250827550888062
keyiratboy.mp4,0.9082890748977661
keyvdefmvl.mp4,0.9675322771072388
kezzqtfohk.mp4,0.1231001690030098
kfatfrlhtq.mp4,0.4546507000923157
kfcoqeubef.mp4,0.4277421832084656
kfcpbwsbqd.mp4,0.8943707346916199
kfcxihahhx.mp4,0.05460039898753166
kfekgfhthe.mp4,0.790542721748352
kfekxkjcro.mp4,0.9436249136924744
kffwdagndv.mp4,0.12846115231513977
kfgcbjjklh.mp4,0.11507827043533325
kfgcktdsul.mp4,0.8520416617393494
kfgizruzpf.mp4,0.8441447615623474
kfgliptdpl.mp4,0.9002173542976379
kfhfeqpdwp.mp4,0.20210111141204834
kfhflkhmiy.mp4,0.9883426427841187
kfhjdrkhgj.mp4,0.3324868381023407
kfhkmcvwvd.mp4,0.06210162863135338
kfihjlyzlv.mp4,0.20725765824317932
kfiszsbzob.mp4,0.9524365067481995
kfjzlimqpo.mp4,0.8897771835327148
kfkzdxhpjo.mp4,0.9230660200119019
kflorzgkqi.mp4,0.9837664365768433
kflseijemd.mp4,0.5510969161987305
kfmtdqndxt.mp4,0.7748284935951233
kfmucuxvhe.mp4,0.8920606970787048
kfnjscqwpr.mp4,0.893496036529541
kfntnvnzph.mp4,0.20358113944530487
kfntzsnaeu.mp4,0.13322561979293823
kfocfvurhp.mp4,0.12036502361297607
kfooogqbym.mp4,0.8255962133407593
kfozfzfzra.mp4,0.23430798947811127
kfpowzvsem.mp4,0.9510400295257568
kfpxdluxsv.mp4,0.9725729823112488
kfqragdykf.mp4,0.7729669213294983
kfqvqklplx.mp4,0.2147485613822937
kfqymoepjy.mp4,0.9229052662849426
kfrnxbiebb.mp4,0.9264809489250183
kfrtfdxing.mp4,0.9412568807601929
kfsbwsbzmu.mp4,0.9009975790977478
kfsstlbmru.mp4,0.9693015813827515
kfuflhqnpj.mp4,0.9476314783096313
kfufwbprvy.mp4,0.9311357140541077
kfvvshqgyw.mp4,0.7231702208518982
kfwgtbrjlx.mp4,0.3702884316444397
kfwgzwepuk.mp4,0.9312129616737366
kfwvriaadr.mp4,0.8770202994346619
kfxemywbfk.mp4,0.759401261806488
kfxetzkzsh.mp4,0.9262989163398743
kfygoedobk.mp4,0.737765371799469
kfytzhsdkk.mp4,0.8932334184646606
kfyzwqkovu.mp4,0.6805312037467957
kfzqutsbgb.mp4,0.715004563331604
kfztdvoaym.mp4,0.9242361187934875
kfzuekxbbb.mp4,0.8918097615242004
kgacawfyvy.mp4,0.2594754993915558
kgamulnbhn.mp4,0.08125216513872147
kgbmcfqqqs.mp4,0.9505046010017395
kgcgjpamca.mp4,0.8732926845550537
kgcofaixqq.mp4,0.8145832419395447
kgcsutjzzd.mp4,0.8878079056739807
kgedavcuvc.mp4,0.9514003396034241
kgeixehmwu.mp4,0.695213258266449
kgejshrtmz.mp4,0.844971239566803
kgewzwihli.mp4,0.6590062379837036
kgezzhuuko.mp4,0.8209860324859619
kgfcnradwq.mp4,0.0955854281783104
kggwjwiyyx.mp4,0.9054805636405945
kghjluhoxn.mp4,0.08112061768770218
kghoowqtiw.mp4,0.9644497632980347
kgijbehbxm.mp4,0.6260290145874023
kgkacwnjlr.mp4,0.4851672351360321
kgkaumsdna.mp4,0.7955906987190247
kgkpukplcu.mp4,0.8547044992446899
kglbnkwynx.mp4,0.2137245237827301
kgljekkgyx.mp4,0.8360459804534912
kglorexrch.mp4,0.8998989462852478
kgmdkfgkkb.mp4,0.9306475520133972
kgnqswkxkx.mp4,0.8277327418327332
kgnsknhola.mp4,0.8601563572883606
kgobofayxb.mp4,0.8490785956382751
kgotoprpim.mp4,0.8937704563140869
kgowzoxjfq.mp4,0.7585683465003967
kgpaxrtobr.mp4,0.8932347297668457
kgqkeovzny.mp4,0.9776250123977661
kgrhopnsar.mp4,0.21054477989673615
kgrzmwmlkq.mp4,0.8407227396965027
kgsaofsayk.mp4,0.6085610389709473
kgsfkfdltq.mp4,0.8521624207496643
kgsszrmscq.mp4,0.1410336196422577
kgstnooggv.mp4,0.6965700387954712
kgtsvifroa.mp4,0.8970656991004944
kguvjazjus.mp4,0.8189964294433594
kguyxqaikd.mp4,0.922055184841156
kgvajhgttb.mp4,0.9114989638328552
kgvcuqddty.mp4,0.9639935493469238
kgvgauikxu.mp4,0.13763177394866943
kgwoxikjna.mp4,0.9550266265869141
kgwvstiibd.mp4,0.902855396270752
kgwvvwfhuu.mp4,0.9841740131378174
kgwxyscpus.mp4,0.9677578806877136
kgxzlkkpkx.mp4,0.9228118658065796
kgygjjktti.mp4,0.8952333331108093
kgyksrmnmr.mp4,0.9363614916801453
kgymyaqsge.mp4,0.9347350001335144
kgynainlug.mp4,0.05681716650724411
kgyowtaqzn.mp4,0.059713490307331085
kgzsrmpawl.mp4,0.9827862977981567
khacbzoysu.mp4,0.27532628178596497
khaeuyycza.mp4,0.12368829548358917
khcdqlbuiv.mp4,0.8790865540504456
khcdvggbnz.mp4,0.977686882019043
khdaxdnlma.mp4,0.9427021741867065
khdsotglwl.mp4,0.9389817714691162
khdstlsxzy.mp4,0.6865794658660889
khednkubdd.mp4,0.9046953916549683
khejzdbqjq.mp4,0.8287842273712158
khewuhkxrz.mp4,0.9305012226104736
khfasjktid.mp4,0.7761320471763611
khfdxotgoo.mp4,0.6385587453842163
khfybbuyhm.mp4,0.9296422600746155
khgaczpocu.mp4,0.9825611114501953
khhcdzxtxq.mp4,0.06517323851585388
khhfdandyw.mp4,0.3430017828941345
khiakfbewd.mp4,0.3465658128261566
khivgfmoax.mp4,0.9000192880630493
khjhrvanbr.mp4,0.47811779379844666
khkhbvikve.mp4,0.9458701610565186
khkohvyxzx.mp4,0.8515968918800354
khkpcktvib.mp4,0.7146380543708801
khkvfgtevg.mp4,0.10070224851369858
khldlagich.mp4,0.8584890365600586
khlfbdyape.mp4,0.22672706842422485
khmsppvxbx.mp4,0.9693848490715027
khnlfqgmam.mp4,0.6933088898658752
khnnpoanvi.mp4,0.39210906624794006
khnovwlusf.mp4,0.4641660451889038
khnqntehnr.mp4,0.9007301926612854
khnquvnyvp.mp4,0.9046069979667664
khnshohpty.mp4,0.7708770036697388
khofdipryp.mp4,0.8251112103462219
khokwspqph.mp4,0.8985669016838074
khowqcfplw.mp4,0.052084095776081085
khozklpxkf.mp4,0.8788542747497559
khqspvddyp.mp4,0.9416458010673523
khqvhndhqu.mp4,0.9756172895431519
khrfiaghrc.mp4,0.3471435606479645
khrqxvmaei.mp4,0.8431357741355896
khrscgxlgs.mp4,0.8347317576408386
khsmjtdwms.mp4,0.8369767069816589
khsxexgsbt.mp4,0.8547030091285706
khtcmtefmd.mp4,0.9284792542457581
khtjmvrcqs.mp4,0.9668705463409424
khupgnpjmx.mp4,0.9777690768241882
khvhiqufnj.mp4,0.8870462775230408
khvjnymdxa.mp4,0.5298733711242676
khvkxzhtou.mp4,0.21659265458583832
khvswyndvh.mp4,0.9129102230072021
khvukcxpur.mp4,0.8579184412956238
khwkxhmroj.mp4,0.7272397875785828
khwutyqqno.mp4,0.9270253777503967
khwynwtidu.mp4,0.8568876385688782
khxfrwycqz.mp4,0.8574918508529663
khxpgnkkkm.mp4,0.9356890320777893
khywmadssk.mp4,0.9195411205291748
khzyuwlvou.mp4,0.5892223715782166
kiajkilbge.mp4,0.929111123085022
kiblarjvtb.mp4,0.9154053330421448
kicgvgukqs.mp4,0.4939587414264679
kicrawvzlx.mp4,0.9394298195838928
kicveuizmb.mp4,0.14760680496692657
kidjnmlypc.mp4,0.902921736240387
kidnbazrie.mp4,0.9571025371551514
kiefgnkgxi.mp4,0.06363018602132797
kieqepfvbd.mp4,0.11977042257785797
kievtjvlhr.mp4,0.9536782503128052
kiffbbtjfe.mp4,0.752288818359375
kifgzqfogn.mp4,0.8766634464263916
kifkxzoytp.mp4,0.9435058832168579
kifyfzqzjj.mp4,0.4124605655670166
kigbtbzpht.mp4,0.13926023244857788
kigbymagcu.mp4,0.9398072361946106
kiggwcrxkb.mp4,0.7492608428001404
kigimaoxmy.mp4,0.8147093653678894
kigxlvtcsv.mp4,0.9105819463729858
kihfyvqjrl.mp4,0.6479436755180359
kihtyodtmz.mp4,0.886408269405365
kiirzipeaf.mp4,0.905928373336792
kiitdgkwmq.mp4,0.0550098642706871
kiiwtsqnzj.mp4,0.9671679735183716
kikfjtdgui.mp4,0.04625492915511131
kikkpjltws.mp4,0.9313504695892334
kikkqsjzfk.mp4,0.9740625619888306
kilnrakvbq.mp4,0.9778929352760315
kinekbuzkx.mp4,0.921190619468689
kinqjsgfum.mp4,0.9090890884399414
kiooxaxzqu.mp4,0.9536232352256775
kiotoqmmfj.mp4,0.8189833760261536
kipbghbytd.mp4,0.12099700421094894
kipwdelbrk.mp4,0.9116194844245911
kiraxyosjd.mp4,0.9848904609680176
kircengljw.mp4,0.8300656080245972
kirfczxxmf.mp4,0.10753753781318665
kisvmxjmeb.mp4,0.944045901298523
kisxaykdwy.mp4,0.9113168120384216
kitdutenhv.mp4,0.907963216304779
kivdflowlf.mp4,0.736234188079834
kivifwsmyv.mp4,0.9218612909317017
kivozfjybj.mp4,0.24102137982845306
kiwhblnbop.mp4,0.901028573513031
kixbyjkiom.mp4,0.8949410915374756
kixqpmzmus.mp4,0.9507979154586792
kixraztuwt.mp4,0.6621941924095154
kixviudoan.mp4,0.9596427083015442
kixwkicmru.mp4,0.06247609108686447
kiykqmbhgd.mp4,0.9103243947029114
kiyzirghra.mp4,0.932975709438324
kiyzudznxw.mp4,0.15463386476039886
kizhemzguv.mp4,0.8042227029800415
kizlbipvca.mp4,0.9015666246414185
kjbvqmofst.mp4,0.548653244972229
kjdpieyulg.mp4,0.9132492542266846
kjdxjrwgic.mp4,0.052380744367837906
kjebwyjqdv.mp4,0.9349625706672668
kjedgbvxmc.mp4,0.8641823530197144
kjgbindikv.mp4,0.5087791681289673
kjgbyidnby.mp4,0.968963086605072
kjgiqmxurs.mp4,0.9121167659759521
kjhcwydrmb.mp4,0.8628554344177246
kjhkwvmiio.mp4,0.7794899940490723
kjishoaqiz.mp4,0.7412367463111877
kjivbugfzy.mp4,0.851656973361969
kjjdbwrars.mp4,0.8806798458099365
kjjejstame.mp4,0.7009291648864746
kjkibegrgy.mp4,0.6852710247039795
kjkipmknsr.mp4,0.07913677394390106
kjkvqwkhjj.mp4,0.05633924528956413
kjmagrkwjk.mp4,0.9698911309242249
kjmjmwhres.mp4,0.8912767767906189
kjmzbyzapb.mp4,0.0733412653207779
kjnabqlvsj.mp4,0.9497981667518616
kjnmsgtezt.mp4,0.21614645421504974
kjobwfjomn.mp4,0.8444954752922058
kjobwmrzli.mp4,0.9544872641563416
kjohsinudf.mp4,0.7328147888183594
kjoisqgffw.mp4,0.4294240176677704
kjolizkfqo.mp4,0.8632461428642273
kjphqeouji.mp4,0.8377848863601685
kjprelngva.mp4,0.9657886028289795
kjprxkipkn.mp4,0.1726650893688202
kjpsxqrdhc.mp4,0.9779530167579651
kjpxfnxhsy.mp4,0.8986421823501587
kjtecpvuai.mp4,0.8829925656318665
kjtnuickkm.mp4,0.9237304925918579
kjtuluwqtn.mp4,0.9383254051208496
kjtykqntzg.mp4,0.08318357169628143
kjtzhkrpnt.mp4,0.849445641040802
kjvrzbfihr.mp4,0.8810431361198425
kjvykdvuxo.mp4,0.864119291305542
kjwdinzplo.mp4,0.9313584566116333
kjwdtqztjn.mp4,0.7227233648300171
kjygbbzozg.mp4,0.8662152290344238
kjylepubtv.mp4,0.9775916934013367
kjzecsljuh.mp4,0.32906436920166016
kkalfbklrb.mp4,0.6754634976387024
kkamhfcwgc.mp4,0.8600501418113708
kkarrrpnmh.mp4,0.8347362875938416
kkautgqcwq.mp4,0.8880769610404968
kkbpiztaqi.mp4,0.9885877966880798
kkceddfgfe.mp4,0.7948749661445618
kkcfmuydyq.mp4,0.318496435880661
kkdqcqzqzg.mp4,0.6387397646903992
kkdxuftecw.mp4,0.9039667248725891
kkfcnomayq.mp4,0.8898012042045593
kkfgzqhhmy.mp4,0.9030370712280273
kkfmznaben.mp4,0.6736600399017334
kkggcxjuol.mp4,0.1410236656665802
kkghjrohcv.mp4,0.7809348106384277
kkhcbvlpfr.mp4,0.8975411057472229
kkhkcdyuyu.mp4,0.5355225801467896
kkibthjsqs.mp4,0.8172377347946167
kkicmcrycn.mp4,0.9520601034164429
kkjchhfjul.mp4,0.9417712688446045
kkmugypzhc.mp4,0.8953795433044434
kkmwqrzyxw.mp4,0.6653261780738831
kknhxivufr.mp4,0.9540010690689087
kknksocggx.mp4,0.971418559551239
kkobnbbaln.mp4,0.9711849093437195
kkoeseechn.mp4,0.8758175373077393
kkoflzlmzy.mp4,0.914539098739624
kkoxojbyko.mp4,0.8977845907211304
kkppldwsiw.mp4,0.5358849763870239
kkprjgypbz.mp4,0.8895817399024963
kkqnivzdzc.mp4,0.5466297268867493
kksizrmaxw.mp4,0.93418288230896
kkssymbsrg.mp4,0.8560270071029663
kktdxwgdlo.mp4,0.7437464594841003
kktvbingqt.mp4,0.9604308009147644
kkuabqnvwi.mp4,0.9307636022567749
kkupumluql.mp4,0.16209952533245087
kkvphraiiz.mp4,0.6839009523391724
kkvqrgzanl.mp4,0.9360896944999695
kkvreaiidi.mp4,0.9298173785209656
kkwmaneklh.mp4,0.8531262874603271
kkxpcxcxrs.mp4,0.7596754431724548
kkxslcuaxj.mp4,0.8469710946083069
kkxtbcosnk.mp4,0.9459273219108582
kkynneribb.mp4,0.9275929927825928
kkyulqzhsd.mp4,0.9617021083831787
kkzuugfoqj.mp4,0.5846049785614014
kkzyjzttyi.mp4,0.8890684843063354
klapbzltam.mp4,0.6085048913955688
klapyuhmgc.mp4,0.8760812878608704
klavqvgpye.mp4,0.936165452003479
klbrgzqfzv.mp4,0.9169854521751404
klcvqhwbqs.mp4,0.11926824599504471
kldtmtlhvw.mp4,0.8550028800964355
klfabimgiw.mp4,0.6592264771461487
klfcosrrju.mp4,0.31877031922340393
klfqlxyqes.mp4,0.5696015357971191
klgqcvtcbo.mp4,0.9429807066917419
klgtcaeamm.mp4,0.8427305221557617
klhciqtaxh.mp4,0.9251739978790283
klhjxxrrlm.mp4,0.17414890229701996
klhrwllfsy.mp4,0.9447164535522461
klifbclerd.mp4,0.09089556336402893
kljepvvmau.mp4,0.07294414937496185
kljgzhdwml.mp4,0.4615804851055145
klkclkuobx.mp4,0.7919883131980896
klldbpoujs.mp4,0.9040704369544983
kllyfvgyps.mp4,0.08381949365139008
klmchlcbii.mp4,0.960858941078186
klmihaypzb.mp4,0.9729459285736084
klncwqllnq.mp4,0.9726943373680115
klncxcncuc.mp4,0.8470649123191833
klngoauxgy.mp4,0.7273243069648743
klotqkivfv.mp4,0.8888866305351257
klpvmipays.mp4,0.7895117402076721
klqfpygmin.mp4,0.05243014916777611
klqllljjkm.mp4,0.20005345344543457
klqzvnrfyk.mp4,0.9283877611160278
klspkxerhf.mp4,0.4821195900440216
kltgupniuv.mp4,0.9129995703697205
klubfzwvma.mp4,0.04544007405638695
klulkcdrnx.mp4,0.8807834982872009
kluvzbayla.mp4,0.8931398391723633
klvgdbhzwy.mp4,0.9237250089645386
klvzaxkahq.mp4,0.9457992911338806
klyxptgxrg.mp4,0.921644926071167
klzirehxqq.mp4,0.059763140976428986
klzzmudfcb.mp4,0.8621342182159424
kmakhupeac.mp4,0.4619385898113251
kmamcrmkbf.mp4,0.9707913398742676
kmarniljak.mp4,0.9560643434524536
kmblgfwkai.mp4,0.8989658355712891
kmbruhyrxb.mp4,0.21703410148620605
kmbvuxcfkp.mp4,0.9190226197242737
kmdmbkghpo.mp4,0.9532690048217773
kmdxrmzwsd.mp4,0.9240233302116394
kmefotakie.mp4,0.40770480036735535
kmflbaixsk.mp4,0.9063063263893127
kmglvqypyb.mp4,0.5062811970710754
kmgribiuez.mp4,0.5984821915626526
kmgudgiwxv.mp4,0.9430530071258545
kmhkacmyiy.mp4,0.1469583958387375
kmhqszaumf.mp4,0.33961188793182373
kmiddvzggp.mp4,0.8490545749664307
kmjfnlokoo.mp4,0.9689213633537292
kmkvxunbop.mp4,0.040200166404247284
kmkzatvadx.mp4,0.9050116539001465
kmliyduces.mp4,0.08659444749355316
kmlmtpcymt.mp4,0.7499925494194031
kmmjnahumx.mp4,0.22672834992408752
kmmlscocgr.mp4,0.47370532155036926
kmmmkqxkzj.mp4,0.6449332237243652
kmmwnkjldd.mp4,0.9786737561225891
kmogegpwvf.mp4,0.6678188443183899
kmrnovukoj.mp4,0.830285370349884
kmryxfqkfk.mp4,0.9797797203063965
kmscrlfgku.mp4,0.19140499830245972
kmszngykll.mp4,0.8513472676277161
kmtpfrbfoa.mp4,0.8971244692802429
kmumkpqvcc.mp4,0.9121250510215759
kmuntdqjrf.mp4,0.5192319750785828
kmwrkglljs.mp4,0.8059030771255493
kmwxvfxqha.mp4,0.7121936082839966
kmyhzsuequ.mp4,0.46270519495010376
kmzbjdkvtc.mp4,0.8028983473777771
kmzhrokipl.mp4,0.3923862874507904
kmzisasygt.mp4,0.9831594824790955
knafngkgen.mp4,0.50994873046875
knaqctfysu.mp4,0.944270133972168
knaycfwpzx.mp4,0.9486262202262878
knazfjwyei.mp4,0.9018544554710388
knbodjyiew.mp4,0.07409664243459702
knbxqitaro.mp4,0.824376106262207
knbyjrotuv.mp4,0.9114041924476624
kncmmzuzjy.mp4,0.6478411555290222
kncsobhrlq.mp4,0.7018486261367798
kndbnfrxij.mp4,0.9577109217643738
kndtikqylz.mp4,0.9043827652931213
knelidzqnj.mp4,0.9503629207611084
knfuvlebtw.mp4,0.8959304094314575
kngemmhvrg.mp4,0.05941781401634216
knglmsvnek.mp4,0.8062090873718262
kngxukvdfw.mp4,0.9894259572029114
kngzdgpmbc.mp4,0.19521307945251465
knhdrnaitz.mp4,0.9062840938568115
knhfkgpmgl.mp4,0.8492782115936279
knjbuviztq.mp4,0.8863232731819153
knjoasqzvt.mp4,0.16292935609817505
knjogjzgzy.mp4,0.8719123005867004
knkomyxmkt.mp4,0.9587699770927429
knlblibrtt.mp4,0.35493698716163635
knljhjknnu.mp4,0.914604902267456
knlmlbcvxe.mp4,0.7039698362350464
knlpfccddv.mp4,0.3121834397315979
knlszjnqmi.mp4,0.8421157002449036
knlxhtaapi.mp4,0.04846565052866936
knmfzlhzzf.mp4,0.04635563865303993
knmttzbtaw.mp4,0.9823599457740784
knmwzvhfos.mp4,0.8739547729492188
knnpesqlwf.mp4,0.48326608538627625
knnpmoznoa.mp4,0.9516639709472656
knnqtenzyy.mp4,0.9575296640396118
knoaflgjao.mp4,0.9145711660385132
knovqeiqdg.mp4,0.9032579064369202
knowxlvaui.mp4,0.9620400667190552
knptkumgzk.mp4,0.6023765802383423
knpxmrizay.mp4,0.8149212002754211
knrhiuinku.mp4,0.9528836011886597
kntmkzayjl.mp4,0.9528805017471313
knuemfusqz.mp4,0.9503388404846191
knvqwsmxid.mp4,0.9852346777915955
knvzskufkt.mp4,0.8585918545722961
knwhzylxvs.mp4,0.7346107363700867
knwomsqidk.mp4,0.43893963098526
knwpjkmogc.mp4,0.9180211424827576
knwsclzhle.mp4,0.06421073526144028
knxirddqfb.mp4,0.9553743600845337
knyyyzohyr.mp4,0.92728590965271
knzedqltyt.mp4,0.12632757425308228
koadjxgaip.mp4,0.918703019618988
koaskscqxd.mp4,0.8887219429016113
koceuyenhi.mp4,0.08595269173383713
kocfmbbtfm.mp4,0.8510842323303223
kocjkqdqej.mp4,0.9301486015319824
kocqinykzc.mp4,0.8353362083435059
koctgewurj.mp4,0.9069488048553467
kocvvvrlqj.mp4,0.960010826587677
koczcffhqi.mp4,0.7417664527893066
kodbvtzfiy.mp4,0.8546688556671143
kodszzmdow.mp4,0.9631093144416809
koejiurbvx.mp4,0.21044805645942688
koeytonnaz.mp4,0.9294398427009583
kofexfbelw.mp4,0.9808781147003174
kofijqkbfs.mp4,0.738910436630249
kogaceakif.mp4,0.9893721342086792
kogsdcoygg.mp4,0.6395501494407654
kohirzagfm.mp4,0.9540462493896484
kohllnzigb.mp4,0.8860191106796265
kojumodwqz.mp4,0.5
koklqvyfwy.mp4,0.41324853897094727
koktazrfxy.mp4,0.8126469254493713
kokzhjrikg.mp4,0.9721248149871826
kokzykdryo.mp4,0.12955397367477417
koljpwhvfq.mp4,0.971898078918457
kolwwlqmof.mp4,0.9357894062995911
komhwojiyu.mp4,0.15265250205993652
komxgsfxkk.mp4,0.7367382049560547
konhekeqlk.mp4,0.9334508180618286
konpiwpxkm.mp4,0.957696795463562
kooldgrvmi.mp4,0.9291496276855469
kooybbtlzo.mp4,0.7720473408699036
kopbdqnnni.mp4,0.9060619473457336
koqczibqxz.mp4,0.8858844637870789
koqenedhsa.mp4,0.3202666938304901
koqiruevet.mp4,0.9384680986404419
koqxhnmkjl.mp4,0.41744861006736755
korehlsawt.mp4,0.947576642036438
korpnmhwkx.mp4,0.9749830365180969
korrsqtkke.mp4,0.12134438753128052
koselfodym.mp4,0.21754519641399384
koshrdyqec.mp4,0.9252098202705383
kosqkknhqy.mp4,0.7091997861862183
kosvbdxsfy.mp4,0.055554602295160294
koswtrvvgq.mp4,0.07610528916120529
koujdryqvr.mp4,0.1867257058620453
kounllaaza.mp4,0.06433085352182388
kovhiyolbp.mp4,0.8497474789619446
kovqcfeghf.mp4,0.7147722840309143
kovvstvbgq.mp4,0.8154094815254211
kowtiypnkp.mp4,0.9767590165138245
koxarqcnej.mp4,0.7283452749252319
koxmqsvhwp.mp4,0.67937171459198
koyandzswg.mp4,0.5
koybynevak.mp4,0.7010065913200378
kozaofkgvk.mp4,0.6815828680992126
kozbnhsyqp.mp4,0.908791184425354
kozpkldsby.mp4,0.2127894014120102
kozqsrdbfv.mp4,0.9043053388595581
kpaahafkvb.mp4,0.5528411269187927
kpagnxlquk.mp4,0.6190708875656128
kpatdgjera.mp4,0.8882224559783936
kpavkhwehg.mp4,0.8361133933067322
kpayrtubgh.mp4,0.8054001927375793
kpboyfgsii.mp4,0.14058484137058258
kpbqtcxihi.mp4,0.8549029231071472
kpcrdurodw.mp4,0.16222545504570007
kpcurkiuzl.mp4,0.09841656684875488
kpdgybasbo.mp4,0.41117069125175476
kpdmfsjhdl.mp4,0.8821438550949097
kpdwxgqctp.mp4,0.8387613892555237
kpemftnnoj.mp4,0.5682032108306885
kpesjiqazt.mp4,0.8584776520729065
kpfjxfyqth.mp4,0.9349936842918396
kpfqowchhs.mp4,0.8676436543464661
kphflojove.mp4,0.16086465120315552
kphfzaullq.mp4,0.6999417543411255
kphmeitiqy.mp4,0.2170860469341278
kpijegiuth.mp4,0.9537990093231201
kpimyiwuhd.mp4,0.09834139049053192
kpjowswook.mp4,0.8245638012886047
kpjvtbikne.mp4,0.9184539914131165
kpkzqbpivj.mp4,0.8847615718841553
kpllrzoznl.mp4,0.8395989537239075
kplwmpwixn.mp4,0.9401154518127441
kpnnheddzz.mp4,0.9762659668922424
kpnykaldom.mp4,0.895107090473175
kpohueldae.mp4,0.9116748571395874
kpokwpxxbu.mp4,0.975005567073822
kpolcjxscc.mp4,0.8430330157279968
kposduxhqo.mp4,0.7396210432052612
kppildykmo.mp4,0.7127312421798706
kppteglomr.mp4,0.9213182330131531
kpqqjbbugp.mp4,0.7563232183456421
kprhbuhjyo.mp4,0.8735731244087219
kpseauxfgv.mp4,0.9466159343719482
kpsfbhqbbu.mp4,0.7302747368812561
kpspwqtytd.mp4,0.888286828994751
kpstxygjaf.mp4,0.06338241696357727
kptlnodcdb.mp4,0.9559558033943176
kpttbjxpqn.mp4,0.9547538161277771
kptzwwansv.mp4,0.43886926770210266
kpufyrwugr.mp4,0.8686806559562683
kpuzatwdao.mp4,0.4909825623035431
kpxfgblduw.mp4,0.909788966178894
kpxgkvzrag.mp4,0.9622779488563538
kpykyjnwwz.mp4,0.6388566493988037
kpywkynrjy.mp4,0.9253829121589661
kpyyjmxmoj.mp4,0.9279211759567261
kpzecdyhby.mp4,0.7478839755058289
kqabylejhe.mp4,0.9082247614860535
kqamviihso.mp4,0.922249436378479
kqaqujjdca.mp4,0.8758355975151062
kqatztogld.mp4,0.11725354939699173
kqauortnis.mp4,0.8826018571853638
kqbiejgili.mp4,0.9370204210281372
kqciwlqxjq.mp4,0.9421389698982239
kqcnjxhkfp.mp4,0.9752256870269775
kqcosusffn.mp4,0.20247463881969452
kqdfrirxbr.mp4,0.9533935189247131
kqdgbrfaau.mp4,0.9253650307655334
kqedczfnqm.mp4,0.0726575180888176
kqedjggwcd.mp4,0.5226317048072815
kqekclcmnd.mp4,0.9122527837753296
kqekzprzvl.mp4,0.9275228977203369
kqepmqpxmo.mp4,0.9600114822387695
kqetzheiep.mp4,0.8861979246139526
kqfpeocxls.mp4,0.9426236748695374
kqgbzqtafz.mp4,0.8578256368637085
kqgcdjwdmb.mp4,0.6113285422325134
kqgihluusi.mp4,0.5669582486152649
kqgnmikzxr.mp4,0.9488423466682434
kqgtsmqbpa.mp4,0.871772825717926
kqiineqoca.mp4,0.8109685182571411
kqjcuycosi.mp4,0.9756874442100525
kqkedvkxiu.mp4,0.244307741522789
kqkloetrzh.mp4,0.6792851686477661
kqkzvbsdni.mp4,0.8731465935707092
kqlxflempd.mp4,0.05096340924501419
kqnfqtxnci.mp4,0.9360184073448181
kqnhkmwbyo.mp4,0.8359344601631165
kqnvlydjgx.mp4,0.9177528619766235
kqnwutdvpd.mp4,0.09922032058238983
kqoxwzvdgn.mp4,0.8714468479156494
kqpqevotdi.mp4,0.36482498049736023
kqqehipuno.mp4,0.8991925716400146
kqqhjppcsw.mp4,0.9722974300384521
kqrgeujhxk.mp4,0.5997815132141113
kqrnwizptc.mp4,0.6703699827194214
kqsckjtqle.mp4,0.8520960807800293
kqsjsjvdyg.mp4,0.8941061496734619
kqspqkonuk.mp4,0.9706135392189026
kqtxuuqpxx.mp4,0.9759350419044495
kqvfburfar.mp4,0.8738309741020203
kqwmnqlfjf.mp4,0.6942006945610046
kqwxfglcgo.mp4,0.9382743239402771
kqxqlbiskj.mp4,0.9016919136047363
kqynuvnxmw.mp4,0.7792026400566101
kqzchexoru.mp4,0.9044724702835083
kravfkhyfg.mp4,0.9791035652160645
kraywetwrt.mp4,0.9502407908439636
krcahkpiwj.mp4,0.11164546757936478
krcwnqcmyg.mp4,0.19441741704940796
krdgfockzt.mp4,0.9353476166725159
krdqwwfaop.mp4,0.8813959956169128
krdsrresci.mp4,0.928382933139801
krejttudaw.mp4,0.9564680457115173
krevdgqbuz.mp4,0.9338727593421936
krexqkiccb.mp4,0.8634195923805237
kreyyuqvje.mp4,0.8532602190971375
krfikbkhck.mp4,0.8045254945755005
krfrzaghpv.mp4,0.9581137895584106
krfuaarffj.mp4,0.45635172724723816
krfzpznfum.mp4,0.8681238293647766
krhlahbowp.mp4,0.9724416732788086
krhpfuxlne.mp4,0.90561443567276
kriabgdcvz.mp4,0.405137300491333
kriulujgus.mp4,0.931243896484375
krjnlcjctk.mp4,0.9745696783065796
krjzuziezw.mp4,0.06757380068302155
krlamyoiww.mp4,0.09775028377771378
krlmmmwgnh.mp4,0.8732975125312805
krlosfjfpm.mp4,0.7176433801651001
krmwmnvwat.mp4,0.5456678867340088
krneyutinp.mp4,0.894372820854187
krnjodwmsb.mp4,0.9299092292785645
krnkcunqqa.mp4,0.05307698994874954
krooxscbam.mp4,0.19897063076496124
kroyxorqtz.mp4,0.8561900854110718
kroyztpegq.mp4,0.6837151646614075
krozjidepo.mp4,0.9197139739990234
krplpzuxss.mp4,0.9290438294410706
krpynxnfaf.mp4,0.46406546235084534
krqweabkjx.mp4,0.7185866236686707
krrnydciaa.mp4,0.9314097762107849
krskhbqfxm.mp4,0.9386579394340515
krskrpdcad.mp4,0.6044209003448486
krsorcwelh.mp4,0.8072440028190613
krtcbagqri.mp4,0.9234008193016052
krtpqcelgf.mp4,0.10005921870470047
kruvzexqam.mp4,0.7662636041641235
krvaxgxbhq.mp4,0.7901708483695984
krvetunxyz.mp4,0.12397260963916779
krwihcsnwm.mp4,0.9472208023071289
krwtsxpasu.mp4,0.7316617369651794
krzvphitmj.mp4,0.46065834164619446
ksaausdpbe.mp4,0.8876248598098755
ksadzljwkj.mp4,0.9579330682754517
ksaoehvsae.mp4,0.8866137862205505
kscoeoluiy.mp4,0.8991758823394775
kscvkpnekn.mp4,0.7518600821495056
kscwlvoove.mp4,0.9044316411018372
ksddrdgaee.mp4,0.20058919489383698
ksedvwytxh.mp4,0.9209773540496826
ksesjqkhzv.mp4,0.9674540162086487
ksezqktegk.mp4,0.9477276802062988
ksfgswbvck.mp4,0.21459166705608368
ksfkyiyrif.mp4,0.21078833937644958
ksfuiztwuc.mp4,0.1639963835477829
ksfyrvchxj.mp4,0.9429813623428345
ksgwrgqrgi.mp4,0.932445228099823
ksgxhtgsjf.mp4,0.9058111310005188
kshexbxkqy.mp4,0.9746506810188293
kshkjrzams.mp4,0.9116072654724121
kshlyriwdh.mp4,0.08925414085388184
ksiwjygwrw.mp4,0.6733799576759338
ksjdckvshl.mp4,0.8526707887649536
ksjhytoorq.mp4,0.8682609796524048
ksjmvyddyh.mp4,0.24910889565944672
ksjwdxgwwi.mp4,0.8581247925758362
kskxxzvrrj.mp4,0.9016518592834473
kslgjwskxu.mp4,0.9303380250930786
kslzlblirp.mp4,0.9518834352493286
ksneekqtzt.mp4,0.9064934253692627
ksnklrsvul.mp4,0.987957239151001
ksnyodpbar.mp4,0.2157561480998993
kspmibcbkb.mp4,0.792151927947998
ksppkhssez.mp4,0.927105724811554
ksqbmcfwso.mp4,0.9244961738586426
ksqybmrwyg.mp4,0.9383119344711304
ksrchxowoi.mp4,0.7791909575462341
ksrnzzbcsz.mp4,0.9242274165153503
kssaxxtmkg.mp4,0.7416766285896301
kssnusteqo.mp4,0.1143953949213028
kstddunndj.mp4,0.9070526957511902
kstjcrrbds.mp4,0.5501788258552551
kstjjetwrf.mp4,0.9438979625701904
kstoczbyzr.mp4,0.4967916011810303
kstorrocvg.mp4,0.9358140230178833
ksuwagezws.mp4,0.9313807487487793
ksvibjmpni.mp4,0.9218215346336365
ksxnxsoonr.mp4,0.9665661454200745
ksyvbcodfc.mp4,0.6639686226844788
ksyvrepnua.mp4,0.06895236670970917
ksyyavokoz.mp4,0.9134395122528076
ktafldulfb.mp4,0.9573503136634827
ktagooptgq.mp4,0.9335539937019348
ktahytvzvl.mp4,0.9090624451637268
ktazdfvzxh.mp4,0.9146903157234192
ktbrplyuax.mp4,0.8744073510169983
ktbsegcghb.mp4,0.6970482468605042
ktcdquypov.mp4,0.8463401198387146
ktcyhakxfn.mp4,0.9631238579750061
ktdjkcftqv.mp4,0.07118348777294159
ktdklnmmro.mp4,0.8319324851036072
ktdrwvfkdv.mp4,0.13736392557621002
kteeyvdgkp.mp4,0.9557886123657227
ktfxoeictt.mp4,0.37562862038612366
ktgfninnmp.mp4,0.9073814153671265
kthokhsmzr.mp4,0.887934148311615
ktinhwqcym.mp4,0.839457631111145
ktjmfcxqyd.mp4,0.035992544144392014
ktjoendyit.mp4,0.9275482296943665
ktjsetopzq.mp4,0.6767862439155579
ktleqscxqe.mp4,0.964369535446167
ktmdpragph.mp4,0.9846954345703125
ktmluiowtd.mp4,0.4562772810459137
ktngjmgfut.mp4,0.9583969116210938
ktnjhftfpo.mp4,0.9520029425621033
ktnkoqfjeb.mp4,0.24398452043533325
ktnovgcglh.mp4,0.8307153582572937
ktnuxjqspw.mp4,0.1194690391421318
ktokhbmbzp.mp4,0.9340773224830627
ktonqqjvjk.mp4,0.96036297082901
ktpfgjxkjy.mp4,0.9181575775146484
ktplrnxprr.mp4,0.967878520488739
ktrrihbdgp.mp4,0.5
ktrrsqatcf.mp4,0.8045968413352966
ktsbmyurdw.mp4,0.9178854823112488
ktsidkhnud.mp4,0.19197708368301392
ktsjabctti.mp4,0.7182050347328186
ktsmigetsu.mp4,0.9694499969482422
kttgpjwhqb.mp4,0.8592236042022705
ktujzthgpb.mp4,0.5210106372833252
ktvhcbnvlj.mp4,0.9094346165657043
ktvmufyaqf.mp4,0.8349265456199646
ktwrnrnmhl.mp4,0.943616509437561
ktwvmsdbam.mp4,0.6547555923461914
ktwvnwxpwl.mp4,0.9038611054420471
ktxluramzl.mp4,0.9785944223403931
ktxurhfxsy.mp4,0.7843770980834961
ktydfbehhh.mp4,0.06574898213148117
ktzmeowvqp.mp4,0.9058442115783691
kuapqkjzya.mp4,0.9443694949150085
kubfsxmecg.mp4,0.7778915166854858
kubwhaokml.mp4,0.31296268105506897
kucmvbtlaf.mp4,0.6420897245407104
kucoqzfsnh.mp4,0.22633235156536102
kucyonhyim.mp4,0.5118328332901001
kudbhwulll.mp4,0.058621350675821304
kudvvlgiff.mp4,0.052786484360694885
kufpfejdwa.mp4,0.9087005257606506
kufzletqqp.mp4,0.9100224375724792
kugfpimhcx.mp4,0.08311943709850311
kuhwtggmri.mp4,0.6456114053726196
kuihikronb.mp4,0.9228060841560364
kuilavcjwz.mp4,0.859400749206543
kuimixwanz.mp4,0.9365568161010742
kujjwjaewk.mp4,0.9110055565834045
kukfxxfuxw.mp4,0.6280122399330139
kulniblyob.mp4,0.9105666279792786
kulsfhiigr.mp4,0.32938894629478455
kummqvwaax.mp4,0.34500306844711304
kumqlqovmi.mp4,0.878057062625885
kuoabeunqo.mp4,0.9118200540542603
kuoliszvvz.mp4,0.6483746767044067
kuoobhjmgf.mp4,0.9130063652992249
kuqbgbrypa.mp4,0.8316085338592529
kuqjdfmhit.mp4,0.6644289493560791
kuqxfkvnzp.mp4,0.7650631666183472
kurybyykbr.mp4,0.9366160035133362
kuryemfqdw.mp4,0.9148293137550354
kutkduyqlm.mp4,0.6308223605155945
kuugjjnzvb.mp4,0.9854736328125
kuunlmwpoi.mp4,0.7559760808944702
kuuohzwhyh.mp4,0.514878511428833
kuuylhiqmg.mp4,0.9787315130233765
kuuzhiduim.mp4,0.8912606835365295
kuvibtcdkg.mp4,0.8654805421829224
kuwtukoczp.mp4,0.9358790516853333
kuwvfrxqaw.mp4,0.8533562421798706
kuxeuxuwqq.mp4,0.9391311407089233
kuxiuolwxo.mp4,0.8844732046127319
kuxrfqwhqg.mp4,0.7374413013458252
kuyowgtvvy.mp4,0.9088855981826782
kuywbgujuo.mp4,0.8902697563171387
kuzdfabnks.mp4,0.05476374551653862
kuzepboxuw.mp4,0.8108060359954834
kvaidnruya.mp4,0.08969618380069733
kvajvgmref.mp4,0.9392128586769104
kvandbrfbu.mp4,0.9194923043251038
kvbicaaqot.mp4,0.9311838150024414
kvbqyqaqtp.mp4,0.7063575983047485
kvbtmdtydx.mp4,0.9550318121910095
kvbxyspkym.mp4,0.8119831681251526
kvcrolixxf.mp4,0.4239978790283203
kvctdchsuz.mp4,0.7687668800354004
kvcvndpudo.mp4,0.8306862711906433
kvcwpzfstd.mp4,0.10137713700532913
kvcxwgyiwm.mp4,0.04641682282090187
kvdbhvdjib.mp4,0.5426953434944153
kvdckuwuyw.mp4,0.8985581398010254
kvdnzpwaen.mp4,0.9266986846923828
kvehgdcsej.mp4,0.7574083209037781
kverutwcbw.mp4,0.8474292159080505
kvgdzkixtj.mp4,0.9276523590087891
kvhbyuklfv.mp4,0.11113134771585464
kvhdpfzpon.mp4,0.8451131582260132
kvhfbesxqm.mp4,0.6434261798858643
kvipktfypj.mp4,0.8662488460540771
kviukblvlg.mp4,0.9238786697387695
kvjigkxhfu.mp4,0.9462703466415405
kvjpkscmgq.mp4,0.9460251927375793
kvkgwihmby.mp4,0.9273131489753723
kvkhdvvifo.mp4,0.8840285539627075
kvlfhklrua.mp4,0.9583167433738708
kvlvcqunqj.mp4,0.8120895028114319
kvmmepvfia.mp4,0.940668523311615
kvmpkajdru.mp4,0.5224869847297668
kvmvkwnzae.mp4,0.7816597819328308
kvnanercuo.mp4,0.795894205570221
kvnffasrei.mp4,0.8992941975593567
kvnnfpebdn.mp4,0.9235466718673706
kvnrcwelty.mp4,0.8953189253807068
kvnxqoxyci.mp4,0.08164938539266586
kvnybortuz.mp4,0.9373894333839417
kvoeizmnbn.mp4,0.9080141186714172
kvpfhcphpu.mp4,0.7584630250930786
kvqbtnsjvi.mp4,0.9090405106544495
kvqjodnxqc.mp4,0.4878144860267639
kvqwqcbiou.mp4,0.9044249653816223
kvsbhjdqam.mp4,0.9743345379829407
kvtbykcwsv.mp4,0.38240620493888855
kvtrtolcvx.mp4,0.9368202686309814
kvttnipvjo.mp4,0.8909635543823242
kvtxaueqgq.mp4,0.21512453258037567
kvuevajdzf.mp4,0.1358969658613205
kvunxtjnjg.mp4,0.8697879910469055
kvvbbmqkld.mp4,0.5739521384239197
kvvbxazeln.mp4,0.901687741279602
kvvesbjqkd.mp4,0.9527537822723389
kvwdqffacb.mp4,0.043949730694293976
kvwusunqag.mp4,0.7712240815162659
kvxrkxellk.mp4,0.9222872853279114
kvyoetiwjj.mp4,0.03958742693066597
kvyvazqlev.mp4,0.8480642437934875
kvzejjekmc.mp4,0.9728097319602966
kwapbrbhzl.mp4,0.8755105137825012
kwashhmwyh.mp4,0.8865283131599426
kwaucvfnas.mp4,0.7726390957832336
kwbwtvhqjf.mp4,0.9406358003616333
kwcsntexqm.mp4,0.7452985644340515
kwdezvsfdm.mp4,0.9275539517402649
kwdgkwrvrl.mp4,0.13217943906784058
kwdzvcbhjt.mp4,0.9069784283638
kwehcwaymb.mp4,0.7333395481109619
kwektzqcat.mp4,0.9026603698730469
kwfrybsugq.mp4,0.908400297164917
kwgaqhzcer.mp4,0.8939489722251892
kwgbanctdq.mp4,0.8745284676551819
kwhmexnexb.mp4,0.9544028639793396
kwhvqlfceh.mp4,0.7825741171836853
kwhxnlfcmw.mp4,0.9836386442184448
kwigocueyo.mp4,0.3980676531791687
kwijuoikqk.mp4,0.7923607230186462
kwivlwvree.mp4,0.5316479206085205
kwjcecbziu.mp4,0.9444741010665894
kwjwijwgav.mp4,0.8290787935256958
kwletdaogb.mp4,0.7346920967102051
kwmkaiwaij.mp4,0.9380176663398743
kwmvssudkj.mp4,0.9318729043006897
kwmxvbhkwi.mp4,0.15896929800510406
kwndtwzjyg.mp4,0.05523012578487396
kwngozmnbu.mp4,0.8851101994514465
kwnzknmnsb.mp4,0.9430062770843506
kwodzpxxjj.mp4,0.8959152698516846
kwojbcsrxp.mp4,0.05722983181476593
kwpdqspfwl.mp4,0.10818440467119217
kwpjtvietw.mp4,0.8683744072914124
kwqhorfuuv.mp4,0.21825148165225983
kwqjbgikku.mp4,0.06860317289829254
kwqovfzity.mp4,0.8744157552719116
kwqqjgrcjv.mp4,0.7974317669868469
kwqtclyong.mp4,0.08952738344669342
kwqzoiiojg.mp4,0.9208665490150452
kwrftshybi.mp4,0.8227710127830505
kwrlvhvdxe.mp4,0.9669581055641174
kwsqhpxfge.mp4,0.8193235397338867
kwsraaqime.mp4,0.03509293496608734
kwsurvunlh.mp4,0.4040936529636383
kwszruxmwa.mp4,0.9409605860710144
kwuljirghd.mp4,0.9113052487373352
kwuubqdose.mp4,0.8129032850265503
kwuywxrciy.mp4,0.7681270837783813
kwvdjgiuws.mp4,0.8271440863609314
kwveccqyyg.mp4,0.8678242564201355
kwvhnffffv.mp4,0.9294109344482422
kwwbklisbi.mp4,0.9213109016418457
kwwveltzqp.mp4,0.9167494773864746
kxampzfwbc.mp4,0.8382723331451416
kxarjtvlly.mp4,0.06888943165540695
kxaxlsonpe.mp4,0.5011433959007263
kxbezlngzt.mp4,0.6513369083404541
kxbkpndjeg.mp4,0.9266071319580078
kxchysmyhl.mp4,0.18963289260864258
kxcjeykzsz.mp4,0.5597238540649414
kxclsatqdn.mp4,0.14402766525745392
kxcsvkxltd.mp4,0.7868077754974365
kxdlyvdmtr.mp4,0.921497642993927
kxdvofszdb.mp4,0.9733148217201233
kxewunrmam.mp4,0.5196231007575989
kxgcybcdep.mp4,0.06377574801445007
kxgqkakasv.mp4,0.9724803566932678
kxhdrbehre.mp4,0.10062625259160995
kxjzjcxlkd.mp4,0.9121628999710083
kxjzykflnf.mp4,0.9476516246795654
kxldgmqnlb.mp4,0.9404729008674622
kxljculnyz.mp4,0.7129412889480591
kxlpngcejr.mp4,0.5136365294456482
kxlprsoigl.mp4,0.9116400480270386
kxmivxaoct.mp4,0.8634318709373474
kxmlmyassq.mp4,0.9661654829978943
kxmlroxgjq.mp4,0.9009751081466675
kxmzhikvir.mp4,0.9121139645576477
kxnsmwhqtl.mp4,0.4653015434741974
kxnwxdnoxu.mp4,0.7089670896530151
kxnybtbpkl.mp4,0.05085911601781845
kxocuspfpu.mp4,0.8878270387649536
kxojueoowk.mp4,0.5676767826080322
kxomcuqhmy.mp4,0.8330782055854797
kxoouvjilg.mp4,0.2885628342628479
kxopvnpqvm.mp4,0.8972721695899963
kxpcutyvty.mp4,0.05459148436784744
kxpjzkgktr.mp4,0.9238545894622803
kxptuwngop.mp4,0.6690443158149719
kxqhiylfao.mp4,0.9523991346359253
kxqndyqxsc.mp4,0.8310264945030212
kxqnvgrxqu.mp4,0.055884771049022675
kxqpyldfzj.mp4,0.946461021900177
kxrfdwfaeq.mp4,0.058894749730825424
kxsswwfcan.mp4,0.921745240688324
kxsxcrfdzs.mp4,0.8200680017471313
kxteplqxyk.mp4,0.09640693664550781
kxtkjfqlma.mp4,0.9434172511100769
kxtqjpqhjw.mp4,0.5518032312393188
kxtzjutjke.mp4,0.9418485164642334
kxwhxonyqp.mp4,0.9065519571304321
kxwmaawawl.mp4,0.773546040058136
kxwrffkwch.mp4,0.9487972259521484
kxwzxqowht.mp4,0.9356529116630554
kxxcrzwiin.mp4,0.8851016163825989
kxxwsjmepu.mp4,0.6829951405525208
kxzasfgizt.mp4,0.9839544892311096
kyadxujccy.mp4,0.9305247664451599
kyaijizqok.mp4,0.8297454118728638
kyajzhnjjv.mp4,0.9275302886962891
kyakjhxoxe.mp4,0.06856638938188553
kyartvdwqs.mp4,0.8998278379440308
kybgwcuafr.mp4,0.7656688690185547
kycjiqjyos.mp4,0.9486235976219177
kycuhvvxty.mp4,0.355972021818161
kydmcatqof.mp4,0.8586158156394958
kydtueuqhh.mp4,0.9458655714988708
kyeisbhtzf.mp4,0.838817834854126
kygcbdoedd.mp4,0.8984746336936951
kyggjfisyj.mp4,0.9792070388793945
kyggopwswh.mp4,0.9302443861961365
kygkgngiex.mp4,0.9410104751586914
kygtgeqhvm.mp4,0.9868047833442688
kyiekdvlmi.mp4,0.9878671169281006
kyifakevhk.mp4,0.9556242227554321
kyirqvfadb.mp4,0.9269618988037109
kyirwrjbsd.mp4,0.6580747365951538
kyisphqysj.mp4,0.9147155284881592
kyjwwytldk.mp4,0.7256726026535034
kyklrdulgk.mp4,0.898052453994751
kykmrtoitd.mp4,0.9674885272979736
kykofpdlbt.mp4,0.9583756923675537
kylihgrkex.mp4,0.07947869598865509
kyltzmuzks.mp4,0.7832015156745911
kynyykjlwj.mp4,0.9789959192276001
kyoahgwfnp.mp4,0.8609164357185364
kyoihwhooi.mp4,0.5239657759666443
kyopmwtaqr.mp4,0.2615104615688324
kypiwidnwt.mp4,0.12278547883033752
kypqqvwvvn.mp4,0.12379185855388641
kypsfzomjw.mp4,0.6170384883880615
kypxxesehh.mp4,0.8680480122566223
kyqibupien.mp4,0.14462871849536896
kyradorwwn.mp4,0.5125205516815186
kyrbveruev.mp4,0.06509770452976227
kyrnhguexi.mp4,0.953819990158081
kyrtlgwkrm.mp4,0.915399968624115
kysjlkziba.mp4,0.909676730632782
kysuvsrlei.mp4,0.8862504363059998
kyswyowwgb.mp4,0.9527393579483032
kyszyhnkij.mp4,0.8764125108718872
kytmjxjodz.mp4,0.7647846937179565
kytoyrhhqb.mp4,0.969926118850708
kytqjymits.mp4,0.13183565437793732
kytzoyblhx.mp4,0.9194885492324829
kyunsgrssk.mp4,0.9000851511955261
kyvydsxjdx.mp4,0.05135507509112358
kywrzlaqot.mp4,0.7275668382644653
kywwpojzzs.mp4,0.9426854848861694
kyxklqbwnb.mp4,0.1422950178384781
kyxqqazucy.mp4,0.9531307816505432
kyxvlwovgo.mp4,0.5391754508018494
kyykwaftqw.mp4,0.9253369569778442
kyyplhtepd.mp4,0.8343455195426941
kyysuucbox.mp4,0.9129857420921326
kyyzjgfxlr.mp4,0.38996195793151855
kyzjenzjgn.mp4,0.5440390110015869
kzbefaqcvj.mp4,0.8629080653190613
kzbqeukvra.mp4,0.8511385321617126
kzbtvuzvom.mp4,0.9854243397712708
kzbwthqkzd.mp4,0.07694341242313385
kzbyefqvzh.mp4,0.9220556616783142
kzchklafiy.mp4,0.6295872330665588
kzcrsygmvs.mp4,0.07674820721149445
kzdeykbtus.mp4,0.8574161529541016
kzeaudeeom.mp4,0.9610109925270081
kzedpchqhp.mp4,0.8220747709274292
kzeltawxvr.mp4,0.8289355039596558
kzepfydppv.mp4,0.0659215971827507
kzesgcmzzm.mp4,0.9231532216072083
kzfghcmjks.mp4,0.9429230690002441
kzfrnpgwtk.mp4,0.8648793697357178
kzgfvvedjk.mp4,0.9493354558944702
kzgrvkueba.mp4,0.6613650321960449
kzhhviwkzo.mp4,0.8590717911720276
kzhmouvfzu.mp4,0.8601056933403015
kzibaxznnb.mp4,0.7268507480621338
kzihxvwsmy.mp4,0.9900000691413879
kzikuujllt.mp4,0.541947603225708
kzjqjyxjba.mp4,0.9822368025779724
kzjtxcefds.mp4,0.8218861222267151
kzkjzasyez.mp4,0.9794767498970032
kzkpvyfnbj.mp4,0.8540781736373901
kzkqxqpmqd.mp4,0.17167413234710693
kzkzcuxiug.mp4,0.8550023436546326
kzlfjgfqrz.mp4,0.916607141494751
kzlvtanimu.mp4,0.9265015125274658
kzmacengrr.mp4,0.9440580606460571
kzmywxbybr.mp4,0.10042014718055725
kznajacnvq.mp4,0.9346321821212769
kzoiyebyzm.mp4,0.8652682900428772
kzosjeoedo.mp4,0.08561485260725021
kzozmqqzjb.mp4,0.9279146790504456
kzpxnqzems.mp4,0.3735262155532837
kzpzriyzwt.mp4,0.8449714779853821
kzqhzwolml.mp4,0.06594476848840714
kzqnfljlpa.mp4,0.8950170874595642
kzqqgctnoy.mp4,0.04982457682490349
kzqyfljzfp.mp4,0.9121021032333374
kzqznorymf.mp4,0.9296311140060425
kzrbfsoxtj.mp4,0.7497819066047668
kzrtmgygnq.mp4,0.9406113028526306
kzrzgvkise.mp4,0.8273929357528687
kzsncayjgo.mp4,0.9062597751617432
kztgonlqey.mp4,0.8113505244255066
kztwhaafok.mp4,0.49982383847236633
kzvtudfgch.mp4,0.9359711408615112
kzwmxhplnd.mp4,0.9013006687164307
kzxpndejui.mp4,0.588739812374115
kzycggjleq.mp4,0.5226675271987915
kzyqoesccm.mp4,0.8994271755218506
kzyswcsexk.mp4,0.8982936143875122
kzzmrgktaw.mp4,0.6047430634498596
kzzytxgshy.mp4,0.29971325397491455
kzzzequpdt.mp4,0.9893300533294678
labjmmhqke.mp4,0.9312078952789307
labvodsojl.mp4,0.9350148439407349
ladjhvyigq.mp4,0.8880127668380737
ladnuitrey.mp4,0.9588238000869751
ladwdrjkzc.mp4,0.670099139213562
laefolwgra.mp4,0.06742112338542938
laeorjcbbd.mp4,0.10096698999404907
laeugkuxrj.mp4,0.9354421496391296
lafdvfnsob.mp4,0.8576020002365112
lafoxxnlkt.mp4,0.9465815424919128
lafsnrurnk.mp4,0.9138843417167664
lafuomwezr.mp4,0.9288551807403564
lagaytbhyh.mp4,0.17598062753677368
laghodtoje.mp4,0.6792179942131042
laglgdftel.mp4,0.9716672897338867
lagxgxjnil.mp4,0.08624221384525299
lagzvqjevr.mp4,0.989132285118103
laihqoslma.mp4,0.8936473727226257
lajwftyrml.mp4,0.06343463808298111
lakeqbnkhv.mp4,0.9255504012107849
laktekqvjo.mp4,0.5675446391105652
lakthcscey.mp4,0.8324381709098816
lakxvehimc.mp4,0.9797085523605347
lambzoqnwl.mp4,0.8982753157615662
lamilgnfxw.mp4,0.3768002986907959
lamofwnndg.mp4,0.4249703288078308
lamovzelwr.mp4,0.8647394180297852
lamxbgvzrs.mp4,0.8981550335884094
lamylbljvb.mp4,0.851487398147583
langkfbayd.mp4,0.9814589619636536
lanltosgtn.mp4,0.8170990943908691
lanoulpcmk.mp4,0.5385172367095947
laoqibggmh.mp4,0.9442824125289917
laoxooujkk.mp4,0.8955280780792236
lapcqbbwuu.mp4,0.9180261492729187
laqigokfpl.mp4,0.43622973561286926
larwnfncyq.mp4,0.25347837805747986
laskukekyz.mp4,0.06028047949075699
lasrqldmon.mp4,0.8523886203765869
lasszfurox.mp4,0.250387579202652
lasucnprgi.mp4,0.9653696417808533
latbsovkps.mp4,0.8937675952911377
latselczds.mp4,0.9536101818084717
laugsqcihw.mp4,0.7720175981521606
lauifordgs.mp4,0.07985960692167282
laupbbdwmz.mp4,0.11101989448070526
lautmrhmin.mp4,0.9278361201286316
lauulmshvq.mp4,0.934032142162323
lavqqeemqu.mp4,0.738775908946991
lawdpxkvpy.mp4,0.7437556982040405
lawfymygda.mp4,0.8861907124519348
lawhopjppb.mp4,0.21553438901901245
lawxxudonx.mp4,0.9079337120056152
laxeomdwou.mp4,0.9459459185600281
laxjttpaea.mp4,0.9253429174423218
laxvcsetkn.mp4,0.9677707552909851
layftsiufo.mp4,0.9515669941902161
lazyofgcmi.mp4,0.9587244391441345
lbahlrfswz.mp4,0.818132221698761
lbalxmqcpo.mp4,0.866706907749176
lbanotpxhl.mp4,0.2096947729587555
lbawqxabtx.mp4,0.11330881714820862
lbbhppglec.mp4,0.9391013383865356
lbcbyrdjkv.mp4,0.8550117015838623
lbchzdzvks.mp4,0.9371964931488037
lbcijquzrd.mp4,0.9048395156860352
lbdsgizlfz.mp4,0.1822347342967987
lbebogglke.mp4,0.9180004000663757
lbeodffhlj.mp4,0.5337335467338562
lbgohgvmlj.mp4,0.4726463258266449
lbgvtogpka.mp4,0.27170631289482117
lbigcunjai.mp4,0.8280590772628784
lbihjdswtl.mp4,0.7753708958625793
lbjhueqjqb.mp4,0.05733233317732811
lbjkndnzbc.mp4,0.9830862879753113
lbjlsrqbbv.mp4,0.06485001742839813
lbjlvzpxkw.mp4,0.8844512104988098
lbjnzysfmf.mp4,0.9293847680091858
lbjyebtbab.mp4,0.1527337282896042
lbkvnpgdug.mp4,0.4505470097064972
lbkyeddffy.mp4,0.8570725321769714
lblaoukhmy.mp4,0.9724598526954651
lblnaurkhp.mp4,0.8590371608734131
lblpuyasnp.mp4,0.46100810170173645
lblrymsaof.mp4,0.9104319214820862
lblweiecpx.mp4,0.457973837852478
lbmfchhtjq.mp4,0.9351580142974854
lbmlxkfzku.mp4,0.43576595187187195
lbmwnookqb.mp4,0.9673662781715393
lbnkgqmnrb.mp4,0.9076985120773315
lbnsoxhcav.mp4,0.8648805618286133
lbnuxynggy.mp4,0.9367328882217407
lboalepbxp.mp4,0.9066529870033264
lbpsijmimo.mp4,0.6220426559448242
lbqbhxxwpa.mp4,0.8964512944221497
lbqhtfdhfr.mp4,0.9665238261222839
lbqskvhlch.mp4,0.9485000967979431
lbqtuxrvzx.mp4,0.6467593908309937
lbrlutazmo.mp4,0.5866891145706177
lbsmijxkmt.mp4,0.9831687211990356
lbsslmvykx.mp4,0.9820466637611389
lbsymurptm.mp4,0.8231537342071533
lbufcuhqnt.mp4,0.29327821731567383
lbumdiutyp.mp4,0.9399054050445557
lbuomrrcgz.mp4,0.24328328669071198
lbvpjkfemg.mp4,0.9231777787208557
lbvsreiamr.mp4,0.9299976825714111
lbwjjruzkl.mp4,0.39819544553756714
lbwkauppxq.mp4,0.9389160871505737
lbwmvzraew.mp4,0.20561905205249786
lbwojyfexb.mp4,0.9328799843788147
lbxyqbhcky.mp4,0.8975766897201538
lbyhrspkit.mp4,0.831782877445221
lbyukmndzx.mp4,0.6655856966972351
lbzavxgnph.mp4,0.4422915577888489
lbznpnwvbw.mp4,0.7759533524513245
lbzrhlxwei.mp4,0.906408965587616
lbzyuktruk.mp4,0.974496066570282
lcavluowmf.mp4,0.728807806968689
lcbcjcfbet.mp4,0.8235130310058594
lcbykfjdyp.mp4,0.9207559823989868
lccbmqgvjf.mp4,0.9635762572288513
lcchaliyve.mp4,0.5296847224235535
lccmzlcvjw.mp4,0.7090979814529419
lcdjbhzvla.mp4,0.7610769867897034
lcejfttupr.mp4,0.41972246766090393
lcejqpmevk.mp4,0.6465829014778137
lcfeallqlh.mp4,0.9371288418769836
lcgsihcudt.mp4,0.8704608082771301
lchmxzjjkj.mp4,0.03649298474192619
lchshnnoyb.mp4,0.486355185508728
lchwnfddji.mp4,0.9251675605773926
lcichiiawi.mp4,0.0701880007982254
lcijjgtqrr.mp4,0.22981137037277222
lcipixrtmn.mp4,0.822384774684906
lcjiwuujru.mp4,0.8978762030601501
lcjpcvctby.mp4,0.8339696526527405
lcjqoxhdvs.mp4,0.8635549545288086
lcjvdkuiiw.mp4,0.8931301832199097
lclgwlyngm.mp4,0.8982375264167786
lcmerlqabp.mp4,0.9464719891548157
lcnhlggddw.mp4,0.8913640379905701
lcowymgwgp.mp4,0.9092088937759399
lcpjqjuvyd.mp4,0.9703043699264526
lcpnxqptsa.mp4,0.8876038193702698
lcqvhqfaji.mp4,0.8335890173912048
lcrkvspjmk.mp4,0.8011344075202942
lcrtuazjgq.mp4,0.9184620380401611
lcrxfkezdg.mp4,0.8965814113616943
lcsgwvpzgp.mp4,0.6507099270820618
lctadvptrm.mp4,0.8992357850074768
lctlqbabqr.mp4,0.3179484009742737
lctmbwcoho.mp4,0.7600839734077454
lcuxypgept.mp4,0.07935606688261032
lcuyzxpbkg.mp4,0.8505498766899109
lcwpkxdevw.mp4,0.4664513170719147
lcytrktuxg.mp4,0.6613523960113525
lcyvxnirwa.mp4,0.08225812762975693
lcznirhyci.mp4,0.8974297642707825
lczxunqhdo.mp4,0.9294463992118835
ldakgqfroe.mp4,0.9006593227386475
ldasdpxtjb.mp4,0.07914552092552185
ldayjylmsy.mp4,0.42597588896751404
ldbldpvjab.mp4,0.9459203481674194
ldeccxgyqn.mp4,0.9399034976959229
ldffodtquh.mp4,0.7671568989753723
ldgjjwxskw.mp4,0.3654814660549164
ldguhpfsur.mp4,0.9243960380554199
ldgvehqkpu.mp4,0.45546409487724304
ldicddsxec.mp4,0.30149516463279724
ldiqcgvqgj.mp4,0.952302098274231
ldjrbrgqql.mp4,0.959763765335083
ldjsjdbjrz.mp4,0.9679625630378723
ldjzrikuek.mp4,0.887261152267456
ldkowblylm.mp4,0.8444276452064514
ldlcaucqhw.mp4,0.9179178476333618
ldloctgunu.mp4,0.8793367147445679
ldlwlefhld.mp4,0.24860379099845886
ldmgwzlghm.mp4,0.8657676577568054
ldmjlmcevn.mp4,0.9156434535980225
ldmkjxnpct.mp4,0.965195894241333
ldmznorbhe.mp4,0.7685065865516663
ldnapibjxv.mp4,0.9020481109619141
ldngvlhild.mp4,0.908454179763794
ldnxpcqrww.mp4,0.8746164441108704
ldohyltjih.mp4,0.7102347016334534
ldolscylre.mp4,0.9552931189537048
ldoxbzupoj.mp4,0.9385139346122742
ldpneakmqf.mp4,0.9231416583061218
ldpsunxnsj.mp4,0.881506085395813
ldpuoyalqs.mp4,0.08805402368307114
ldpwlgxbfz.mp4,0.6915164589881897
ldqecgdsef.mp4,0.9260008335113525
ldqygueerd.mp4,0.16284260153770447
ldsmtvgmdj.mp4,0.9584048390388489
ldsorsepac.mp4,0.9171620011329651
ldtbcomiab.mp4,0.5023783445358276
ldtibsniik.mp4,0.05591358244419098
ldtihaxrwe.mp4,0.0849829688668251
ldtjvlhjdk.mp4,0.9881882071495056
ldtscpryms.mp4,0.7125932574272156
ldttffteee.mp4,0.8510531187057495
lduxzipcuj.mp4,0.9692980051040649
ldvatorpzp.mp4,0.9444022178649902
ldvgfuqfbr.mp4,0.9091874361038208
ldvjtwszhi.mp4,0.9145768284797668
ldvtyirqec.mp4,0.337312787771225
ldwgfsxbty.mp4,0.9597464203834534
ldwtjdckpc.mp4,0.32855042815208435
ldxeoxkuqb.mp4,0.8395143747329712
ldxevwpjba.mp4,0.8807838559150696
ldxupprqbq.mp4,0.8743270039558411
ldxydczsxb.mp4,0.9350650906562805
ldyfkelqcn.mp4,0.7529000043869019
ldygtrfyyo.mp4,0.957537055015564
ldyryrmjll.mp4,0.941419243812561
lebllfpewj.mp4,0.8231978416442871
lecjgdqkqm.mp4,0.9872454404830933
lecmisyxll.mp4,0.8971850872039795
leecnrzodp.mp4,0.9820385575294495
leekjavohd.mp4,0.7858229279518127
leekzwugxw.mp4,0.610081672668457
leenrzrrfs.mp4,0.02656049281358719
lefrotdttd.mp4,0.05709517374634743
legilvljip.mp4,0.9354774355888367
lehdukjqpz.mp4,0.04743112996220589
lejluauqlq.mp4,0.6915154457092285
lejnxfqhnl.mp4,0.8736791014671326
lejrkxqoxy.mp4,0.7547051906585693
lejvsficfs.mp4,0.9334248900413513
lekerrfduk.mp4,0.11634895205497742
lekpmobnzr.mp4,0.9041360020637512
leljeavimg.mp4,0.8548083305358887
leluokcdvd.mp4,0.8625983595848083
lelxhkmeea.mp4,0.2606763541698456
lemiuwfnmk.mp4,0.9103657007217407
lenqnapony.mp4,0.9043112397193909
lenuozooiz.mp4,0.10140468180179596
lepcaxkmdg.mp4,0.9535759687423706
lepmeylzpc.mp4,0.8061286211013794
lepqvhstws.mp4,0.8935702443122864
lepymemcss.mp4,0.04224306717514992
leqsjlcbyh.mp4,0.8782768249511719
lergxoxyna.mp4,0.7359806299209595
leswbvawiu.mp4,0.7746148109436035
leuejftlvj.mp4,0.9381465315818787
leuwpfqcwa.mp4,0.8545804619789124
levrhzdleq.mp4,0.8216931223869324
levyzeuzve.mp4,0.9185737371444702
lewemordqy.mp4,0.9341530203819275
lewhgbxwom.mp4,0.9646238088607788
lewoxkkdst.mp4,0.7558218836784363
lewzseskcf.mp4,0.6535210013389587
lexbzkffgy.mp4,0.9674685597419739
lexhjexkbd.mp4,0.6776705980300903
lexuivzvju.mp4,0.9461110830307007
leycoieybz.mp4,0.2145489901304245
lezcunlftx.mp4,0.8876633644104004
lezmvrttfp.mp4,0.9000409245491028
lfaujjbhkj.mp4,0.8943694829940796
lfbgnwylfy.mp4,0.5
lfbmhzyldi.mp4,0.9833454489707947
lfbpkctemk.mp4,0.8933569192886353
lfbxgelruh.mp4,0.9126929044723511
lfdjsbmfhq.mp4,0.9311174154281616
lfdqzgeouj.mp4,0.743042528629303
lfdsldcldf.mp4,0.9473161697387695
lfebjpyjvn.mp4,0.4522360861301422
lfecgkvspu.mp4,0.37315383553504944
lfefoblise.mp4,0.6111939549446106
lfejcahaps.mp4,0.28907668590545654
lfezkxuqdz.mp4,0.35604941844940186
lffbjekzzp.mp4,0.8623679876327515
lfhoiazzau.mp4,0.8805465698242188
lfigrarene.mp4,0.7457292675971985
lfiwelzupa.mp4,0.8605945110321045
lfjrbnrcot.mp4,0.7821025252342224
lfjwiittlk.mp4,0.8970530033111572
lfkueenicm.mp4,0.9396434426307678
lflchzkymw.mp4,0.9574525952339172
lflqhsufkh.mp4,0.6636074781417847
lflzgjckta.mp4,0.9224647879600525
lfmakqrmqo.mp4,0.9477399587631226
lfmffuaqid.mp4,0.10870204865932465
lfngvnzbau.mp4,0.9012736082077026
lfnuajhyxy.mp4,0.6716938018798828
lfoubkkevo.mp4,0.6957184672355652
lfpwtzcqqs.mp4,0.9074092507362366
lfqprxzaco.mp4,0.08475923538208008
lfqywknpmp.mp4,0.8427384495735168
lfrogrspmg.mp4,0.16880439221858978
lfswgagulf.mp4,0.7227160334587097
lfsykmsrtl.mp4,0.9149428009986877
lfszpvcfch.mp4,0.7860677242279053
lftupxbged.mp4,0.9015878438949585
lfuoylafhw.mp4,0.8925371766090393
lfvikiacph.mp4,0.9760943055152893
lfvmfaqnmc.mp4,0.9615400433540344
lfvsfxqmym.mp4,0.9627293944358826
lfvvzweczk.mp4,0.10824047029018402
lfwffuahkl.mp4,0.8878969550132751
lfwhcmjscu.mp4,0.9240979552268982
lfwknricvc.mp4,0.9829462766647339
lfwzebjsmd.mp4,0.16367213428020477
lfxewjuwow.mp4,0.8531403541564941
lfxkcmyzen.mp4,0.9628289937973022
lfxpmsuqek.mp4,0.8396542072296143
lfybykwilm.mp4,0.916913628578186
lfycoyqbuy.mp4,0.5398029685020447
lfzaufknbs.mp4,0.9238147735595703
lfzbojghxa.mp4,0.9232472777366638
lfzdoxzqfv.mp4,0.7720832824707031
lgbmbhipms.mp4,0.5368358492851257
lgcxzvppqs.mp4,0.8853129148483276
lgdoenjhib.mp4,0.8858002424240112
lgdqpjgcqk.mp4,0.9060075879096985
lgejhjovdw.mp4,0.9835002422332764
lgexartiib.mp4,0.5826964974403381
lgfiqaelue.mp4,0.9063870906829834
lghodqkraj.mp4,0.9678872227668762
lghzvwilaj.mp4,0.9594661593437195
lgiuxymuhh.mp4,0.4052838981151581
lgjmxefwpq.mp4,0.13692982494831085
lgkfozyquu.mp4,0.8921270370483398
lgkqqktrjr.mp4,0.4855958819389343
lgksniqhis.mp4,0.9495354294776917
lglrbqnoya.mp4,0.8342469930648804
lgmkhtfmls.mp4,0.9176379442214966
lgmtjfgpgr.mp4,0.962329626083374
lgmuyxupnn.mp4,0.5870661735534668
lgngfvswql.mp4,0.9794487357139587
lgngmarwtz.mp4,0.8966794013977051
lgntqfklfx.mp4,0.10191138833761215
lgntwyjanc.mp4,0.7068634629249573
lgnxeyzclt.mp4,0.22094561159610748
lgoyltneud.mp4,0.863616943359375
lgqfanavff.mp4,0.951589822769165
lgqtocohmm.mp4,0.916256308555603
lgqxinvuka.mp4,0.7955343127250671
lgsivowhce.mp4,0.588183581829071
lgtyozmgan.mp4,0.7642817497253418
lgvjtveroj.mp4,0.09164395928382874
lgwkaereih.mp4,0.9491071701049805
lgwkjdthox.mp4,0.8729909062385559
lgwokwixfg.mp4,0.8805784583091736
lgwrhimtfj.mp4,0.29180145263671875
lgwtkzqltl.mp4,0.438237726688385
lgxwfxnqfh.mp4,0.9346469044685364
lgygzgpanq.mp4,0.9094809293746948
lgyqfumfhw.mp4,0.5343706011772156
lgzclplvnt.mp4,0.943803071975708
lhavhaqxti.mp4,0.5130149126052856
lhayhvqjmg.mp4,0.8924216628074646
lhbwwfsixj.mp4,0.9001472592353821
lhcdmlbqou.mp4,0.6949763298034668
lhcecvneqx.mp4,0.9418964385986328
lhcojltrqg.mp4,0.84430330991745
lhcybhuryg.mp4,0.7265956997871399
lhdqfupbxo.mp4,0.9652730226516724
lhelkzkcju.mp4,0.9285148978233337
lhfdiftvbn.mp4,0.9122374057769775
lhfwyouedq.mp4,0.8368698358535767
lhgoghqmub.mp4,0.09505858272314072
lhgujlbkqr.mp4,0.7579891085624695
lhhflkrcrb.mp4,0.9177117347717285
lhhxgytswd.mp4,0.8347795009613037
lhhzkikwok.mp4,0.979017972946167
lhifaggrzr.mp4,0.9261196851730347
lhimehjcrv.mp4,0.47177526354789734
lhimnmquqj.mp4,0.9141480326652527
lhjcdavmmg.mp4,0.12591692805290222
lhklvngngj.mp4,0.8466140031814575
lhklzrbkns.mp4,0.9255188703536987
lhlewwawgc.mp4,0.7139714360237122
lhlmzjyvrh.mp4,0.977631688117981
lhlsecdhax.mp4,0.0845123752951622
lhlufcqdpg.mp4,0.772465169429779
lhlzvxfjup.mp4,0.9098794460296631
lhmiyvrent.mp4,0.8303239345550537
lhmmwaigmr.mp4,0.9165703058242798
lhmpofvgej.mp4,0.9518405199050903
lhopwatilk.mp4,0.9361233115196228
lhozfukhiw.mp4,0.543887197971344
lhpwfocycv.mp4,0.7094014883041382
lhqfswriiy.mp4,0.9002427458763123
lhqgbwxviv.mp4,0.8903538584709167
lhqxuwestq.mp4,0.09967180341482162
lhqzgsnvxw.mp4,0.8602244853973389
lhrdeqnnqh.mp4,0.38435572385787964
lhrdtpdqyt.mp4,0.9660043120384216
lhrfqnnpon.mp4,0.2153659611940384
lhrtljxmpk.mp4,0.9614933729171753
lhtsqtvtpm.mp4,0.9608701467514038
lhtwwnttbt.mp4,0.07860299199819565
lhurhgpffk.mp4,0.869504988193512
lhvashzoru.mp4,0.6909011006355286
lhvdfdhmhw.mp4,0.9249383807182312
lhvlmcnhov.mp4,0.6963608860969543
lhvmynaabq.mp4,0.9371868968009949
lhvntwotfa.mp4,0.8296358585357666
lhvqwxgyfg.mp4,0.9330084919929504
lhvrpmfzrh.mp4,0.8323131799697876
lhwgruznkt.mp4,0.9215702414512634
lhwnqbhyei.mp4,0.9195440411567688
lhwwhjhyqx.mp4,0.8823407292366028
lhyflbfmoy.mp4,0.560081958770752
liafkksaer.mp4,0.04603324830532074
liajelribh.mp4,0.7311752438545227
liatfxbjlx.mp4,0.9538914561271667
liavrgdfru.mp4,0.9282627105712891
libkveeqmj.mp4,0.9525128602981567
libmsmajwz.mp4,0.06166135519742966
libqjtyhwo.mp4,0.9355711340904236
licciftlgn.mp4,0.38202017545700073
lievwdwxkb.mp4,0.652696430683136
liezbuzmta.mp4,0.930901288986206
lifdytsjky.mp4,0.30585774779319763
lifgikqkee.mp4,0.37239015102386475
ligclvdmtv.mp4,0.8359981775283813
ligiuhyfsy.mp4,0.23102816939353943
lijccmxacw.mp4,0.8433416485786438
lijhbmtmfl.mp4,0.9654925465583801
lijodtitxz.mp4,0.4996475875377655
lijpeujqot.mp4,0.9572657346725464
likcwtxjbb.mp4,0.9302665591239929
likhvpxanp.mp4,0.16889792680740356
likwbnnnli.mp4,0.9487627148628235
likxmbtcon.mp4,0.750813364982605
likzpmdjak.mp4,0.909224271774292
lilanxqzsm.mp4,0.484907865524292
lilzprpwez.mp4,0.7685294151306152
limdeyymym.mp4,0.8800917267799377
limfkjjjtz.mp4,0.9034520983695984
limkffcjki.mp4,0.19585835933685303
lindhffzkp.mp4,0.6582019925117493
linnmxvibu.mp4,0.13032037019729614
linoanfcal.mp4,0.9325884580612183
lipwxxllue.mp4,0.06345225870609283
liqjhqqzmt.mp4,0.5528804063796997
lirclscpfu.mp4,0.9419029951095581
lirihnvayp.mp4,0.7232341170310974
lirijrgbnm.mp4,0.9683110117912292
listkrowrn.mp4,0.8584714531898499
liureznisp.mp4,0.5308504104614258
liuxjgdcqh.mp4,0.8198698163032532
lixfkxresa.mp4,0.9245202541351318
lixmvuauvp.mp4,0.10147729516029358
lixnoghcaj.mp4,0.8962939977645874
lixokokrpg.mp4,0.7578315734863281
liybarpvcb.mp4,0.8962898850440979
liycyqbnux.mp4,0.8810557126998901
liyxtbkpsi.mp4,0.05359945446252823
lizknrgdff.mp4,0.9246516227722168
lizpuoccho.mp4,0.6608872413635254
ljbdywukfr.mp4,0.0885528177022934
ljbpakdbhq.mp4,0.9375336170196533
ljbtqlsgot.mp4,0.9406375288963318
ljcjiehoav.mp4,0.9264406561851501
ljcjouvznz.mp4,0.08825559914112091
ljcuyukzpx.mp4,0.7961646318435669
ljdgxwuvia.mp4,0.6209390163421631
ljeapddvuv.mp4,0.9833976030349731
ljebxaetsk.mp4,0.8327614665031433
ljedchviiy.mp4,0.9023401141166687
ljemyykxsk.mp4,0.8841308951377869
ljeqmqyttf.mp4,0.07608980685472488
ljfazrltza.mp4,0.9329140186309814
ljfwffhbvd.mp4,0.8611837029457092
ljieiulczn.mp4,0.8846560716629028
ljigonxihx.mp4,0.11537908017635345
ljjrqrpbce.mp4,0.14774221181869507
ljjuxvbukg.mp4,0.9120168089866638
ljkojsckvg.mp4,0.14599978923797607
ljlxqiyvte.mp4,0.07105137407779694
ljmadvrlmn.mp4,0.8884731531143188
ljmfspasvu.mp4,0.8743425607681274
ljmxbqvidr.mp4,0.12390445172786713
ljmzirnrle.mp4,0.8770714998245239
ljnasyvolh.mp4,0.05875471979379654
ljnnrqdtrz.mp4,0.4801360070705414
ljnvnifucq.mp4,0.6307396292686462
ljnwojwbdg.mp4,0.925927460193634
ljogstsxpg.mp4,0.8880813717842102
ljphqdpzkm.mp4,0.9306477904319763
ljqiywmozo.mp4,0.37265270948410034
ljqnljgqve.mp4,0.6555895805358887
ljqrqejspq.mp4,0.9292941093444824
ljqrzsmnpi.mp4,0.948259711265564
ljqzzlxhxl.mp4,0.7048542499542236
ljreebbwgf.mp4,0.9844504594802856
ljrikjsgis.mp4,0.9040335416793823
ljrvqpoimu.mp4,0.9467813968658447
ljrwzoqzem.mp4,0.9805324673652649
ljszxvwlaw.mp4,0.6852308511734009
ljundhkvsr.mp4,0.971681535243988
ljvbqaxndc.mp4,0.8659974932670593
ljwghjrlct.mp4,0.6796006560325623
ljwrrtsfiw.mp4,0.8527952432632446
ljwsbxmern.mp4,0.12495310604572296
ljxdmlaanv.mp4,0.8728793859481812
ljxktgthip.mp4,0.90440833568573
ljybfmnvgr.mp4,0.9092866778373718
ljzdzfjjsg.mp4,0.16391177475452423
ljzgurlygl.mp4,0.4461517632007599
ljzlewlqyi.mp4,0.7094457745552063
lkakdxttlz.mp4,0.7623693346977234
lkaszujqxc.mp4,0.933847188949585
lkaxbcynpi.mp4,0.6904742121696472
lkbctojbnt.mp4,0.9264156818389893
lkbfplmfja.mp4,0.1957278698682785
lkccgljibp.mp4,0.8862060308456421
lkccjgrvbf.mp4,0.8806978464126587
lkcqxdtpim.mp4,0.9273755550384521
lkcwxpxtpp.mp4,0.9606454968452454
lkdaxtzqiv.mp4,0.5901234745979309
lkdfnzxhqw.mp4,0.8529998660087585
lkdfyltnbu.mp4,0.9100012183189392
lkdtszjxxp.mp4,0.8464745879173279
lkgfvsarwj.mp4,0.8570327758789062
lkhcfjsizo.mp4,0.9382964968681335
lkhpizdcli.mp4,0.9093024134635925
lkhszpabzv.mp4,0.9423375129699707
lkieitnaom.mp4,0.8997830152511597
lkijspqnch.mp4,0.10740556567907333
lkisvnpeet.mp4,0.026684189215302467
lkjufnrktf.mp4,0.7389818429946899
lkjvhtckjs.mp4,0.9439460635185242
lkkandgvbi.mp4,0.6422086954116821
lkkfboheul.mp4,0.8974683880805969
lkkzcncavi.mp4,0.8759032487869263
lklceaasio.mp4,0.9049341678619385
lklifqzlrl.mp4,0.2663445770740509
lklkhtiqem.mp4,0.9770033955574036
lklswpdfig.mp4,0.9215166568756104
lknemxscab.mp4,0.7452022433280945
lknkofgefp.mp4,0.9510115385055542
lknsotfwct.mp4,0.8984000086784363
lknxhkhejo.mp4,0.8500979542732239
lkoozjttqx.mp4,0.8965607285499573
lkqhtjxacz.mp4,0.9255566596984863
lkqjedijjt.mp4,0.09327832609415054
lkqlofrpql.mp4,0.9649579524993896
lkqvfiskik.mp4,0.06376110762357712
lkrexbonsl.mp4,0.9199872612953186
lksonkxhck.mp4,0.38789302110671997
lktjvibixr.mp4,0.9855895638465881
lktmoybwqr.mp4,0.9342755079269409
lkudcemyto.mp4,0.07761728763580322
lkukldrsko.mp4,0.794281542301178
lkvouattut.mp4,0.057891227304935455
lkvzmcszqx.mp4,0.9770219922065735
lkwbuvcgna.mp4,0.8818393349647522
lkwevjqgdb.mp4,0.8424603939056396
lkxlzjejzw.mp4,0.7824416160583496
lkyjryanyz.mp4,0.5446585416793823
lkypoiafbx.mp4,0.38261649012565613
lkyrcmahve.mp4,0.44634106755256653
lkzibqlfts.mp4,0.9520890712738037
lkzoxfepfz.mp4,0.07799813896417618
llasgshpnl.mp4,0.8456249237060547
llawldlgej.mp4,0.9402891397476196
llbgqzimao.mp4,0.8946830034255981
llbhwffeqx.mp4,0.7964941263198853
llbticqvai.mp4,0.9517309069633484
llddssknpw.mp4,0.9048004746437073
lldfiwvzgl.mp4,0.982947051525116
lldgblyhak.mp4,0.628999650478363
lldgrgtmty.mp4,0.9723983407020569
lldncuzoxg.mp4,0.7572296261787415
lldrkbdavb.mp4,0.13029120862483978
lldtnwojuj.mp4,0.5188215970993042
lldtrmyzbe.mp4,0.9606598019599915
lldzxbxswj.mp4,0.91829913854599
llfxsyhvtn.mp4,0.12323472648859024
llgdmrgrcb.mp4,0.9382980465888977
llgoufhasn.mp4,0.9000738263130188
llhnspjegj.mp4,0.9251447319984436
llhqjvjyyy.mp4,0.8050982356071472
llhueupcmx.mp4,0.8775503039360046
llisgnekde.mp4,0.8705007433891296
llitffcdsi.mp4,0.9554078578948975
llkhessplz.mp4,0.9335280656814575
llkiunqvzt.mp4,0.8913354277610779
llkwskavvg.mp4,0.9360210299491882
lllejofvot.mp4,0.8518216013908386
llmpbdycvp.mp4,0.8316614627838135
llmufuowed.mp4,0.4062568247318268
llmuylcuqq.mp4,0.9898947477340698
llotjejsex.mp4,0.6121596693992615
llqbpoknjt.mp4,0.8042635917663574
llrbpmkrlr.mp4,0.7961691617965698
llrynzgwgs.mp4,0.6911584138870239
llskrpcrys.mp4,0.06558588892221451
lltnqnduyw.mp4,0.8904913663864136
lltplbrjta.mp4,0.8281009793281555
lluhifwguy.mp4,0.9354315400123596
lluxnneqnc.mp4,0.898716390132904
llvboqgkhj.mp4,0.3504287898540497
llwjpzzrur.mp4,0.9273203015327454
llwwbktump.mp4,0.9418902397155762
llxchhpgxq.mp4,0.792399525642395
llxfrytcrh.mp4,0.9314910769462585
llxjcyyxeh.mp4,0.9453637003898621
llyhxagnol.mp4,0.8875452876091003
llylpbwkdc.mp4,0.555293083190918
llzxwswkms.mp4,0.12405663728713989
lmacjchowb.mp4,0.9560211300849915
lmacrzidyh.mp4,0.04135340452194214
lmalgwsflv.mp4,0.8771216869354248
lmbvoxhowe.mp4,0.1172444224357605
lmccjyztbs.mp4,0.07724453508853912
lmccntashy.mp4,0.7698318958282471
lmcnonfhgz.mp4,0.8310741782188416
lmcohghnke.mp4,0.9406411647796631
lmczsiwqtw.mp4,0.838057816028595
lmdeveqyyh.mp4,0.9453223943710327
lmdllckith.mp4,0.20646177232265472
lmdpmvrbys.mp4,0.9074613451957703
lmdrgorezo.mp4,0.9833151698112488
lmfbeiysou.mp4,0.9525954127311707
lmfbgvaiyn.mp4,0.863102912902832
lmgdjtzwau.mp4,0.22069862484931946
lmibdzouid.mp4,0.2204209864139557
lmiozveicz.mp4,0.950962245464325
lmjehchfap.mp4,0.890177309513092
lmkrdscoug.mp4,0.9033637642860413
lmldctlbgo.mp4,0.8795797228813171
lmlmmhqzee.mp4,0.9456484913825989
lmmasupdow.mp4,0.9311051964759827
lmmbmagbza.mp4,0.909977912902832
lmmyibivqv.mp4,0.5385646224021912
lmmystjvhm.mp4,0.8374943733215332
lmohkvdrtn.mp4,0.6908302903175354
lmoldbnnwt.mp4,0.9481093883514404
lmpobwmsdd.mp4,0.8622233867645264
lmpxxuouon.mp4,0.32696858048439026
lmqjsakklt.mp4,0.9873601794242859
lmrgdusvgw.mp4,0.9281672835350037
lmtprngclw.mp4,0.9248039722442627
lmtswyedyz.mp4,0.9641449451446533
lmunrhcpac.mp4,0.14554280042648315
lmvfpvnkmr.mp4,0.037364065647125244
lmvtaezcev.mp4,0.9424542188644409
lmwsdpnvos.mp4,0.9108632206916809
lmwtsepkuj.mp4,0.18405887484550476
lmyaqrdaka.mp4,0.39198532700538635
lmyrbghnkp.mp4,0.9704519510269165
lmzbahfkji.mp4,0.8552554845809937
lnawdflpnw.mp4,0.4614222049713135
lnbdpjdsfs.mp4,0.8810895085334778
lncmjtftrg.mp4,0.8783634305000305
lndvgnppxi.mp4,0.4824821352958679
lnfllpdddc.mp4,0.8430980443954468
lngrrzshew.mp4,0.9420424103736877
lnhshsgucc.mp4,0.8785410523414612
lnhuqdsoer.mp4,0.2507714331150055
lnieuaoklr.mp4,0.8880754709243774
lnifjturzc.mp4,0.08638709783554077
lnjbjftbgs.mp4,0.9292468428611755
lnjyovmfui.mp4,0.9807845950126648
lnlwbzgyql.mp4,0.7266896963119507
lnnmgxwqjg.mp4,0.6315054893493652
lnnmitdeze.mp4,0.9142844676971436
lnomwfidpm.mp4,0.9088529944419861
lnonlukvbm.mp4,0.825455367565155
lnpakizjpy.mp4,0.7066536545753479
lnpebujelv.mp4,0.9261835217475891
lnphlyflxn.mp4,0.804672360420227
lnpryicgcu.mp4,0.9149485230445862
lnpznkerzw.mp4,0.8967164158821106
lnqbvwhxkl.mp4,0.06636437773704529
lnqscykrhg.mp4,0.9522924423217773
lnrfxdyfgt.mp4,0.8644348978996277
lnssmsljkd.mp4,0.7541217803955078
lnswibqjtc.mp4,0.9491114616394043
lnthydudcq.mp4,0.8900482058525085
lntzovectn.mp4,0.9429221153259277
lnuuobzsdt.mp4,0.8764646053314209
lnvhytfsia.mp4,0.3599848449230194
lnvsrnfdcf.mp4,0.9393983483314514
lnwckxbijl.mp4,0.5392187237739563
lnxamsukga.mp4,0.04408805072307587
lnxhgfjpuz.mp4,0.9426944255828857
lnxjomjyuk.mp4,0.9889819622039795
lnxkungfyu.mp4,0.9552120566368103
lnxzptjwxt.mp4,0.8052634596824646
lnynsvhhtq.mp4,0.6710812449455261
lnzizqodwj.mp4,0.04519874230027199
lnzqkoxomf.mp4,0.879062294960022
loaaetvrwu.mp4,0.9863179326057434
lobucnofjd.mp4,0.048287760466337204
loceqbfjxb.mp4,0.9529982209205627
lochlndgsp.mp4,0.8231955766677856
lodawmsneu.mp4,0.8695425391197205
lodqkqocot.mp4,0.9619041085243225
lodxsbqefu.mp4,0.7883806824684143
lofdvdkycg.mp4,0.7768780589103699
lofhhbaxrn.mp4,0.9246723651885986
lofoedbjlt.mp4,0.9402337074279785
lofyajpsll.mp4,0.841168999671936
logfzpkxtk.mp4,0.9217654466629028
loghihbzck.mp4,0.9544162750244141
logricueuw.mp4,0.7764772772789001
logwqccgdg.mp4,0.48102185130119324
loidyglldp.mp4,0.9544755816459656
loijppwjze.mp4,0.900841236114502
loivoqngeh.mp4,0.14733369648456573
lojugsogpt.mp4,0.8817424178123474
lokfxdpryi.mp4,0.948783278465271
lokiqptivn.mp4,0.8851063251495361
lollkigjpp.mp4,0.81202232837677
lolqyjohvw.mp4,0.9001139998435974
lomeciiboj.mp4,0.34681618213653564
lonsrnweor.mp4,0.34715592861175537
lonuxpyene.mp4,0.8963068723678589
looavyfvgu.mp4,0.18196512758731842
loohmqmvra.mp4,0.9844772815704346
looreydpcs.mp4,0.9498221278190613
lopbgtvlqi.mp4,0.46270832419395447
lopwqbglmi.mp4,0.09852548688650131
loqbobrwtm.mp4,0.9297940135002136
loqkacotyy.mp4,0.1461467444896698
loqkottbpd.mp4,0.9148586392402649
loqogafgxo.mp4,0.5236628651618958
lorszcsxfi.mp4,0.7132642269134521
lorurfbryy.mp4,0.06374309957027435
losdmmgngh.mp4,0.10444460809230804
loterabbxs.mp4,0.9050091505050659
lotraeoaom.mp4,0.9439038038253784
loursvuiav.mp4,0.9758777618408203
louszkbzak.mp4,0.8440643548965454
louzhesvcx.mp4,0.7059316635131836
lovaqzesxn.mp4,0.1593705266714096
lovkthgavz.mp4,0.8394107222557068
lovwvifwwo.mp4,0.772858202457428
loxrvukpvg.mp4,0.9616977572441101
loynozokrn.mp4,0.8702069520950317
loyscbebcv.mp4,0.9355838894844055
lozsplzqrq.mp4,0.9237999320030212
lpajeafiqi.mp4,0.5145261883735657
lparpftkpm.mp4,0.7403929829597473
lpbobaovmj.mp4,0.9200153350830078
lpckpmxeay.mp4,0.9617162942886353
lpckrjqvfn.mp4,0.9268956184387207
lpcqumwcia.mp4,0.7273851633071899
lpcztdljbq.mp4,0.9219162464141846
lpehcmqazm.mp4,0.9501131772994995
lpekkabdgx.mp4,0.9631127715110779
lpencintgp.mp4,0.8565927743911743
lpezdnkzwq.mp4,0.8960961103439331
lpfhotgggf.mp4,0.6666203141212463
lpfmqnxogg.mp4,0.36369720101356506
lpgbxpbbtg.mp4,0.9765201807022095
lpglyzsjtp.mp4,0.9182721376419067
lpgtkrtqdv.mp4,0.9236472845077515
lpitjxhwfv.mp4,0.9020432233810425
lpjsqvjmqj.mp4,0.1813199371099472
lpjusdgyqv.mp4,0.9297581911087036
lpkpqhrxup.mp4,0.8088201880455017
lpkrajwyvz.mp4,0.7007753252983093
lpkutxfoip.mp4,0.08040593564510345
lpmtqahqof.mp4,0.661675751209259
lpoiokvljf.mp4,0.9330848455429077
lpomyqbodh.mp4,0.9394193291664124
lpougvmrue.mp4,0.9873712062835693
lpoyrzlnnd.mp4,0.15663832426071167
lppfywtrfb.mp4,0.9272300004959106
lprejvwtsh.mp4,0.9695987701416016
lpshblgzyg.mp4,0.981123685836792
lptyfynqif.mp4,0.07816773653030396
lptzfjybqg.mp4,0.9087516665458679
lpufpduswj.mp4,0.9337530732154846
lputgrtity.mp4,0.8982717394828796
lpuzzmqqnp.mp4,0.32935631275177
lpvaxbampu.mp4,0.9393892884254456
lpvezonbvb.mp4,0.8744390606880188
lpvsbfthxm.mp4,0.606052041053772
lpwblbyqyc.mp4,0.7910860180854797
lpwcwgtgdx.mp4,0.9659547209739685
lpwhcfbwgs.mp4,0.3125849962234497
lpwuzhneuh.mp4,0.9894806742668152
lpxlcohyvb.mp4,0.09677420556545258
lpyipjjhad.mp4,0.2210632860660553
lpymgpaiup.mp4,0.0537753701210022
lpynxkaopd.mp4,0.7408850789070129
lpyzupzjjt.mp4,0.4622570872306824
lqadnfmexe.mp4,0.8276103138923645
lqbqkjlzma.mp4,0.9311959147453308
lqbulwtygp.mp4,0.9293490052223206
lqbvhsvnni.mp4,0.9061389565467834
lqbyyrqlmv.mp4,0.974642813205719
lqdojrijtz.mp4,0.49114394187927246
lqdtpjdrrw.mp4,0.9318192005157471
lqeocxkfmm.mp4,0.9005807638168335
lqeprskvea.mp4,0.14754743874073029
lqeucjhmmb.mp4,0.9162957668304443
lqfwjosrab.mp4,0.875701367855072
lqfywemubc.mp4,0.9224191308021545
lqicvgibpu.mp4,0.6040443778038025
lqieyfypdv.mp4,0.9448431730270386
lqijbuonqq.mp4,0.25643137097358704
lqijkhqtbr.mp4,0.9598584771156311
lqijupwllg.mp4,0.6975584626197815
lqiswzgheg.mp4,0.9441887736320496
lqjmtmtxep.mp4,0.7199810147285461
lqlcywxxqm.mp4,0.07668460160493851
lqlmshoabc.mp4,0.5461567044258118
lqlngaogej.mp4,0.9854303598403931
lqmbphbskn.mp4,0.8676479458808899
lqmbzyabot.mp4,0.8406575918197632
lqmhhvhekv.mp4,0.9710405468940735
lqndvflpdg.mp4,0.5017733573913574
lqouzrgsrv.mp4,0.9580203294754028
lqpitpmzmp.mp4,0.498922199010849
lqqohgoenc.mp4,0.7833178639411926
lqsbgioxpu.mp4,0.9338836669921875
lqshbxmree.mp4,0.9821523427963257
lqsukukfyk.mp4,0.9685871601104736
lqsvbnfnbp.mp4,0.9725900888442993
lqszaqyduy.mp4,0.8126978874206543
lqtudpjxii.mp4,0.1387740820646286
lqufcavnda.mp4,0.9002707600593567
lqulpaourj.mp4,0.08723772317171097
lqvfubuvfz.mp4,0.8618438839912415
lqvfwpevcq.mp4,0.14591224491596222
lqwhxzdnjq.mp4,0.9285532832145691
lqxubptkea.mp4,0.8571077585220337
lqytlikxnm.mp4,0.9014923572540283
lqywpbeiwo.mp4,0.8704659342765808
lrakxrqwfc.mp4,0.9323796033859253
lramuybciv.mp4,0.9291799664497375
lraonebekp.mp4,0.2519528567790985
lravaasmwo.mp4,0.7682195901870728
lrawjvkdcc.mp4,0.5184509754180908
lrbiebobgp.mp4,0.05220106989145279
lrbqlvsplj.mp4,0.9347367286682129
lrbtezmmvk.mp4,0.7589302062988281
lrbxmjafxp.mp4,0.8290855288505554
lrcggjcmge.mp4,0.9464595317840576
lrckqkzekj.mp4,0.8792884945869446
lrcxjizbrw.mp4,0.9270949959754944
lrcxwerhwl.mp4,0.8332846164703369
lrdbknzelx.mp4,0.8959473371505737
lrdziwxgql.mp4,0.298816442489624
lrectrbffn.mp4,0.7954036593437195
lrgeacuhsa.mp4,0.9447208642959595
lrgtofeomo.mp4,0.9591548442840576
lrhyxpbvwd.mp4,0.9516563415527344
lribrvaxhc.mp4,0.9114897847175598
lriddpcmuk.mp4,0.8320726752281189
lrilesqlcm.mp4,0.9271202683448792
lrjsvobqwr.mp4,0.9762006998062134
lrjwelfzyf.mp4,0.9251986145973206
lrkbomgkrm.mp4,0.9176491498947144
lrkjvocagr.mp4,0.9450662732124329
lrkmgiikqf.mp4,0.8381933569908142
lrlbofuacv.mp4,0.897181510925293
lrlfhgddzm.mp4,0.9168277382850647
lrlvpyfppw.mp4,0.6841243505477905
lrnheiqgxn.mp4,0.8804892897605896
lrortfffem.mp4,0.9151526093482971
lrouxckewl.mp4,0.93158358335495
lrqmrkrzmd.mp4,0.948515772819519
lrrkaezbaf.mp4,0.9266865849494934
lrrlokmmuo.mp4,0.8372392058372498
lrrptmaseg.mp4,0.893357515335083
lrsrvursst.mp4,0.9573392868041992
lrtksdxojh.mp4,0.7717923521995544
lrtnfxnapq.mp4,0.050855934619903564
lrtpvxhwrz.mp4,0.9010651111602783
lrtrklgmws.mp4,0.6692732572555542
lrvbsctjbm.mp4,0.8346078991889954
lrvmamsdoe.mp4,0.9359979033470154
lrwhdioasg.mp4,0.111931711435318
lrxfnffqsf.mp4,0.9454784989356995
lrxgwogdet.mp4,0.9573701620101929
lrxogqqdng.mp4,0.895477294921875
lrxsznrmgy.mp4,0.9583477973937988
lrxvxvhvfu.mp4,0.07895879447460175
lryvorptpd.mp4,0.8948357701301575
lrzkfxxqfs.mp4,0.8674476742744446
lrzycpajwe.mp4,0.6123954653739929
lrzywproql.mp4,0.7253164649009705
lrzyxhyplm.mp4,0.8311231136322021
lsahqgzytb.mp4,0.3688761293888092
lsawgdkxzn.mp4,0.929633617401123
lsawyhvjfy.mp4,0.9467393755912781
lsbohfmkgw.mp4,0.9753211736679077
lsbttztgcp.mp4,0.7354421019554138
lscnkcxfiw.mp4,0.13155832886695862
lsctfjcnil.mp4,0.8157181143760681
lsczkczxxj.mp4,0.8793588280677795
lsddcneqwj.mp4,0.8809216022491455
lsdgrdqlqe.mp4,0.7325684428215027
lsdwttuvdn.mp4,0.9540441036224365
lsdzbzurtu.mp4,0.93889981508255
lseggaeaza.mp4,0.19016067683696747
lsekwptcdr.mp4,0.08497578650712967
lsfluuclyb.mp4,0.9297998547554016
lsfrtmpubn.mp4,0.9476072192192078
lsfsintfky.mp4,0.7775307893753052
lsfsnohreg.mp4,0.8126013278961182
lsgaqurwin.mp4,0.963360071182251
lsgsmosfbx.mp4,0.9689416289329529
lshgrpfbts.mp4,0.8655499219894409
lshpxglsmy.mp4,0.8751059174537659
lshxvcdeku.mp4,0.043947018682956696
lsjscxkako.mp4,0.9593650102615356
lskulzrwue.mp4,0.9536615610122681
lslkefhabn.mp4,0.9741437435150146
lslnbgdras.mp4,0.8447341918945312
lsmcicxjwu.mp4,0.48875024914741516
lsmorxsvkw.mp4,0.5107932686805725
lsmzzyrwtr.mp4,0.5181740522384644
lsosnwjana.mp4,0.06512434035539627
lspcvuaorl.mp4,0.9742683172225952
lspczolmlc.mp4,0.4954695999622345
lspyiradyt.mp4,0.9278656244277954
lsqbbbpppp.mp4,0.9547452330589294
lsrgoxurqy.mp4,0.451267272233963
lsrrcctjxt.mp4,0.9127063155174255
lstejyjeky.mp4,0.958726167678833
lstmbmzquj.mp4,0.953333854675293
lstriernyw.mp4,0.9356936812400818
lsucpudnec.mp4,0.7365499138832092
lsuhmstevj.mp4,0.7538509964942932
lsvcshazxd.mp4,0.9165245294570923
lsvtaeyvqp.mp4,0.5611281991004944
lsweehznwt.mp4,0.9583644866943359
lswtmnngaj.mp4,0.907876193523407
lswulhmdxj.mp4,0.8931648135185242
lszsnqgacz.mp4,0.9262790679931641
ltadqzbppw.mp4,0.956152081489563
ltcrtncbeu.mp4,0.9601518511772156
ltctfoayrn.mp4,0.7700773477554321
ltdbcslnoi.mp4,0.7319214940071106
ltdoleynhr.mp4,0.7064487338066101
ltdwtgrads.mp4,0.7755349278450012
ltelioyyzj.mp4,0.8698127269744873
ltgipmlojm.mp4,0.9213018417358398
ltgrlpbgmu.mp4,0.9451954960823059
ltgxxquckx.mp4,0.931228518486023
lthhnbvcyp.mp4,0.2921094596385956
lthqfvpfjj.mp4,0.9039798378944397
ltigamxmii.mp4,0.9083735942840576
ltioynuvwb.mp4,0.9508227705955505
ltjyyomzub.mp4,0.9226491451263428
ltkesswcyn.mp4,0.9207509756088257
ltkkntboeh.mp4,0.8709232211112976
ltksiyjnki.mp4,0.9461368322372437
ltkvpexvao.mp4,0.43921011686325073
ltlxavhhbf.mp4,0.9048125743865967
ltmkgkppwx.mp4,0.9352157711982727
ltmwfdmjlu.mp4,0.9580626487731934
ltmyfqjbpo.mp4,0.5715035796165466
ltncdlqzay.mp4,0.982607901096344
ltnceyxber.mp4,0.9131029844284058
ltnlxegeko.mp4,0.576990008354187
ltnxymosza.mp4,0.9043591618537903
ltoacphegl.mp4,0.6752091646194458
ltozimnbny.mp4,0.9460373520851135
ltpguvcqna.mp4,0.7165582180023193
ltpzhzneor.mp4,0.9820316433906555
ltqdtclsds.mp4,0.8715194463729858
ltqmtdmone.mp4,0.5920162796974182
ltqrvfmthj.mp4,0.8535348176956177
ltrcdtmwpo.mp4,0.9704967737197876
ltrfgcytlz.mp4,0.518865168094635
ltrzlbdwal.mp4,0.7638705968856812
ltsfojqyrn.mp4,0.9216355085372925
ltsitblieu.mp4,0.88336181640625
ltsnjlutyy.mp4,0.4367710053920746
ltsypwqaeh.mp4,0.9176920652389526
lttacqrpvy.mp4,0.9548546075820923
ltttpemdhe.mp4,0.9774923920631409
ltuembwowc.mp4,0.8785375356674194
ltvehaiyfv.mp4,0.9234329462051392
ltvsejcpzp.mp4,0.5076748132705688
ltwequjvae.mp4,0.9164177775382996
ltwhhsvjhy.mp4,0.9721154570579529
ltwofbmeuf.mp4,0.8906327486038208
ltxaihidlr.mp4,0.22631420195102692
ltxvpviytx.mp4,0.8323018550872803
ltyatdewoi.mp4,0.9218940734863281
ltyfcvoydf.mp4,0.735946536064148
ltyscwokwa.mp4,0.8508943915367126
ltzsnoykde.mp4,0.020308246836066246
ltzvyxdjjt.mp4,0.9557005167007446
luagrfpkog.mp4,0.9160788059234619
luakfugxcq.mp4,0.9541462063789368
luayzhozhs.mp4,0.9452783465385437
lubdzwftbi.mp4,0.8419992327690125
lubvjblnvh.mp4,0.9496366381645203
lucoicwtri.mp4,0.9054147601127625
lucpbeexdk.mp4,0.5679100155830383
ludkyskjzw.mp4,0.8848651051521301
ludylolezl.mp4,0.848530650138855
ludywggjtb.mp4,0.8569850921630859
lueanpvcqp.mp4,0.8813028931617737
lufafslqpv.mp4,0.9562118649482727
lufpvtyklq.mp4,0.953477144241333
lughxdkcli.mp4,0.8700554370880127
lugolhzrpe.mp4,0.9766191244125366
lugqekylbt.mp4,0.06500288844108582
luhlllcbij.mp4,0.07538449019193649
luhndqsljl.mp4,0.7518771886825562
luiawfiqea.mp4,0.9272575974464417
luisdnrumh.mp4,0.9621694087982178
luiyhqkgpc.mp4,0.987325131893158
lujjudnqwk.mp4,0.7403333187103271
lukvrerksm.mp4,0.8720008730888367
lumcpnwgjb.mp4,0.899337112903595
lumzlkyfye.mp4,0.9515951871871948
lundobgccp.mp4,0.93970787525177
lunwjklczu.mp4,0.8614844083786011
luobkqbspr.mp4,0.6795372366905212
luoibfmcye.mp4,0.7813945412635803
luomuixnzz.mp4,0.14875105023384094
luqupwdngq.mp4,0.08170194178819656
luqxrtltek.mp4,0.06774095445871353
lurozpmsqd.mp4,0.38056203722953796
lurzcvfcww.mp4,0.9555912613868713
lurzjlhdwy.mp4,0.8650134801864624
lusdfarzvf.mp4,0.9328846335411072
lutcpypbkp.mp4,0.49072712659835815
luubupzupe.mp4,0.07732822746038437
luuwykgpxq.mp4,0.8397131562232971
luvukpxgnv.mp4,0.9598287343978882
luvxqrqcze.mp4,0.11365354061126709
luwesgqxzv.mp4,0.8054673671722412
luwszblomo.mp4,0.6204561591148376
luwtycokmn.mp4,0.0686616450548172
luxltthory.mp4,0.9391301274299622
luyervyqfj.mp4,0.2079257071018219
luypwcyzsd.mp4,0.39713647961616516
luzftfpyec.mp4,0.9071356654167175
luzjnapcal.mp4,0.7911522388458252
luzjvuisxv.mp4,0.8902229070663452
luzschwsbi.mp4,0.9125754833221436
lvaaipiolj.mp4,0.8049014210700989
lvavrwmfdm.mp4,0.19482184946537018
lvbfcxtocs.mp4,0.8926105499267578
lvbyubftbz.mp4,0.8871856331825256
lvcufdxmwl.mp4,0.8183764815330505
lvdaclryee.mp4,0.6665708422660828
lvdeivpqur.mp4,0.6310880184173584
lvdiwaszay.mp4,0.9877985119819641
lvdvxolmnm.mp4,0.8531567454338074
lveilcmehg.mp4,0.08591707050800323
lveutffttk.mp4,0.9210906624794006
lvgxlibzrg.mp4,0.9128682613372803
lvhevthpee.mp4,0.7242631316184998
lvhjocwloj.mp4,0.8951399326324463
lvipqrzjgm.mp4,0.9453017115592957
lvitlonnqo.mp4,0.7038297057151794
lvjfppajlo.mp4,0.9562692046165466
lvjxvlhalr.mp4,0.91404128074646
lvkgzquamd.mp4,0.8875728845596313
lvkompzpun.mp4,0.8909321427345276
lvkrtlbhww.mp4,0.88576740026474
lvlbdnhqsa.mp4,0.8512957692146301
lvllxmgunk.mp4,0.9458562731742859
lvlvyoqmrw.mp4,0.9611147046089172
lvmthzdaiz.mp4,0.9728348255157471
lvnfhvbmuj.mp4,0.9284645318984985
lvpxhfsvir.mp4,0.04387323558330536
lvpxmvhosa.mp4,0.8572811484336853
lvqajmfheb.mp4,0.34141287207603455
lvqxtzsnhy.mp4,0.0639067068696022
lvqxwgavnu.mp4,0.7666270136833191
lvrhszyrlj.mp4,0.9011368155479431
lvrnoggfia.mp4,0.1938340812921524
lvrrehuflq.mp4,0.25456592440605164
lvrzbitwvw.mp4,0.1284664124250412
lvsqosyids.mp4,0.029007289558649063
lvsqztsvjo.mp4,0.856516420841217
lvswcztxap.mp4,0.27550360560417175
lvtzefjson.mp4,0.9113364815711975
lvuqxnyqse.mp4,0.8230524063110352
lvvixvighu.mp4,0.22445568442344666
lvvpfgszfq.mp4,0.22967097163200378
lvvphmcuax.mp4,0.04277624562382698
lvwbwyaahs.mp4,0.6016385555267334
lvwwztyqxg.mp4,0.06865562498569489
lvxhdzpwex.mp4,0.8503015041351318
lvxprirwmn.mp4,0.13483300805091858
lvxzjwiklq.mp4,0.8065029978752136
lwaatqeuxv.mp4,0.8711771368980408
lwbmaqzgaw.mp4,0.8776248097419739
lwehidsvhx.mp4,0.9132539629936218
lwejqrhbsb.mp4,0.3220507502555847
lwezffnmxh.mp4,0.9186850190162659
lwfpcqtsjb.mp4,0.5784614086151123
lwgwmeaydr.mp4,0.9618142247200012
lwhbjsczbi.mp4,0.8219257593154907
lwimtzjtgb.mp4,0.9597060680389404
lwipjlyaov.mp4,0.9234228730201721
lwjwohhsmw.mp4,0.5096983909606934
lwkmbpwukb.mp4,0.9369717240333557
lwkviokzub.mp4,0.8298043012619019
lwkwvfmmxv.mp4,0.9495472311973572
lwlppyyhyt.mp4,0.12280798703432083
lwlspugubo.mp4,0.9275822639465332
lwmbepxbgs.mp4,0.835213303565979
lwmfcesuht.mp4,0.8076927065849304
lwmgdowwhc.mp4,0.9790495038032532
lwmliuhzmf.mp4,0.7491325736045837
lwmqlzeyat.mp4,0.8216960430145264
lwnkbqxrdb.mp4,0.053204409778118134
lwoopmypnr.mp4,0.9440622925758362
lwoxicjdyc.mp4,0.5707699060440063
lwqctvhygm.mp4,0.87964928150177
lwqkwwtmaw.mp4,0.9101409316062927
lwqmfcsjvp.mp4,0.9230446815490723
lwrcvyijvr.mp4,0.9263677597045898
lwshsanvtw.mp4,0.9588397145271301
lwsidhquyg.mp4,0.9476130604743958
lwskydnwaj.mp4,0.9460141658782959
lwstolipcm.mp4,0.9223018884658813
lwtdthvvsf.mp4,0.9780561923980713
lwuwxmruhp.mp4,0.10494168102741241
lwvlenifrf.mp4,0.14474935829639435
lwvmrhugjh.mp4,0.9452033042907715
lwvpaqzjux.mp4,0.4919097423553467
lwvuqhkimy.mp4,0.884522557258606
lwxmbnfrdy.mp4,0.9141166806221008
lwxnusafzk.mp4,0.8028579354286194
lwxxmollbr.mp4,0.2820360064506531
lwymdxklxn.mp4,0.12601175904273987
lwzkzhqikl.mp4,0.457763671875
lxadgjqzbf.mp4,0.8656004667282104
lxblwmfkzj.mp4,0.8837917447090149
lxcaipnidg.mp4,0.9540925025939941
lxcasrljsq.mp4,0.9205986857414246
lxcwvpqarc.mp4,0.9123676419258118
lxcxwsvrsn.mp4,0.963324785232544
lxdkaxsbra.mp4,0.7648584246635437
lxdkuhmocd.mp4,0.07686194777488708
lxdloiaafo.mp4,0.13452637195587158
lxefrgcpsc.mp4,0.8602921962738037
lxekhqziuc.mp4,0.7391228079795837
lxeqbyddvt.mp4,0.05184401199221611
lxfrssijva.mp4,0.9402921795845032
lxhhpbkpkb.mp4,0.8461549282073975
lxhilbhxmz.mp4,0.9595837593078613
lxihbksbtm.mp4,0.8434523940086365
lxijdfvshc.mp4,0.08132389932870865
lxiqduoesh.mp4,0.6169237494468689
lxixtcrfrg.mp4,0.030908958986401558
lxjlesktnz.mp4,0.7843844294548035
lxjqvxemcy.mp4,0.051738183945417404
lxjvdkhxwb.mp4,0.4311811327934265
lxkhmsqvoz.mp4,0.23857532441616058
lxndsasqrl.mp4,0.9298713207244873
lxnpwpztqi.mp4,0.881697952747345
lxnsgwpylz.mp4,0.5398585200309753
lxodqgtjbz.mp4,0.9131119847297668
lxoqnnvomh.mp4,0.9719951748847961
lxpjxggnqw.mp4,0.9808842539787292
lxqoazkxjy.mp4,0.9458601474761963
lxqqjutqiz.mp4,0.6921665668487549
lxqtfoopqi.mp4,0.8291289210319519
lxrjqnyvsc.mp4,0.6640514135360718
lxrrxgzbvw.mp4,0.8430036306381226
lxueluejmz.mp4,0.24834951758384705
lxulljntfn.mp4,0.08654581010341644
lxuotrcwjo.mp4,0.943932294845581
lxvdbjndkc.mp4,0.9773739576339722
lxvfkzgjyt.mp4,0.9326453804969788
lxvfuemoyh.mp4,0.9187806844711304
lxvghiuihp.mp4,0.9487329721450806
lxvlyrphod.mp4,0.960530698299408
lxwjpkbxug.mp4,0.975448727607727
lxwvmoeaqd.mp4,0.9445891976356506
lxwxleiptt.mp4,0.919416606426239
lxxtfbrila.mp4,0.08160112053155899
lxxuolvfng.mp4,0.9368834495544434
lxyckdarwa.mp4,0.11393677443265915
lxygxxfhuj.mp4,0.9113239645957947
lxyhxgfukg.mp4,0.9150751233100891
lxynqoviyi.mp4,0.9001550078392029
lxynzlevlk.mp4,0.8870518803596497
lxzdyejrvs.mp4,0.3585428297519684
lyaqgyaxnm.mp4,0.8304022550582886
lybpliopfg.mp4,0.8976605534553528
lyclddlnnr.mp4,0.979957640171051
lycylumvbt.mp4,0.0917280912399292
lydscrmisv.mp4,0.8510593771934509
lyduwpljfb.mp4,0.893437922000885
lyeroixpiu.mp4,0.8308655023574829
lyfqsbnzuw.mp4,0.9777727127075195
lyfzzwoewp.mp4,0.4985964894294739
lyhvgwbphy.mp4,0.824832558631897
lyhzuujwvp.mp4,0.8088603019714355
lyidgjejam.mp4,0.9683079123497009
lyinrqlzyj.mp4,0.9430638551712036
lyiwrgqipo.mp4,0.47726574540138245
lyjbrubuxc.mp4,0.7746395468711853
lyjqayxdyh.mp4,0.8979540467262268
lyjxdyybtj.mp4,0.7117769718170166
lykxmmmlwl.mp4,0.96449214220047
lymbbethwo.mp4,0.8025466203689575
lymgawkqzw.mp4,0.9529677629470825
lymrhwqqyw.mp4,0.3722040057182312
lymvhkwswt.mp4,0.9669615030288696
lynaeydofd.mp4,0.08225541561841965
lynmkbmcja.mp4,0.9002642035484314
lynpsduasp.mp4,0.8058369755744934
lynxjxlcsl.mp4,0.905674159526825
lyoglramoo.mp4,0.9592570662498474
lyoxmnawto.mp4,0.736142098903656
lypshjumqf.mp4,0.9602932333946228
lyqpprxqbc.mp4,0.6243675351142883
lyrkhmyebn.mp4,0.8530139923095703
lysajzwqvt.mp4,0.553730309009552
lyslyzohgo.mp4,0.9343731999397278
lyssuagqrc.mp4,0.07507878541946411
lyszqobfkc.mp4,0.38129618763923645
lytqqhwvlv.mp4,0.9448018074035645
lytrlcaget.mp4,0.9605125188827515
lyuevomvnr.mp4,0.7397446632385254
lyuguwqdjb.mp4,0.9853363037109375
lyuzrrrafd.mp4,0.9814865589141846
lyvegkgwxp.mp4,0.5553521513938904
lywobhfyyf.mp4,0.6713054180145264
lyxfcmrrln.mp4,0.7711223363876343
lzcljabohp.mp4,0.6200782060623169
lzcppvqomf.mp4,0.9658398628234863
lzdtgzczma.mp4,0.8735849857330322
lzeflzdetb.mp4,0.9307073354721069
lzeyelsztu.mp4,0.8698171377182007
lzfxzqbraf.mp4,0.7064031362533569
lzgpnzsilk.mp4,0.7001761198043823
lzgvdgtdhq.mp4,0.03558036684989929
lzhoufnofj.mp4,0.8696386814117432
lzhtqpymsc.mp4,0.9481241106987
lziqzcienv.mp4,0.9200738668441772
lzjsxpefxl.mp4,0.9796605110168457
lzjuhvzokl.mp4,0.7197273969650269
lzkgojjcvp.mp4,0.9346472024917603
lzkqfypidy.mp4,0.5
lzluicndko.mp4,0.9675880074501038
lzmgccnqjb.mp4,0.8762285709381104
lzmxqxrruv.mp4,0.3693908452987671
lznejdjqmg.mp4,0.9564723372459412
lznjfuglra.mp4,0.9696045517921448
lzntdxykfg.mp4,0.9357948303222656
lzojztuvud.mp4,0.8840157389640808
lzpguvmvus.mp4,0.06079879775643349
lzphmdzbsy.mp4,0.6303924918174744
lzpqwdpkjm.mp4,0.9575410485267639
lzqwiiozmg.mp4,0.8588086366653442
lzrozaxqci.mp4,0.9468947649002075
lzryzpiyxo.mp4,0.6201468706130981
lztlvstdyz.mp4,0.9414681196212769
lzvjbbmjve.mp4,0.9163140058517456
lzvkaltkfz.mp4,0.8477884531021118
lzvzidxgpp.mp4,0.9248325824737549
lzxdvgrvzu.mp4,0.8817580342292786
lzxzceimmq.mp4,0.5341453552246094
lzywjpktju.mp4,0.90240877866745
lzzeeyguyt.mp4,0.9404866695404053
lzzpsosige.mp4,0.20828770101070404
lzzqbqakel.mp4,0.117940254509449
lzzrbnphlh.mp4,0.8922548890113831
lzzrzfcwiy.mp4,0.9436604976654053
maaltmrbpq.mp4,0.9418790936470032
maapzmcfql.mp4,0.47241753339767456
maargttira.mp4,0.8451908826828003
maarmjyizg.mp4,0.8736830353736877
maaxznykzy.mp4,0.33031031489372253
mabyqmpwbc.mp4,0.03862498700618744
madvyqeaeh.mp4,0.5081260204315186
maezcimfkx.mp4,0.7389488816261292
mafctkiedz.mp4,0.13122352957725525
mafqmcwarm.mp4,0.9757622480392456
mafvibesfg.mp4,0.7866665720939636
mafwwatqke.mp4,0.877324640750885
magmhtikgy.mp4,0.8780122399330139
magolkahuw.mp4,0.9026166796684265
magxfozkhj.mp4,0.9733350872993469
mahwxuquqj.mp4,0.8873024582862854
maiarumojd.mp4,0.8697748780250549
majfemmfzq.mp4,0.7234466075897217
majrkoxvsu.mp4,0.9483808279037476
makbkfzgvg.mp4,0.9833661913871765
makuarkrwh.mp4,0.9372543692588806
malqhfthee.mp4,0.9529481530189514
malxqfzpfi.mp4,0.9090648293495178
mamcqrzxhh.mp4,0.21928934752941132
mamkiovkrs.mp4,0.9320290684700012
manhezizaf.mp4,0.9458023309707642
mannqzezgw.mp4,0.973619818687439
manqchicur.mp4,0.08795809000730515
mapvprdoni.mp4,0.9158487915992737
maqfrnkidt.mp4,0.7029939889907837
maqgedtnrq.mp4,0.21142809092998505
maqyydnrgm.mp4,0.9857556819915771
marnfroybi.mp4,0.9283409118652344
marofgqhrv.mp4,0.9161546230316162
masczbqcsi.mp4,0.34145107865333557
masfbyrtxd.mp4,0.7290436625480652
mashwfjsvs.mp4,0.9227136969566345
matfmojqpk.mp4,0.9210071563720703
matfoqygky.mp4,0.057268962264060974
matubxtxvo.mp4,0.03894855082035065
mauhbkpwoa.mp4,0.3188330829143524
mavskbxnos.mp4,0.8534483313560486
maxetxjqhl.mp4,0.054484155029058456
maxjdmaaax.mp4,0.34343674778938293
mazmrfplfz.mp4,0.12448596209287643
mazxonwbog.mp4,0.9043768048286438
mazzqigsxx.mp4,0.8548439145088196
mbajtdoxpn.mp4,0.9506289958953857
mbaxrknkyh.mp4,0.11191002279520035
mbbernvvou.mp4,0.7874635457992554
mbcbtccvaq.mp4,0.07236876338720322
mbcmbmicce.mp4,0.7987231016159058
mbdzvgovnd.mp4,0.07332184165716171
mbeqxhliks.mp4,0.9382277131080627
mbfgewpect.mp4,0.786645770072937
mbfhzooobz.mp4,0.858943521976471
mbgmcayehc.mp4,0.9145350456237793
mbifxgtsre.mp4,0.8517224788665771
mbiipgpfww.mp4,0.8938009142875671
mbikhfrglf.mp4,0.4506227672100067
mbisftbzgx.mp4,0.7244106531143188
mbivttemgp.mp4,0.9795896410942078
mbjfuxyfmj.mp4,0.7200084328651428
mbjpaydogy.mp4,0.8890612721443176
mbkgcmpihi.mp4,0.8318554759025574
mbkhcoezpn.mp4,0.7770771384239197
mblcxibhkp.mp4,0.8643755912780762
mbloubdhcs.mp4,0.9709033966064453
mbmpgexazm.mp4,0.9248252511024475
mbmpsrxtkq.mp4,0.8826955556869507
mbmruhrpfd.mp4,0.9209097027778625
mbnifniery.mp4,0.5072349309921265
mbnvlpwewk.mp4,0.9095669984817505
mbolmhhuse.mp4,0.8442310690879822
mbopvzlqyb.mp4,0.8925351500511169
mborrudvjx.mp4,0.9577173590660095
mbpbbekqks.mp4,0.3637784719467163
mbpnlnjgrz.mp4,0.9505123496055603
mbpvfxtnww.mp4,0.9221252202987671
mbqukzfzcs.mp4,0.9274608492851257
mbrdmflclz.mp4,0.9497585296630859
mbrjpyipua.mp4,0.04934491589665413
mbrnowangw.mp4,0.9433919787406921
mbucjikddn.mp4,0.9014759063720703
mbvhkvabku.mp4,0.9658342599868774
mbvtbvyvob.mp4,0.9079813361167908
mbwmerbjap.mp4,0.9386704564094543
mbwuugptrf.mp4,0.938482940196991
mbxstccvyq.mp4,0.9161966443061829
mbyhuxozip.mp4,0.908970296382904
mbyknmzzzb.mp4,0.893364429473877
mbyuyxhfqb.mp4,0.8688762784004211
mbyyzbfpaz.mp4,0.7281726002693176
mbzlzphbuq.mp4,0.8956425786018372
mbzrmeoiiv.mp4,0.8554151058197021
mcbxmatatt.mp4,0.945675790309906
mcbxztarfp.mp4,0.7743169665336609
mccibfjkqx.mp4,0.9076011776924133
mcdgaxfego.mp4,0.9652572274208069
mcegchbskv.mp4,0.9192191362380981
mceglujidl.mp4,0.10232379287481308
mcehiufkaw.mp4,0.6981907486915588
mcehvkoidm.mp4,0.16185227036476135
mceildthyn.mp4,0.5469692945480347
mcejionblb.mp4,0.9293672442436218
mcesaopunn.mp4,0.6265214085578918
mcfcafmidh.mp4,0.9052262306213379
mcfladdkju.mp4,0.6962606906890869
mcfrlyyvaf.mp4,0.9766530394554138
mcftsjflpr.mp4,0.9287825226783752
mchkzqiixt.mp4,0.9547116160392761
mcifgcboxx.mp4,0.9434600472450256
mcjmhovlmd.mp4,0.09397467970848083
mcjnnywohl.mp4,0.10524114966392517
mcjopjucos.mp4,0.9440258741378784
mckwsnrrfq.mp4,0.8926821351051331
mcmauxcfay.mp4,0.8744258880615234
mcmoofxuih.mp4,0.9514707922935486
mcmqorlbgb.mp4,0.9161521196365356
mcnneodlyv.mp4,0.3431718945503235
mcnorrmmoa.mp4,0.8323473930358887
mcoqcnxqha.mp4,0.8937278985977173
mcovnjmuiu.mp4,0.8002645969390869
mcphfpzhoh.mp4,0.8646173477172852
mcpqhcqquk.mp4,0.882119357585907
mcqdwaylas.mp4,0.6237130761146545
mcqimtbsmw.mp4,0.9888162016868591
mcqirmwljn.mp4,0.640345573425293
mcqpqcrqtq.mp4,0.8973628282546997
mcrbqeubzs.mp4,0.9699563384056091
mcrvdrzxzi.mp4,0.643452525138855
mcsatqbvfc.mp4,0.9018659591674805
mcscsgskza.mp4,0.886285126209259
mcsnlwbdzj.mp4,0.9164482355117798
mcsthrmykz.mp4,0.8279492855072021
mcucmgtilu.mp4,0.885797917842865
mcuqldaimy.mp4,0.8997243046760559
mcuuejgamc.mp4,0.09077595174312592
mcuuggsqcr.mp4,0.07168883085250854
mcuzdzgcyj.mp4,0.8669727444648743
mcvcykszik.mp4,0.914963960647583
mcvjroxtlf.mp4,0.8684182167053223
mcvywyrdek.mp4,0.856349527835846
mcwrfmujuv.mp4,0.12405416369438171
mcxhedikzn.mp4,0.8343514204025269
mcygtlfbuc.mp4,0.8767703771591187
mczlxyhthe.mp4,0.8965578675270081
mdajfjzfjg.mp4,0.9093062281608582
mdaqgqlflw.mp4,0.8848101496696472
mdboifpakl.mp4,0.9405719637870789
mdbszcqwko.mp4,0.2486196607351303
mdclawykfg.mp4,0.9041652083396912
mdczhdenwb.mp4,0.6316543817520142
mddmzafdxt.mp4,0.9165687561035156
mddpwkvfcv.mp4,0.9570878744125366
mddvihgskg.mp4,0.8988500833511353
mdeatksqex.mp4,0.8152049779891968
mdeuxouswx.mp4,0.9893798232078552
mdezaahvyt.mp4,0.28645059466362
mdftufihjk.mp4,0.7816017866134644
mdgmvbgsdu.mp4,0.9732528924942017
mdhnlfcbqr.mp4,0.09197941422462463
mdkpffksty.mp4,0.8807777762413025
mdkqmouddq.mp4,0.34491944313049316
mdlxsqgnxc.mp4,0.8587108850479126
mdlyqcsdkb.mp4,0.5533427000045776
mdnsekdbta.mp4,0.6494606733322144
mdomrngqic.mp4,0.9279448390007019
mdoovomndl.mp4,0.07959087193012238
mdpmbwutiv.mp4,0.8561370372772217
mdpsvdjfrh.mp4,0.9209213852882385
mdpyllcmrj.mp4,0.11609518527984619
mdqcqdzlhw.mp4,0.8190849423408508
mdqsmabykq.mp4,0.9089466333389282
mdrtwiltam.mp4,0.9755303859710693
mdsmgzaltc.mp4,0.12205392122268677
mdszltopjc.mp4,0.8731447458267212
mdtgousjad.mp4,0.11577100306749344
mdtjdusycf.mp4,0.2842780649662018
mdumndhqdu.mp4,0.821933925151825
mdvcwapetj.mp4,0.2086315006017685
mdvdqvaijm.mp4,0.5
mdvxfisypb.mp4,0.27635324001312256
mdwdabtaxv.mp4,0.8975358009338379
mdwtpvlbrz.mp4,0.10432509332895279
mdxhizdryw.mp4,0.9537433385848999
mdyjlhxbqw.mp4,0.8769200444221497
mdytvhrkjd.mp4,0.8203160762786865
mdzgrtnykj.mp4,0.4658088982105255
mdziujitvx.mp4,0.9433193802833557
mdzpmqyjpx.mp4,0.679052472114563
mdzupjvdwr.mp4,0.896111011505127
mdzvpgcxxb.mp4,0.9733309149742126
meaipafdql.mp4,0.05815943703055382
meaofsannn.mp4,0.08450273424386978
meatgdbndy.mp4,0.8682743310928345
meayummqkj.mp4,0.9049152731895447
mebegnsprb.mp4,0.9256438612937927
mebtakxqbg.mp4,0.9712216258049011
mecrgujypj.mp4,0.9377197623252869
meddqufcwh.mp4,0.9129868149757385
medjwfkvbk.mp4,0.7099006772041321
medonqrohb.mp4,0.9049651026725769
mefzlyckro.mp4,0.10091204941272736
megsljjxmz.mp4,0.9186100959777832
megxbkujzz.mp4,0.5582801699638367
meholjmdfv.mp4,0.9410697817802429
meieazsnau.mp4,0.9712799191474915
mejgvrwhyg.mp4,0.7610973119735718
mejxwrvpiu.mp4,0.886139988899231
mekideagof.mp4,0.8191289901733398
mekkncnxfi.mp4,0.06755686551332474
memnxlijxy.mp4,0.9527801275253296
memtktjttw.mp4,0.19213365018367767
menlikjesp.mp4,0.9009373188018799
mepduxezyg.mp4,0.8976992964744568
mepquopvko.mp4,0.1318265050649643
mervwbgmlw.mp4,0.6490442752838135
mesuqccbha.mp4,0.6254438757896423
mevhczxakl.mp4,0.23307113349437714
mevjrqwfwm.mp4,0.8293185830116272
mevlgwjaew.mp4,0.9564252495765686
mevliovheo.mp4,0.4399338364601135
mewbjpaoke.mp4,0.8066732287406921
mewglgiqqi.mp4,0.8807010054588318
mexhfpqdlf.mp4,0.6889349222183228
mexhppnbna.mp4,0.8677552938461304
mexwrnhhyo.mp4,0.24849927425384521
meymsnbryl.mp4,0.9215421676635742
meyooznyso.mp4,0.9308479428291321
mezipblicc.mp4,0.9792120456695557
mezufhyhtr.mp4,0.8857907652854919
mfarnviwjb.mp4,0.9084261059761047
mfblutnplz.mp4,0.9173860549926758
mfbpacleqo.mp4,0.8459994792938232
mfbtblomej.mp4,0.9108200073242188
mfcbgbcuvb.mp4,0.05658261850476265
mfcfhhxzif.mp4,0.17694810032844543
mfchwiwczp.mp4,0.6480073928833008
mfcsiztcyz.mp4,0.0704507827758789
mfcvohnhjt.mp4,0.8836154341697693
mfcyfdmoet.mp4,0.8923638463020325
mfdxipttco.mp4,0.9414223432540894
mfehmurezk.mp4,0.9349385499954224
mffatqcrhl.mp4,0.8878560662269592
mffbrshfnj.mp4,0.7845037579536438
mffjwgmdlw.mp4,0.9511858224868774
mffyuwgjoq.mp4,0.8848567605018616
mfggxwxyai.mp4,0.9797629117965698
mfgqkpubzs.mp4,0.8585056066513062
mfhfpghyso.mp4,0.9645931124687195
mfhghyjnzy.mp4,0.6328424215316772
mfhilfgqgq.mp4,0.3803846538066864
mfijnuuerm.mp4,0.7614973187446594
mfinknmtew.mp4,0.6068906784057617
mfjdatqvgg.mp4,0.28934556245803833
mflgpxxywb.mp4,0.5959129929542542
mfltshiqny.mp4,0.9409064054489136
mflzbhmygn.mp4,0.035571593791246414
mfmdiclwce.mp4,0.9004485607147217
mfmlmaeobo.mp4,0.9307881593704224
mfmqgcyrhu.mp4,0.9523428082466125
mfmtfifvro.mp4,0.08042995631694794
mfnkfyedro.mp4,0.952197253704071
mfnmplfesw.mp4,0.9625735878944397
mfnwfnxdep.mp4,0.5
mfofuymolr.mp4,0.5524601340293884
mfphjimfnv.mp4,0.7981773614883423
mfpzwetcyv.mp4,0.09070219099521637
mfrxdjwlwh.mp4,0.633027970790863
mfsoouplpq.mp4,0.7325998544692993
mfsrobtjmn.mp4,0.8317633271217346
mfsvnuglii.mp4,0.057323865592479706
mftoqnedyj.mp4,0.49767300486564636
mftwrjybnb.mp4,0.9280059337615967
mfutbbpzur.mp4,0.9144182801246643
mfuuhsfaxp.mp4,0.9190701246261597
mfuvenipvo.mp4,0.2539565861225128
mfwbktpefb.mp4,0.958591878414154
mfwmrzpobr.mp4,0.831633448600769
mfwtraepgl.mp4,0.8428699374198914
mfyztaevmh.mp4,0.6226738095283508
mfzesrmqbh.mp4,0.8883649706840515
mgahaaogif.mp4,0.9115599989891052
mgamahbmhe.mp4,0.3644504249095917
mganwomkeh.mp4,0.9232202768325806
mgapgfdmqg.mp4,0.9130577445030212
mgazriljmm.mp4,0.9303570985794067
mgbifuzkjl.mp4,0.8332667350769043
mgdnyxspbs.mp4,0.7029564380645752
mgelghvdvv.mp4,0.9576830267906189
mgfagsfczg.mp4,0.9539017081260681
mgfxummjtg.mp4,0.910434365272522
mggekzzbrg.mp4,0.9891525506973267
mggeokkrme.mp4,0.40599125623703003
mggsjmcobq.mp4,0.9129700660705566
mggyzqwagn.mp4,0.9169479608535767
mghkhofalh.mp4,0.8846150636672974
mghlaegzxy.mp4,0.9230614900588989
mghmzqouwk.mp4,0.9555804133415222
mghspxtpac.mp4,0.11835754662752151
mgidsfaxnv.mp4,0.1389600783586502
mgijshtnhc.mp4,0.9375160932540894
mgintdeaii.mp4,0.2995296120643616
mgiqwuqfmr.mp4,0.9720150828361511
mgjqztjkrz.mp4,0.22380276024341583
mgjswiuvkt.mp4,0.8307427763938904
mglljtqonk.mp4,0.9151259064674377
mgmbvcbpmn.mp4,0.8622488975524902
mgmdckoswf.mp4,0.9779109358787537
mgmlvymvvf.mp4,0.8541247248649597
mgmtbzdkgz.mp4,0.5586334466934204
mgmwvsrtvu.mp4,0.7684086561203003
mgnxkvyoer.mp4,0.7807353138923645
mgoknnjaer.mp4,0.9108485579490662
mgppxfqtvs.mp4,0.9270476698875427
mgpwwfhrxj.mp4,0.8453078866004944
mgpyzkzswg.mp4,0.904341459274292
mgqsbsgfzn.mp4,0.6435316801071167
mgttaigwue.mp4,0.8958763480186462
mguipgxjkk.mp4,0.6482657194137573
mguvbpjjwd.mp4,0.9588514566421509
mguyxtcrlv.mp4,0.9690365791320801
mgvexgxjsi.mp4,0.9312480688095093
mgwbncyafe.mp4,0.9184034466743469
mgwtoqonaf.mp4,0.26780790090560913
mgwuocuold.mp4,0.8837539553642273
mgxbugmyre.mp4,0.41516396403312683
mgxdtegobh.mp4,0.6380890011787415
mgxkzuxhdh.mp4,0.9354905486106873
mgyyyryhbf.mp4,0.051714811474084854
mgzozupgiz.mp4,0.9251540303230286
mgztuebtqi.mp4,0.9596611261367798
mhaflpleny.mp4,0.04690335690975189
mhajtqnzip.mp4,0.6391516327857971
mhbmzupnrn.mp4,0.05723635479807854
mhcclzkgxn.mp4,0.7849547266960144
mhcdzjgaak.mp4,0.66909259557724
mhcvugfhjv.mp4,0.9158259630203247
mhczfnggdu.mp4,0.9779970049858093
mhedfkvapx.mp4,0.9216867685317993
mheyevxpbk.mp4,0.22858215868473053
mhfnldxixw.mp4,0.06627192348241806
mhfuzkzsos.mp4,0.7692620158195496
mhgoafjfwq.mp4,0.9529184699058533
mhgyqcjtpn.mp4,0.13614535331726074
mhhfoyzxyb.mp4,0.6896671056747437
mhhpbifneh.mp4,0.9825636148452759
mhjbunqoch.mp4,0.8730322122573853
mhjmklcowm.mp4,0.9414782524108887
mhkqwlfujs.mp4,0.7930507659912109
mhllqixqud.mp4,0.9396690130233765
mhlrkzbydm.mp4,0.8719936609268188
mhmxkxmmfm.mp4,0.9180641174316406
mhorrhfkiy.mp4,0.8578484058380127
mhowsshwzo.mp4,0.2952728569507599
mhpfornvnc.mp4,0.9116698503494263
mhplyirnlu.mp4,0.84932941198349
mhpmnbhyvk.mp4,0.1719391793012619
mhpufkzvbw.mp4,0.923883855342865
mhrayxalse.mp4,0.044307660311460495
mhrqokvzmx.mp4,0.32662680745124817
mhrsezuwcd.mp4,0.9012570977210999
mhshpurlet.mp4,0.4747583568096161
mhstgsafny.mp4,0.9504023194313049
mhthibxczx.mp4,0.892570972442627
mhtohpkfxk.mp4,0.8570508360862732
mhvebxvhsx.mp4,0.6885499358177185
mhvoastzmn.mp4,0.28570178151130676
mhwhznaley.mp4,0.39414259791374207
mhwjvpynya.mp4,0.9034233689308167
mhxghkwqff.mp4,0.5170815587043762
mhxkecpxhh.mp4,0.974856972694397
mhxqbhgxgr.mp4,0.8832935094833374
mhyfqyhblt.mp4,0.5816196799278259
mhyujzhybb.mp4,0.8695776462554932
mhzclfcbix.mp4,0.824916660785675
miaobjhtgg.mp4,0.902635931968689
mibbivalty.mp4,0.6196454763412476
micgiwtqbw.mp4,0.8643830418586731
micnvcnjjo.mp4,0.9252565503120422
micogytjfe.mp4,0.8468560576438904
miffezeisy.mp4,0.8368097543716431
mifkehwwyz.mp4,0.46632054448127747
migbhnuwfd.mp4,0.9114601612091064
migerlence.mp4,0.8554948568344116
mihpigaiiz.mp4,0.9052160382270813
miiymgajty.mp4,0.17383423447608948
miizliwvzp.mp4,0.8958079814910889
mijhxkvqjp.mp4,0.18670515716075897
mikekwwjlf.mp4,0.8755407333374023
mikfurszuu.mp4,0.948453962802887
mikknnpbfw.mp4,0.7671506404876709
mikpzgbgss.mp4,0.32814183831214905
mikzhzibzk.mp4,0.9480464458465576
milbyxizqu.mp4,0.39119619131088257
mildxwcoen.mp4,0.07344019412994385
milfleydfa.mp4,0.3281920254230499
mimbqeyuel.mp4,0.8699678778648376
mimirmzpfa.mp4,0.8559923768043518
mimlmhrluv.mp4,0.9293943047523499
mimypeuhfs.mp4,0.9348913431167603
minqtfpttp.mp4,0.1415175348520279
mioqwrvlqh.mp4,0.9333755373954773
mioumavyso.mp4,0.9680168032646179
miplnqyalb.mp4,0.970270037651062
mipxyecgcb.mp4,0.9002760648727417
miqgexfant.mp4,0.053705114871263504
miqsoyztik.mp4,0.6233204007148743
mirgioyvjt.mp4,0.9650965929031372
misusdkemd.mp4,0.07250970602035522
mitjfkkjqo.mp4,0.3631298840045929
mitmcjtbca.mp4,0.13856054842472076
mitnemgsew.mp4,0.6802321076393127
miuaiytuus.mp4,0.5901772379875183
miubyqsveo.mp4,0.4039643108844757
miveiztdxk.mp4,0.510937511920929
mivvdrmvyh.mp4,0.7485352754592896
miwszqhpcl.mp4,0.9462777376174927
mixjmprcjz.mp4,0.07453815639019012
mixsnsndgm.mp4,0.9545818567276001
miyvdzmmjh.mp4,0.8588588833808899
mizldzaypr.mp4,0.896741509437561
mjacbitzkz.mp4,0.8801975250244141
mjborojgyq.mp4,0.7954787611961365
mjbqbwzsnq.mp4,0.8489898443222046
mjbrhvptbt.mp4,0.7761490345001221
mjbsecjdrs.mp4,0.9164990186691284
mjczaopxxm.mp4,0.7162173390388489
mjdbqxbvqt.mp4,0.564926266670227
mjezjlcqju.mp4,0.9329271912574768
mjfplichsx.mp4,0.7722004055976868
mjgaoewdpl.mp4,0.8881518840789795
mjglsobpen.mp4,0.9555255174636841
mjhomnkvys.mp4,0.9158657789230347
mjihgsfeyo.mp4,0.06262177973985672
mjilrbhewf.mp4,0.8670213222503662
mjkbvazkvc.mp4,0.8969045877456665
mjkjapqdaq.mp4,0.8942981958389282
mjkmgnetur.mp4,0.9671921730041504
mjkwisgelb.mp4,0.4469220042228699
mjlqcikpbb.mp4,0.8386141061782837
mjmalbpqin.mp4,0.8376588821411133
mjmazdehlr.mp4,0.8080899715423584
mjmizpuvri.mp4,0.27887487411499023
mjnkwyrvqh.mp4,0.19307494163513184
mjoafcwkac.mp4,0.8783311247825623
mjqfxqjkkc.mp4,0.9847282767295837
mjrhgpzael.mp4,0.9258179664611816
mjrngifuko.mp4,0.906883955001831
mjrytxkmlz.mp4,0.7590373158454895
mjtoqprbwc.mp4,0.8195393681526184
mjuzhpghht.mp4,0.8634912967681885
mjvicqsnkc.mp4,0.34343674778938293
mjvjzqlrog.mp4,0.13007213175296783
mjvnwsmvvm.mp4,0.9697945713996887
mjvxkorliv.mp4,0.9396437406539917
mjwjprlcye.mp4,0.045602429658174515
mjwswqujru.mp4,0.1720639169216156
mjxnjckass.mp4,0.9448407292366028
mjyrjygfun.mp4,0.9491150379180908
mjyynevytl.mp4,0.9720985293388367
mjzhdjujih.mp4,0.9419456124305725
mjzvnuxbzi.mp4,0.9855939745903015
mjzwhqyvux.mp4,0.15266962349414825
mkbmwqvjaa.mp4,0.9048750996589661
mkbrhmeogy.mp4,0.9072510004043579
mkcfnzuvso.mp4,0.8766053318977356
mkcopkvpxp.mp4,0.952982485294342
mkdknbyxdo.mp4,0.8878164291381836
mkdowahpgn.mp4,0.604574978351593
mkdvewbfie.mp4,0.0640355795621872
mkerbbyzle.mp4,0.8936348557472229
mkexihfsaa.mp4,0.9630461931228638
mkfhemeicf.mp4,0.9705626368522644
mkgbcumtar.mp4,0.0830107182264328
mkgyhnnngv.mp4,0.9713045954704285
mkhzfpfppo.mp4,0.4398837387561798
mkibxglzfg.mp4,0.8999576568603516
mkidwbzpts.mp4,0.8519055843353271
mkjgninegt.mp4,0.8635299801826477
mkjrjuxgnw.mp4,0.19356216490268707
mkkvrqxibm.mp4,0.8677636981010437
mkkyntgbay.mp4,0.5654647946357727
mklgltprmz.mp4,0.6783048510551453
mklwqgyktp.mp4,0.9446296095848083
mkmmotqjcn.mp4,0.9161771535873413
mkmubikplv.mp4,0.9019595384597778
mkmxgchlfx.mp4,0.8785163164138794
mkmznavham.mp4,0.5329006314277649
mknhojywui.mp4,0.9636111259460449
mknjphtizt.mp4,0.8794535994529724
mknprbxcsv.mp4,0.971120297908783
mkoqcomakl.mp4,0.8374373912811279
mkorgsgmwb.mp4,0.9278612732887268
mkoulkiqwv.mp4,0.7628422975540161
mkowuaiumn.mp4,0.7218642234802246
mkpdtglgrg.mp4,0.8207054734230042
mkpfyprvdo.mp4,0.8310098052024841
mkpiffokbc.mp4,0.17827680706977844
mkpimvqjeo.mp4,0.9598742127418518
mkpnvosonk.mp4,0.025934293866157532
mkpvhmbgmp.mp4,0.18730686604976654
mkpxulecxi.mp4,0.7081424593925476
mkqreykxet.mp4,0.1260983943939209
mkqtqinolz.mp4,0.822942316532135
mkrajqwqnc.mp4,0.9105815291404724
mkrgszcrsn.mp4,0.7261494398117065
mkrtnaxjyq.mp4,0.9543673992156982
mkscgiqmvg.mp4,0.39890143275260925
mktbnkbqwu.mp4,0.9515215754508972
mktoozqbnc.mp4,0.937256932258606
mkuzbgxucn.mp4,0.9184861779212952
mkvmlkgoyb.mp4,0.9121114015579224
mkvuuxacvv.mp4,0.4063820242881775
mkxmvreoth.mp4,0.15134018659591675
mkyjbcilgo.mp4,0.4032142758369446
mkzlarjhnf.mp4,0.8942990899085999
mlaqizzoue.mp4,0.935878336429596
mlawsdcvgp.mp4,0.871239960193634
mlbbyrvqar.mp4,0.8842362761497498
mlbkenfucz.mp4,0.889716625213623
mlcdfxfbhd.mp4,0.7705411911010742
mlcsjaecux.mp4,0.052146293222904205
mlcxxmlikg.mp4,0.8595998287200928
mlcxywqjzj.mp4,0.919359028339386
mlddfvsusz.mp4,0.5984790325164795
mlddufufkr.mp4,0.9472653865814209
mldnbcsnfk.mp4,0.06621196120977402
mldvhtjqhj.mp4,0.7719104290008545
mldxmnzkkm.mp4,0.8391401767730713
mlfbyfnulv.mp4,0.7766419649124146
mlfqvenftk.mp4,0.9574740529060364
mlhrazrnmx.mp4,0.910605788230896
mliynshaib.mp4,0.14057698845863342
mlizcisxro.mp4,0.05225134268403053
mlkbmsstqk.mp4,0.9676733016967773
mlkhsrpjpj.mp4,0.7548678517341614
mlkxjgpzpd.mp4,0.08073197305202484
mlmatmawcb.mp4,0.5036493539810181
mlmdkpdvvx.mp4,0.8330850601196289
mlmgockhuq.mp4,0.056055787950754166
mlmndeebak.mp4,0.9368900656700134
mlmtumrnbq.mp4,0.3142692744731903
mlnufwdvoz.mp4,0.9724888801574707
mloeefokyq.mp4,0.1590907871723175
mlogvlfmoo.mp4,0.07672637701034546
mlpavmazzi.mp4,0.8424822688102722
mlpdsknnzu.mp4,0.8902933597564697
mlpfcinibo.mp4,0.17862139642238617
mlpfpliiwc.mp4,0.8898932337760925
mlpigpthee.mp4,0.8388024568557739
mlpyeuuivu.mp4,0.8775918483734131
mlqcbzzohi.mp4,0.7084137201309204
mlqejommbr.mp4,0.43275129795074463
mlqpifjefq.mp4,0.8704229593276978
mlqqlgkteh.mp4,0.855113685131073
mlqxrrpwbv.mp4,0.8918518424034119
mlrildvish.mp4,0.9507379531860352
mlrqvftlxt.mp4,0.9352585673332214
mlsrcayqar.mp4,0.12797172367572784
mlszktxehr.mp4,0.9662018418312073
mltbqrvddm.mp4,0.8781463503837585
mlulatevzu.mp4,0.89686518907547
mlvrsntepy.mp4,0.9758556485176086
mlwnlxchfy.mp4,0.13026703894138336
mlxepnmnbd.mp4,0.9139105081558228
mlxvhxnlku.mp4,0.9646795392036438
mlyonwvynm.mp4,0.43477863073349
mlyqaqnrop.mp4,0.8722280263900757
mlyuozbqww.mp4,0.742832362651825
mlzhkdxdcx.mp4,0.8099284172058105
mlzxdfseaw.mp4,0.8914476037025452
mlzxzjsnag.mp4,0.9552696943283081
mmaiitirig.mp4,0.9288228750228882
mmaozzcjyd.mp4,0.9292683005332947
mmaqnbggam.mp4,0.9696241021156311
mmazmlnsbf.mp4,0.5932332873344421
mmboytdtrm.mp4,0.8997533321380615
mmcoydzbui.mp4,0.9778900742530823
mmctedypsy.mp4,0.9417988061904907
mmdlnqdomd.mp4,0.04505414515733719
mmeuqzbxeg.mp4,0.8554925322532654
mmfbcmwyph.mp4,0.047651030123233795
mmffoscwcq.mp4,0.14278750121593475
mmfghjqmbv.mp4,0.16374780237674713
mmfygzgovw.mp4,0.6195303201675415
mmfzdnuzta.mp4,0.8351056575775146
mmfzqstpcp.mp4,0.8429733514785767
mmhdcoqsve.mp4,0.24317319691181183
mmhnfsktln.mp4,0.8802589178085327
mmirnuyvix.mp4,0.9083147644996643
mmjhaoldfj.mp4,0.06075369566679001
mmjtjxiugn.mp4,0.9024959206581116
mmjuwimfmr.mp4,0.8810222148895264
mmkxshbgky.mp4,0.9474506378173828
mmlnibzrzq.mp4,0.9339202642440796
mmlywvacyj.mp4,0.7498137950897217
mmmhyapdrm.mp4,0.8162118792533875
mmmkqbsmhk.mp4,0.3669033646583557
mmmuvpidtp.mp4,0.38827577233314514
mmmxbeymwf.mp4,0.8710484504699707
mmnvdrhnzx.mp4,0.9892919063568115
mmnxkghycj.mp4,0.7529402375221252
mmocxmpvdy.mp4,0.19805726408958435
mmolobdfvo.mp4,0.8738865256309509
mmqkateles.mp4,0.8864925503730774
mmqltllaqd.mp4,0.5682953000068665
mmqryghsjg.mp4,0.7226313948631287
mmqwucucjx.mp4,0.8912909626960754
mmqyaysxlm.mp4,0.9392104744911194
mmqzyecdos.mp4,0.9538717865943909
mmrjxzbczm.mp4,0.847179114818573
mmrmyjuqdz.mp4,0.5306361317634583
mmrnzxgwvp.mp4,0.7476876974105835
mmscdqgipl.mp4,0.0862739309668541
mmsdufgcqc.mp4,0.8557997941970825
mmsqbfvrll.mp4,0.9809521436691284
mmsqgolkrz.mp4,0.8952856659889221
mmsuchlnep.mp4,0.9169225096702576
mmtdeoxolg.mp4,0.9390482306480408
mmthbfjgzi.mp4,0.8855972290039062
mmuuxfplfa.mp4,0.10118206590414047
mmvggsnizy.mp4,0.09600958228111267
mmvheqsviw.mp4,0.0689743161201477
mmvndghehe.mp4,0.8857613205909729
mmvustkebu.mp4,0.8553093075752258
mmwwmqjezi.mp4,0.9381806254386902
mmwyxsucqf.mp4,0.9666299223899841
mmxaygikgl.mp4,0.8884069323539734
mmxzfgnsqy.mp4,0.9176947474479675
mmyafpfltd.mp4,0.9419103860855103
mmyhjipdxb.mp4,0.0991508886218071
mmzgwysvwo.mp4,0.4718897342681885
mnauchmbdz.mp4,0.9726729393005371
mnbrtdchxx.mp4,0.7565724849700928
mncixabwgy.mp4,0.7371112704277039
mneqoarzdo.mp4,0.8096970915794373
mneyunmmik.mp4,0.9037513732910156
mnfjovosvb.mp4,0.4843476712703705
mnftwkbozo.mp4,0.8839336633682251
mnfuffsfjl.mp4,0.28387942910194397
mnfumgnkml.mp4,0.4491496980190277
mngbbxafui.mp4,0.3517597019672394
mngdibvvjk.mp4,0.9665256142616272
mngtbauptp.mp4,0.944421648979187
mnhbyoxjll.mp4,0.7842245697975159
mnhhfelxdy.mp4,0.053151488304138184
mnicddcljt.mp4,0.07089895009994507
mnijiihwla.mp4,0.08202104270458221
mnizcgetfn.mp4,0.8945232629776001
mnjipvhwps.mp4,0.8184391260147095
mnjuaqjuss.mp4,0.7540537118911743
mnkemaypkl.mp4,0.8694278001785278
mnktdnukki.mp4,0.06676112860441208
mnkyyvhzhh.mp4,0.915490448474884
mnlxxoicoo.mp4,0.5668292045593262
mnmgiihnce.mp4,0.9778885841369629
mnmsqekzpi.mp4,0.1105213463306427
mnnourlgyh.mp4,0.8985580801963806
mnosqaufnf.mp4,0.1004338338971138
mnraxduffa.mp4,0.8741694688796997
mnrghjfohp.mp4,0.09381422400474548
mnrkabnumq.mp4,0.780251681804657
mnryzkbmls.mp4,0.8459027409553528
mnsvqqqfgg.mp4,0.9196649789810181
mntrrpuzhv.mp4,0.5666073560714722
mntwvwcaiq.mp4,0.8844667673110962
mntxphtklp.mp4,0.8232066035270691
mnuxudmiqe.mp4,0.8774179220199585
mnvasfdppb.mp4,0.6131900548934937
mnvvrvfeun.mp4,0.16597957909107208
mnxmecmtsf.mp4,0.850817859172821
mnxtcliyou.mp4,0.6237998604774475
mnzqivjzco.mp4,0.9173113107681274
mnzsbmneru.mp4,0.678535521030426
mnzwccytqg.mp4,0.23918497562408447
moafsgeavo.mp4,0.9311255812644958
moaoyskura.mp4,0.9094417691230774
mobjgaefgm.mp4,0.11168017238378525
mobjgmcrgc.mp4,0.9167806506156921
mobotpngkx.mp4,0.938379168510437
mociypgcox.mp4,0.9754248261451721
mocnjrogph.mp4,0.8710841536521912
mocnqrkaee.mp4,0.9014196991920471
modeuxjbdx.mp4,0.06481985747814178
modeybhctx.mp4,0.9423110485076904
modjdqzxbr.mp4,0.06872468441724777
moetggyxsc.mp4,0.9095942974090576
moetxgswnj.mp4,0.2822781503200531
mofieqeomr.mp4,0.8539353013038635
mofnucrxzq.mp4,0.9161386489868164
moguawjrgf.mp4,0.4876546263694763
mohimgison.mp4,0.8403068780899048
mohmwmpumo.mp4,0.9226119518280029
mohtuktaaq.mp4,0.05721955746412277
moiqmdktye.mp4,0.8067169189453125
moixuooefk.mp4,0.729824960231781
mokhwrljbw.mp4,0.959236741065979
mokpqooliy.mp4,0.47915756702423096
mollokzdxh.mp4,0.9347354173660278
momsyrkpma.mp4,0.9002788662910461
momvvwoawk.mp4,0.8316922187805176
monecpmbqd.mp4,0.6345782279968262
moosxkzotj.mp4,0.42195218801498413
mooyzravef.mp4,0.9888671636581421
mopiuzviiz.mp4,0.8996137976646423
mopmxdjwvl.mp4,0.9460274577140808
moqenssvrs.mp4,0.8352905511856079
moqhjwlefs.mp4,0.558000385761261
moqowbogps.mp4,0.9039917588233948
moqrxmkqsw.mp4,0.13286925852298737
moqtyvkgke.mp4,0.12622813880443573
moqvepcynm.mp4,0.9662936925888062
morrmtzxtk.mp4,0.09110841900110245
mosgaxcsdo.mp4,0.8793196082115173
moszjdkiss.mp4,0.9127410650253296
motasxfqhz.mp4,0.8746188879013062
motfposykz.mp4,0.1383698731660843
mouvarenzx.mp4,0.9452090263366699
mouxgnmzmt.mp4,0.9630165696144104
mowpwtlrkq.mp4,0.9261000752449036
mowvjebiol.mp4,0.909228503704071
moxcwrdvka.mp4,0.8719054460525513
moyhszxymv.mp4,0.4281102120876312
moyljhcxok.mp4,0.06740729510784149
mozbuksqvr.mp4,0.9156345129013062
mozkmfiwaz.mp4,0.9234815835952759
moznxvssef.mp4,0.8155438899993896
mpaqhbsomr.mp4,0.8941063284873962
mpbaqpxptp.mp4,0.2339889109134674
mpbwfoljoa.mp4,0.891992449760437
mpcmvqondf.mp4,0.08381591737270355
mpdlzgwqpg.mp4,0.960798978805542
mpeahjgsvz.mp4,0.8863939642906189
mpeysbsihm.mp4,0.903994083404541
mpfavjaajt.mp4,0.9473612904548645
mpfifcflrb.mp4,0.9212810397148132
mpgmxyraya.mp4,0.9582485556602478
mphfaamhel.mp4,0.20321466028690338
mphnufjern.mp4,0.9648146629333496
mphvvzwxox.mp4,0.9459369778633118
mpibnmnhqk.mp4,0.24010394513607025
mpiiuuqbwt.mp4,0.4456864297389984
mpijkopwrf.mp4,0.9443354606628418
mpivmvlkyo.mp4,0.9542098045349121
mpjcyyuwni.mp4,0.04341505840420723
mpjfwilxvf.mp4,0.9345077872276306
mpjzcymwkr.mp4,0.9841517210006714
mpkmkclffv.mp4,0.3139190673828125
mpkvsxgdgx.mp4,0.902423083782196
mplapssgzp.mp4,0.8905777931213379
mpmafvmwyf.mp4,0.8764722943305969
mpnxaoahcx.mp4,0.7972449064254761
mpnypfhpbb.mp4,0.12183837592601776
mpoelcqwhb.mp4,0.947401762008667
mppizvdmom.mp4,0.8745538592338562
mppmherzrr.mp4,0.9456787109375
mpqwwymarr.mp4,0.8944753408432007
mprbuwqpyh.mp4,0.8318014740943909
mpresqprcg.mp4,0.6712468266487122
mprocmdczn.mp4,0.7335557341575623
mprzzwuowr.mp4,0.8483186960220337
mpsnhqicrx.mp4,0.9788419008255005
mpstyaodrs.mp4,0.10884841531515121
mpsxokcmtf.mp4,0.9323342442512512
mptpjemkjk.mp4,0.9508621692657471
mptwftuslr.mp4,0.6290854811668396
mpuskzruaj.mp4,0.6580036282539368
mpuzypbyne.mp4,0.8968536257743835
mpvbgowpyx.mp4,0.9211828112602234
mpvnvvihzp.mp4,0.4135729968547821
mpwjdvihkq.mp4,0.8833045363426208
mpwwsltwhw.mp4,0.27421900629997253
mpwwtxabqx.mp4,0.9446927905082703
mpxwgxdtje.mp4,0.18543855845928192
mpycpnkoub.mp4,0.9604021906852722
mpykxkfeaj.mp4,0.5682926774024963
mpyxohompx.mp4,0.9274978637695312
mpyxwanaqt.mp4,0.059774596244096756
mpyyohnpeb.mp4,0.7643362283706665
mpzogwbfpd.mp4,0.8007352948188782
mpzrpapqra.mp4,0.7485225200653076
mqaiamdhxp.mp4,0.9175511002540588
mqatynlckd.mp4,0.8746225833892822
mqbystvtfh.mp4,0.10179318487644196
mqcikmuonc.mp4,0.8792505860328674
mqcrtnxawg.mp4,0.9249512553215027
mqcuvxipxe.mp4,0.7423805594444275
mqdcsfnuwh.mp4,0.44117799401283264
mqdcuhncqr.mp4,0.9083802103996277
mqdcxuzxqs.mp4,0.9678546190261841
mqeabrxdyp.mp4,0.96806401014328
mqehadhyxi.mp4,0.7988473773002625
mqeldnokuq.mp4,0.6459894776344299
mqemgyzdib.mp4,0.9389006495475769
mqeqiytluf.mp4,0.07351396232843399
mqetscoobc.mp4,0.9245151877403259
mqeygjppbt.mp4,0.19522076845169067
mqfvuzdryz.mp4,0.2106482833623886
mqfyboific.mp4,0.9244778156280518
mqghvhewez.mp4,0.03418004885315895
mqgjceiikk.mp4,0.9276526570320129
mqgrtndnna.mp4,0.7785289287567139
mqhjnpncqp.mp4,0.11134518682956696
mqhxoggrxm.mp4,0.9625085592269897
mqicndrfyk.mp4,0.9664322733879089
mqihnkodey.mp4,0.9654414653778076
mqkarjsubc.mp4,0.784923791885376
mqkdfrqyfw.mp4,0.09965451061725616
mqkfhdknre.mp4,0.7852073311805725
mqknsvbxpa.mp4,0.925557553768158
mqkonmfepa.mp4,0.12755073606967926
mqkxdbmyey.mp4,0.8225884437561035
mqnonmqggw.mp4,0.943475604057312
mqnphfpsoe.mp4,0.9182259440422058
mqoisltzfl.mp4,0.6201966404914856
mqpgmwvezm.mp4,0.9406914114952087
mqppdrgzlq.mp4,0.5951831936836243
mqprzlarem.mp4,0.8809974193572998
mqqdbdqwyy.mp4,0.6813197731971741
mqqdcetuai.mp4,0.9185136556625366
mqqkfkdfyd.mp4,0.9266887307167053
mqqxoaijdy.mp4,0.950535774230957
mqrdoqhhoj.mp4,0.85149085521698
mqrmanamru.mp4,0.9163459539413452
mqrtnlmqnl.mp4,0.8389923572540283
mqsaktdfnw.mp4,0.8678255081176758
mqtswlzctb.mp4,0.9042602777481079
mqtyrczivx.mp4,0.6565607786178589
mqtzwtljlu.mp4,0.9497919678688049
mquhhuktlo.mp4,0.8754591941833496
mquyugnixi.mp4,0.8383506536483765
mqwqpmzbfd.mp4,0.8138030171394348
mqxehzlfpz.mp4,0.9215893745422363
mqxicvgiay.mp4,0.698807954788208
mqxvklfjmy.mp4,0.9521128535270691
mqyjlibiqr.mp4,0.10052377730607986
mqyzxzqonj.mp4,0.08111850917339325
mqzljodtyn.mp4,0.9565205574035645
mqzrlecakr.mp4,0.49741995334625244
mqzvfufzoq.mp4,0.9740979075431824
mraarmpaor.mp4,0.9548059701919556
mrawkhgzze.mp4,0.07047291845083237
mrblfwhigo.mp4,0.8831071853637695
mrbvjsgjcw.mp4,0.07745938003063202
mrcfxvggtd.mp4,0.860055685043335
mreqonfbku.mp4,0.9837764501571655
mrerhvgogr.mp4,0.8636982440948486
mrerjyjvds.mp4,0.8389939665794373
mrfcpxebfu.mp4,0.9358104467391968
mrfyaengfi.mp4,0.5696216225624084
mrgtafagne.mp4,0.9493830800056458
mrhjcqgyse.mp4,0.9142752885818481
mriownzdhq.mp4,0.9177994132041931
mrizgeqwsk.mp4,0.9329337477684021
mrjichnrtl.mp4,0.953636646270752
mrjzfxasyx.mp4,0.9527926445007324
mrkrigbzgq.mp4,0.5546463131904602
mrkzdchbtj.mp4,0.5
mrlijyislg.mp4,0.906953752040863
mrmaezpwoc.mp4,0.8674335479736328
mrmaimxhjn.mp4,0.10609106719493866
mrmcqldicq.mp4,0.9136043190956116
mrmgtijafq.mp4,0.9445441365242004
mrnzkluvbs.mp4,0.7794859409332275
mroaffgtfs.mp4,0.2146737426519394
mrocfplptw.mp4,0.6952090859413147
mrotkdmavr.mp4,0.10534632951021194
mrpiqodkqr.mp4,0.9086893796920776
mrpmyugdln.mp4,0.8639538288116455
mrqsewkfqi.mp4,0.9265087842941284
mrrmtlpjas.mp4,0.9239261150360107
mrsksioeuz.mp4,0.9464055299758911
mrslwzaftc.mp4,0.8369927406311035
mrsmyeyzmb.mp4,0.6829512119293213
mrsufdqtec.mp4,0.9309613704681396
mrterhiguj.mp4,0.7112325429916382
mrtfaykavo.mp4,0.4903583526611328
mrtnwfshgc.mp4,0.9255199432373047
mruejctvzq.mp4,0.9274152517318726
mruhwoufgb.mp4,0.455364853143692
mruukfmxne.mp4,0.9689313769340515
mrvdmwcblt.mp4,0.169671893119812
mrvvceanlh.mp4,0.9706754684448242
mrweovkpks.mp4,0.8616134524345398
mrwerotrpw.mp4,0.8067274689674377
mrwmnvnwmb.mp4,0.9797176718711853
mrwninxqyq.mp4,0.6567397117614746
mrxamfkixd.mp4,0.8472161889076233
mrxpxhyxzh.mp4,0.8688303232192993
mrxycatmdj.mp4,0.9311802387237549
mrzqivtnmr.mp4,0.20810213685035706
msaibijnay.mp4,0.06219221651554108
msajqbourq.mp4,0.854668140411377
msaqianmva.mp4,0.8600798845291138
msbqgoxxlh.mp4,0.10473299026489258
msdoukrdof.mp4,0.9185271263122559
msdtzpmmae.mp4,0.9310826659202576
mshfuaygyq.mp4,0.8462901711463928
mshxwkglsp.mp4,0.35591673851013184
msijsiuepw.mp4,0.8956784009933472
msinudfuvi.mp4,0.500883936882019
msiqijycqg.mp4,0.070966437458992
msirimynch.mp4,0.9219541549682617
msjlddkxzo.mp4,0.863029956817627
msjrwsfnom.mp4,0.12793812155723572
msklqmhfsp.mp4,0.45346999168395996
mslushphcx.mp4,0.9297030568122864
msnhcukzfa.mp4,0.9577415585517883
msnlkdnept.mp4,0.7487193942070007
msnlugaqow.mp4,0.9263873100280762
msooqufvgr.mp4,0.7926276922225952
msphqcwzfm.mp4,0.4590175151824951
msqgetepdb.mp4,0.8964921236038208
msqhpibjls.mp4,0.6077855825424194
msrspqaogq.mp4,0.9392898678779602
msrsxiiusp.mp4,0.9618720412254333
msruxqhmcu.mp4,0.7139303088188171
msrwprlcqq.mp4,0.8548198938369751
msrxorkdgn.mp4,0.8229721784591675
msswoqgzsz.mp4,0.8289600014686584
mstsikyndk.mp4,0.6963341236114502
mstujejihp.mp4,0.9553740620613098
msuczgewkm.mp4,0.056986432522535324
msudshinnu.mp4,0.9433103799819946
msvcknalyc.mp4,0.9564729928970337
msvcxwwqbf.mp4,0.7111665606498718
msvurrqguh.mp4,0.9149075150489807
msvydnlmxq.mp4,0.6342162489891052
mswcpciuar.mp4,0.9391528964042664
msxbatajhx.mp4,0.8071774244308472
msxgidfbbf.mp4,0.8745123147964478
msyhcluenb.mp4,0.753376841545105
mtaahjaomk.mp4,0.9641677141189575
mtagmvjhkq.mp4,0.9321890473365784
mtalfisspv.mp4,0.9342643022537231
mtaoreymwj.mp4,0.9670780301094055
mtavycdtie.mp4,0.9021890163421631
mtbhlnjopc.mp4,0.6881927847862244
mtbpvsxkqe.mp4,0.9489421248435974
mtbyqrpboq.mp4,0.777924120426178
mtcxxjjzvt.mp4,0.06550977379083633
mtdnetpayr.mp4,0.17724297940731049
mtecspfpao.mp4,0.3345964550971985
mtecsrxwyv.mp4,0.6273770332336426
mteuihdheq.mp4,0.12531332671642303
mtgelpeflh.mp4,0.8495990633964539
mthkmtbuab.mp4,0.5174965858459473
mtiebggcla.mp4,0.9415097236633301
mtighbgbcy.mp4,0.88238525390625
mtilpvablx.mp4,0.8587552905082703
mtirqkystg.mp4,0.8724373579025269
mtiwgcnmtq.mp4,0.8558827042579651
mtjitcgpfy.mp4,0.3761966824531555
mtksqcdffx.mp4,0.7489293813705444
mtkwgbxdgx.mp4,0.9054505228996277
mtlmydhbyo.mp4,0.8891160488128662
mtmfekdsic.mp4,0.861688494682312
mtmhxsreix.mp4,0.9343088269233704
mtmkodzkcs.mp4,0.8921719789505005
mtmrzbrfsh.mp4,0.9164746999740601
mtnqvtmunt.mp4,0.9550148248672485
mtolbugekd.mp4,0.7955793142318726
mtomaszyjr.mp4,0.9598145484924316
mtopuhuqsu.mp4,0.9448812007904053
mtpvrsdblr.mp4,0.1555939018726349
mtquhqaxcb.mp4,0.8602309226989746
mtqwluufwm.mp4,0.9315239191055298
mtqxfiltpk.mp4,0.938771665096283
mtsiclmwqy.mp4,0.07100284099578857
mtsolejuay.mp4,0.9557731747627258
mttrlbvjjz.mp4,0.9380960464477539
mttxgmffjz.mp4,0.05524551123380661
mtupaleexd.mp4,0.8857531547546387
mtvkldkzrg.mp4,0.5240597128868103
mtwgyxoyhn.mp4,0.9430575370788574
mtzcowdgia.mp4,0.8790892362594604
mtznckbeqx.mp4,0.9695159792900085
mtzpntagtb.mp4,0.7060459852218628
muaahwnyco.mp4,0.8524183630943298
muaejwrrbr.mp4,0.9028497338294983
mubqqhzlhg.mp4,0.9263625144958496
mucgcfwaye.mp4,0.9374862909317017
muddiscimv.mp4,0.8368686437606812
mudfhdppfp.mp4,0.8561819791793823
mudjcfiakq.mp4,0.06115465611219406
mudwtywsuo.mp4,0.547344446182251
muffgclzqp.mp4,0.7348542213439941
mufsxklwqh.mp4,0.9234268665313721
mugckenamu.mp4,0.8912571668624878
mugjoqxxqf.mp4,0.14253386855125427
muhedpozpg.mp4,0.9592224955558777
muhvenpsap.mp4,0.6215142011642456
muihshunds.mp4,0.04418594017624855
muineajmbz.mp4,0.6997292637825012
mujdjxunet.mp4,0.9231815338134766
mujjzbuggx.mp4,0.9321754574775696
mujnrnntqq.mp4,0.92099928855896
mujvaawfap.mp4,0.9897005558013916
mukyckrtih.mp4,0.619615912437439
mulpjifchw.mp4,0.866179883480072
mumiutdpdk.mp4,0.2296292632818222
mupgxnuzam.mp4,0.5891562700271606
mupxsoodhf.mp4,0.9099055528640747
muqllsuzyp.mp4,0.6978790163993835
muqnnfyjak.mp4,0.9824104309082031
muqopkbkfu.mp4,0.8895188570022583
murgkzdncb.mp4,0.8739584684371948
murowxrezg.mp4,0.9804250597953796
murqahmgyj.mp4,0.08822251111268997
musujcrury.mp4,0.929492712020874
musytuwwhy.mp4,0.892935037612915
mutlsuuhqh.mp4,0.8956000804901123
mutoprdgcj.mp4,0.0607023648917675
mutowesqfp.mp4,0.7520517110824585
muuwtyrtxs.mp4,0.7697038650512695
muvkxsaszk.mp4,0.6069847345352173
muvtkwxiuf.mp4,0.08585957437753677
muwfbiuddn.mp4,0.22927425801753998
muwnreemii.mp4,0.507029116153717
muwrjazmkq.mp4,0.8339014649391174
muwrzivuoj.mp4,0.9668418169021606
muxskocfsp.mp4,0.8776174783706665
muxttodhic.mp4,0.9684465527534485
muybljrqel.mp4,0.8854692578315735
muyvajjpge.mp4,0.5679033994674683
muzoszxxkd.mp4,0.9468095302581787
muzyxgwkml.mp4,0.19327732920646667
mvaedbokqr.mp4,0.05178942531347275
mvarahecum.mp4,0.9655091762542725
mvathrqhbe.mp4,0.970732569694519
mvbczareau.mp4,0.983880877494812
mvbucspkbf.mp4,0.8625338673591614
mvconsggts.mp4,0.8371970057487488
mvdctklrth.mp4,0.8532402515411377
mvdfppfonx.mp4,0.9039950370788574
mvdqlootwv.mp4,0.8611422181129456
mvebakttnc.mp4,0.9828236699104309
mvepjqywiw.mp4,0.8347944617271423
mveqfuojat.mp4,0.8904534578323364
mvfghayhnr.mp4,0.8758059144020081
mvfnmxzbon.mp4,0.9391709566116333
mvfvefsgik.mp4,0.9601233601570129
mvfyexeghq.mp4,0.8637425899505615
mvfzkpdzen.mp4,0.6560627818107605
mvhezsldom.mp4,0.9783064723014832
mvhrhcbgwk.mp4,0.9255020022392273
mvhslqtiyd.mp4,0.8540185689926147
mvhyzazoot.mp4,0.9788121581077576
mvjovkcfql.mp4,0.9489263892173767
mvkeqpfwey.mp4,0.7290214896202087
mvknwklwma.mp4,0.8071445226669312
mvkuqdhtqj.mp4,0.7611208558082581
mvkwidbbdw.mp4,0.9360737204551697
mvlgtkndns.mp4,0.8848026990890503
mvlljogbpa.mp4,0.86076819896698
mvlyixqgtl.mp4,0.9299617409706116
mvnansxzwu.mp4,0.9622259140014648
mvneuvwisv.mp4,0.10120420902967453
mvngturoad.mp4,0.8505133390426636
mvnhspdeyx.mp4,0.9186959266662598
mvofqyugsp.mp4,0.6178340911865234
mvooosflqp.mp4,0.7775036096572876
mvpjvgexli.mp4,0.7610583901405334
mvpwumlwfc.mp4,0.8824096918106079
mvqbhtivtb.mp4,0.889482319355011
mvqooxjncc.mp4,0.9515794515609741
mvreczmgks.mp4,0.08734479546546936
mvronzzqar.mp4,0.7699632048606873
mvsasyujaa.mp4,0.9723461866378784
mvsrhbeylb.mp4,0.09528889507055283
mvsvwgdyqz.mp4,0.9271553754806519
mvtbgbqkyj.mp4,0.8887849450111389
mvtkwavkoy.mp4,0.8236794471740723
mvtqjdryyf.mp4,0.8304376006126404
mvtqxxtcfn.mp4,0.5393150448799133
mvtucrowxm.mp4,0.8803547620773315
mvudoqgmzx.mp4,0.9359051585197449
mvuhentlcg.mp4,0.0714033842086792
mvuqomvwsq.mp4,0.7163475155830383
mvuqzhdncl.mp4,0.2939341068267822
mvvsrmeezw.mp4,0.12297432124614716
mvwulmuucs.mp4,0.9891523718833923
mvxvwetdwr.mp4,0.1423177868127823
mvxxevjibr.mp4,0.9177828431129456
mvykbvqwfh.mp4,0.9129107594490051
mvyzzouzvq.mp4,0.8957388401031494
mvzmdrdqpd.mp4,0.5467638373374939
mvzqixcapj.mp4,0.8971203565597534
mvzrgjnxvv.mp4,0.154047429561615
mwazutvezv.mp4,0.923012912273407
mwbnwqjzor.mp4,0.02197878062725067
mwcutgoatt.mp4,0.8319531679153442
mwejnhmqkj.mp4,0.8549038171768188
mweuuccmxt.mp4,0.9429053664207458
mweyejimuy.mp4,0.04283469170331955
mwfatmdvci.mp4,0.04074893146753311
mwfggjgvly.mp4,0.784311056137085
mwgreobzaf.mp4,0.85456782579422
mwizcjywkd.mp4,0.6155466437339783
mwjnvghsbe.mp4,0.12381529808044434
mwjvuzvjfk.mp4,0.9389417171478271
mwkhupdprz.mp4,0.926701009273529
mwlthmfjmc.mp4,0.9251535534858704
mwmetnjqvs.mp4,0.7887399196624756
mwmlzexega.mp4,0.8925008177757263
mwnfrkjzul.mp4,0.8483939170837402
mwocqlzyqs.mp4,0.901755154132843
mwoeriylvo.mp4,0.21010974049568176
mwoglcoypf.mp4,0.959027886390686
mwopilvgux.mp4,0.9337183833122253
mwowkpkzdp.mp4,0.08839558064937592
mwpkteojuk.mp4,0.3669862449169159
mwplarojji.mp4,0.8784289956092834
mwqflgsuwc.mp4,0.9693511128425598
mwqjzxrjkj.mp4,0.8732029795646667
mwrtbalqcd.mp4,0.7995181083679199
mwrtsxzshf.mp4,0.9425226449966431
mwsolqifsf.mp4,0.9828224778175354
mwtcwknkuv.mp4,0.9206320643424988
mwtwynwudg.mp4,0.8862735629081726
mwtxlrfkxh.mp4,0.9837544560432434
mwueqcntpa.mp4,0.9225224852561951
mwumamlvyn.mp4,0.9343752861022949
mwustljhji.mp4,0.33899495005607605
mwuywloapn.mp4,0.754706084728241
mwvgzctktm.mp4,0.9704250693321228
mwwanomecb.mp4,0.8989456295967102
mwwgnidhaw.mp4,0.5770763754844666
mwwngpungf.mp4,0.981514573097229
mwwselsikq.mp4,0.8629097938537598
mwwyzvkdln.mp4,0.9551255106925964
mwxaqiiqzo.mp4,0.9518488645553589
mwxqbfogwi.mp4,0.9450393319129944
mwyxwhoarn.mp4,0.33003127574920654
mwzaybyxtv.mp4,0.9423465132713318
mxahdrptoq.mp4,0.3367064297199249
mxbdgikmyj.mp4,0.4758686125278473
mxbpwtjoio.mp4,0.9126248359680176
mxbvkvgrjc.mp4,0.9238229990005493
mxcifjtnhl.mp4,0.08760618418455124
mxcljeqhqa.mp4,0.28635188937187195
mxcmrvvpqm.mp4,0.7447012662887573
mxcogkgmkl.mp4,0.7647554874420166
mxcswuzdad.mp4,0.8736653923988342
mxczokbutl.mp4,0.940239667892456
mxelnshmqu.mp4,0.8598655462265015
mxepcxgzxz.mp4,0.9342134594917297
mxezzuvrve.mp4,0.30137380957603455
mxfslxgyco.mp4,0.9537665247917175
mxgeiysgoc.mp4,0.5768771767616272
mxgxywswzw.mp4,0.9777354598045349
mxhbbvwvfl.mp4,0.9597308039665222
mxhyievkmx.mp4,0.6469449400901794
mxhzidoquq.mp4,0.6179944276809692
mxiklciwoj.mp4,0.8853617906570435
mxixvfhtnl.mp4,0.9357319474220276
mxjsgejaep.mp4,0.5494880676269531
mxjsimsntb.mp4,0.9143239855766296
mxkevgxgyz.mp4,0.904464840888977
mxkrvzlcac.mp4,0.6324098706245422
mxmmpiogik.mp4,0.8841245174407959
mxmqcgmxrz.mp4,0.9350584745407104
mxmwjptprn.mp4,0.7500098347663879
mxmztctrws.mp4,0.892774224281311
mxnquwuszt.mp4,0.8314952254295349
mxntszejmw.mp4,0.6598008275032043
mxovjjsnfq.mp4,0.8503775000572205
mxqeljikfy.mp4,0.9587981104850769
mxqodqynnn.mp4,0.9042502641677856
mxqvemhkod.mp4,0.5602360963821411
mxrniclsaw.mp4,0.9525483250617981
mxrzdzcgru.mp4,0.9178909659385681
mxsdxajbkn.mp4,0.9546604752540588
mxskqwskrq.mp4,0.9137552380561829
mxsmrmjcsv.mp4,0.22444048523902893
mxtqsghchy.mp4,0.9353595972061157
mxuiqjzleu.mp4,0.7201274633407593
mxuvdcuvjc.mp4,0.9816012978553772
mxuviiuuks.mp4,0.5
mxvuiwicds.mp4,0.9084768891334534
mxwgqjafcv.mp4,0.6583836078643799
mxwgxsnfhc.mp4,0.666129469871521
mxybhnmmqp.mp4,0.15568476915359497
mxypluhkya.mp4,0.41073083877563477
mxyxmioler.mp4,0.0667744129896164
mxyzjggzpw.mp4,0.10247811675071716
mxzosxshju.mp4,0.9354245662689209
mxzrdigsdm.mp4,0.8913708329200745
myaplrhysw.mp4,0.9165893793106079
mycsljsdmu.mp4,0.18410521745681763
myeayvxlsn.mp4,0.9893632531166077
myebjqbxsl.mp4,0.12867555022239685
myeeorqmiw.mp4,0.9133564829826355
myeiiuazgb.mp4,0.8989095687866211
myeuawgjbr.mp4,0.9120818972587585
myewuiruqd.mp4,0.09299687296152115
myfcyqybae.mp4,0.9190994501113892
myfpgqqfry.mp4,0.8967500329017639
myfrokfnka.mp4,0.4886638820171356
myfxbrkrsw.mp4,0.3112005889415741
mygusxjlyn.mp4,0.11665412783622742
myhoutffrl.mp4,0.9270979166030884
myiaptjpme.mp4,0.9107805490493774
myiatfcllq.mp4,0.8606134653091431
myjhgnezbc.mp4,0.1474008858203888
myjsvitihd.mp4,0.9818865656852722
myjvkeibdm.mp4,0.9594957828521729
mykdihynjd.mp4,0.5781214237213135
mykprqsgeh.mp4,0.7909272909164429
mymluijctr.mp4,0.8587372899055481
mymqltrdiu.mp4,0.7205607295036316
mymtcayabt.mp4,0.9287380576133728
mynimmzeav.mp4,0.6072874069213867
mynptneqbe.mp4,0.969629168510437
mynqiakzcg.mp4,0.7970819473266602
myoecijkpe.mp4,0.8830934762954712
myqursfula.mp4,0.9354082942008972
myqvdwvfbe.mp4,0.9591377973556519
myrgqwhrvk.mp4,0.9204925298690796
myrieacubk.mp4,0.912441074848175
myrikcpius.mp4,0.9871334433555603
myrsanapro.mp4,0.7319348454475403
myrzfhyqnu.mp4,0.9020238518714905
myslupojxl.mp4,0.9652354121208191
myssnicyar.mp4,0.055683683604002
mytnqzubag.mp4,0.43133777379989624
myttjyjoen.mp4,0.9297559857368469
myttmsgzuv.mp4,0.8729947209358215
myuebcgczn.mp4,0.9558718204498291
myuxukczgx.mp4,0.9561436176300049
myvwyfdnxu.mp4,0.2881789803504944
mywbbwqetn.mp4,0.8933008313179016
mywbwhbqfp.mp4,0.7942623496055603
mywdozriss.mp4,0.3549707531929016
myytqreqft.mp4,0.9413803219795227
myzrrktppy.mp4,0.9374030232429504
mzadezhlir.mp4,0.893635630607605
mzaggsvtyp.mp4,0.7856555581092834
mzbipeefcj.mp4,0.8940520882606506
mzcbuvzlab.mp4,0.881470799446106
mzcpxclunk.mp4,0.8951324820518494
mzdakgaxlw.mp4,0.9581124186515808
mzdeffbuaz.mp4,0.9684004783630371
mzdlwlbvql.mp4,0.7466951012611389
mzdzmczoga.mp4,0.9592059254646301
mzeagufruq.mp4,0.07857216894626617
mzeglwmfxd.mp4,0.6107784509658813
mzfdfqvait.mp4,0.9223981499671936
mzflznofvm.mp4,0.9532017111778259
mzfxcnpuxy.mp4,0.14926572144031525
mzgbikvhee.mp4,0.056309450417757034
mzgfychtfc.mp4,0.9079124927520752
mzgjqqkbbd.mp4,0.6875234842300415
mzgxfwajoi.mp4,0.6933702230453491
mzhvqhzplx.mp4,0.7230226993560791
mzlhthocbk.mp4,0.9489743113517761
mzlixfmlfc.mp4,0.9651933312416077
mzlwubaavq.mp4,0.9686506986618042
mzlzqbwdth.mp4,0.4975653886795044
mzmptdahjw.mp4,0.133198544383049
mznjyljmmk.mp4,0.919199526309967
mznuchnxkj.mp4,0.8916140794754028
mznwtrqdib.mp4,0.9368125796318054
mzojpxzoqu.mp4,0.07607794553041458
mzosxuastx.mp4,0.9208381772041321
mzovnxbrnd.mp4,0.8876911997795105
mzpfwmnjkq.mp4,0.8438242077827454
mzpivwpwgo.mp4,0.9748027920722961
mzpljnqykr.mp4,0.8243080377578735
mzpqfnojnn.mp4,0.8455427289009094
mzpvongxdf.mp4,0.807575523853302
mzqsimucmb.mp4,0.920140266418457
mzqvbbrfxo.mp4,0.9359092116355896
mzqvsxnujs.mp4,0.938264787197113
mzrimujteu.mp4,0.8865092396736145
mzrluleznq.mp4,0.7630879878997803
mzrmizvxsq.mp4,0.1283618062734604
mzrzzhsdax.mp4,0.18687906861305237
mzsjcryhbw.mp4,0.8155193328857422
mzssknmpxu.mp4,0.9656047821044922
mztlucosuc.mp4,0.20152436196804047
mzuegqwwqr.mp4,0.8943374156951904
mzuljqoefl.mp4,0.9285199046134949
mzurunkulx.mp4,0.11026843637228012
mzuyaimbdz.mp4,0.6601915955543518
mzvdjyomrd.mp4,0.9446630477905273
mzvkrctnjn.mp4,0.24297131597995758
mzvsjyqvmi.mp4,0.18038995563983917
mzvtzecszp.mp4,0.965164840221405
mzwdblwztn.mp4,0.4041775166988373
mzxquocqxq.mp4,0.9497431516647339
mzxyqchubw.mp4,0.8144044876098633
mzybpbboto.mp4,0.7965627312660217
mzydxbcvxd.mp4,0.8825427889823914
mzzfsddhse.mp4,0.899756908416748
mzzwpfazkb.mp4,0.929980993270874
naaaxmbvqe.mp4,0.5334739089012146
naadaydsqi.mp4,0.9536653161048889
naatucffzt.mp4,0.9520676136016846
nabdomebrp.mp4,0.9509286284446716
nabxkonnmf.mp4,0.7956525087356567
nacbccbdvf.mp4,0.9340355396270752
nacddgwqqs.mp4,0.8197788596153259
nacldwtuwp.mp4,0.819977343082428
nadbnxyblh.mp4,0.9751623272895813
naduxvdple.mp4,0.9564557671546936
naegyjynzp.mp4,0.934689998626709
naelcubjlh.mp4,0.8326147794723511
nafhlyxrkc.mp4,0.9304461479187012
nafwukjwpw.mp4,0.9021273851394653
nagohhtzfk.mp4,0.9332200288772583
nagrrvjhnh.mp4,0.17092078924179077
naitmknkhr.mp4,0.9490019679069519
naiyxicrfn.mp4,0.7214663624763489
najhikzjld.mp4,0.9307207465171814
najtzqgigt.mp4,0.720374584197998
nakrbvvjft.mp4,0.9339309334754944
nakrjdvxgr.mp4,0.4452340304851532
nakvamxvdj.mp4,0.7859706878662109
nalpnekwbg.mp4,0.8648819327354431
namgagxcng.mp4,0.817034125328064
namoatwlkh.mp4,0.8996683359146118
nanajofczq.mp4,0.9305049180984497
nanixzycaw.mp4,0.9537368416786194
naojqxfykz.mp4,0.783062756061554
naplxsnwpu.mp4,0.18556515872478485
napynbbhoz.mp4,0.8808806538581848
naqivbtyog.mp4,0.9426141381263733
nardhwsjrc.mp4,0.9358955025672913
narfmfezcg.mp4,0.17740188539028168
narnjljqjv.mp4,0.566356360912323
nataaoqgsc.mp4,0.9506219029426575
natjbovrga.mp4,0.8276150822639465
navdzyrwsl.mp4,0.6776787042617798
nawgnhluzu.mp4,0.8671048879623413
naxalzyvuj.mp4,0.8053773045539856
naxbhpgfds.mp4,0.8589521646499634
nazahspgny.mp4,0.9386317729949951
nazorehocq.mp4,0.87256920337677
nazxxczaxi.mp4,0.9768108129501343
nbadfnkmrj.mp4,0.9284526109695435
nbagbmjgka.mp4,0.8803703784942627
nbalxafbxx.mp4,0.9806352853775024
nbccsvozit.mp4,0.8063210248947144
nbcvyxosiu.mp4,0.9734309315681458
nbdlaqndcg.mp4,0.955517590045929
nbeveeztxy.mp4,0.9276342988014221
nbfsletooq.mp4,0.907559871673584
nbgbjkltkk.mp4,0.9497244954109192
nbgfbqbuxm.mp4,0.9548900723457336
nbgjuhzmgr.mp4,0.7663344144821167
nbgqctpzym.mp4,0.9326090812683105
nbgxafgabx.mp4,0.8701662421226501
nbgyggislz.mp4,0.08354735374450684
nbhcewtdqw.mp4,0.877193808555603
nbhenrmcze.mp4,0.3677181303501129
nbhrkijthy.mp4,0.9666598439216614
nbilkqardi.mp4,0.8359877467155457
nbirrolmrt.mp4,0.10751623660326004
nbjrxufaew.mp4,0.8978781700134277
nbkauiqejy.mp4,0.9440558552742004
nbkfendeyb.mp4,0.9002826809883118
nblgnrrtjz.mp4,0.9090328216552734
nblylleytz.mp4,0.9801965951919556
nbmufxynnz.mp4,0.12274013459682465
nbneoabmks.mp4,0.03396393358707428
nbnhzvjdfe.mp4,0.980907142162323
nbnljwbmhi.mp4,0.9148485660552979
nbpciitjgr.mp4,0.09039530158042908
nbphsempfr.mp4,0.9284378886222839
nbpkqeskxg.mp4,0.8311901092529297
nbpwwmnyxa.mp4,0.8175939917564392
nbqbukndps.mp4,0.7762894034385681
nbqsomcotk.mp4,0.2941649854183197
nbqtidnjms.mp4,0.9032634496688843
nbrkoihtck.mp4,0.06712137907743454
nbsciorjom.mp4,0.5742661356925964
nbsjrgghfg.mp4,0.5656861662864685
nbtyeoapln.mp4,0.24670293927192688
nbuypqthyx.mp4,0.9694114923477173
nbvclnwtee.mp4,0.04811115190386772
nbwcazqsrr.mp4,0.07372155785560608
nbwewyqvyr.mp4,0.5132220983505249
nbxduynjlg.mp4,0.9365504384040833
nbxjbsomza.mp4,0.6235920786857605
nbxnrzafup.mp4,0.1636960655450821
nbxzlqzypt.mp4,0.8637440800666809
nbyaxzmueg.mp4,0.9147160649299622
nbyixzzyms.mp4,0.8605278134346008
nbyjfnzqne.mp4,0.9726807475090027
nbymxrswmu.mp4,0.8710378408432007
nbyvelzjzs.mp4,0.9698407649993896
nbyyspkdkk.mp4,0.9672630429267883
nbzctqjoki.mp4,0.6628400087356567
nbzsfubfdd.mp4,0.9641388654708862
nbztlmotqq.mp4,0.90850830078125
nbzuqruwwg.mp4,0.8586254119873047
nbzwhpbwbk.mp4,0.9735696315765381
ncagjkzyxh.mp4,0.940445601940155
ncbempbsch.mp4,0.9817700386047363
ncbxrjssdo.mp4,0.8244132995605469
ncckmopfoj.mp4,0.91264808177948
nccoxpnvlq.mp4,0.9008728861808777
nccwscmxww.mp4,0.9054856896400452
ncddommjsf.mp4,0.8826003670692444
ncdxngmtoz.mp4,0.8552853465080261
ncebrhagkb.mp4,0.36708760261535645
ncefruqmhs.mp4,0.9479971528053284
ncfkflbbdq.mp4,0.39589646458625793
ncfooskkuh.mp4,0.6218993067741394
ncfoydwtwa.mp4,0.9073143601417542
ncgenygrai.mp4,0.9568070769309998
ncgqhseegh.mp4,0.9441182613372803
ncijlpxdco.mp4,0.9714095592498779
ncjakxlyzp.mp4,0.8286463618278503
ncjqganhal.mp4,0.20718471705913544
ncklihamxl.mp4,0.9451132416725159
nckzuzznch.mp4,0.5143861770629883
ncmdnjgijn.mp4,0.18223313987255096
ncmfiprfwc.mp4,0.928040087223053
ncmwgkyajq.mp4,0.3878229260444641
ncnubwzwhf.mp4,0.8851305842399597
ncnwsxnhah.mp4,0.937323808670044
ncokiwnqdj.mp4,0.08184045553207397
ncooitzncv.mp4,0.7976832985877991
ncpqewudov.mp4,0.7132159471511841
ncpszttxgy.mp4,0.959490954875946
ncqqanlehb.mp4,0.6553219556808472
ncrhejmzud.mp4,0.8981369733810425
ncrkggcdqp.mp4,0.09600649774074554
ncrrzxmrwe.mp4,0.3827449083328247
ncshnztnda.mp4,0.8774203062057495
ncslcpqowh.mp4,0.9376976490020752
ncsqfrlkxc.mp4,0.9366553425788879
nctfzxyxyu.mp4,0.8998583555221558
ncuxbddlhi.mp4,0.9424766898155212
ncvevwnadn.mp4,0.8869255185127258
ncvjumxdzg.mp4,0.9439334869384766
ncvmthnfmq.mp4,0.07195829600095749
ncvrvmweon.mp4,0.9590578675270081
ncvttqmssc.mp4,0.08739155530929565
ncwoxrstou.mp4,0.8984902501106262
ncwyatzoff.mp4,0.9745897650718689
ncxstxgbvl.mp4,0.8897304534912109
ncxwabwcyb.mp4,0.6735919713973999
ncynhltofb.mp4,0.9255630970001221
ncysibcigr.mp4,0.3665590286254883
nczdvzbdfg.mp4,0.13837400078773499
nczmyyozbp.mp4,0.647925078868866
ndadmtndpq.mp4,0.9638820290565491
ndaeasdtck.mp4,0.1117144525051117
ndamkbrqxh.mp4,0.6121730804443359
ndaqopgpwc.mp4,0.9272754788398743
ndasmuptcl.mp4,0.9599403142929077
ndcdpizzth.mp4,0.951257050037384
nddetnxxmi.mp4,0.9034299850463867
nddjzwotit.mp4,0.7227754592895508
ndeefobajm.mp4,0.8290053009986877
ndejisxtyk.mp4,0.9189764261245728
ndexnspbog.mp4,0.9015071392059326
ndgftklgjz.mp4,0.1655258685350418
ndghbdqxaw.mp4,0.8983486890792847
ndgybupgup.mp4,0.9430580139160156
ndhkinkjaz.mp4,0.8791720867156982
ndhmanzwwd.mp4,0.7599076628684998
ndicdlvezt.mp4,0.8920198678970337
ndimhxnoxf.mp4,0.5561680197715759
ndjljobilu.mp4,0.9187626242637634
ndjwprmhfs.mp4,0.9249188899993896
ndkbashetm.mp4,0.4647442400455475
ndkrblisgp.mp4,0.9405573606491089
ndleldyxig.mp4,0.9133496880531311
ndlexgyeim.mp4,0.8562361598014832
ndlojawreg.mp4,0.10769281536340714
ndlzvtwvke.mp4,0.34813785552978516
ndmeajgebk.mp4,0.896225094795227
ndmwkldqpn.mp4,0.5903993844985962
ndncmjaplk.mp4,0.827486515045166
ndndzdgoax.mp4,0.9768162965774536
ndntnxhgsr.mp4,0.18045589327812195
ndomojllfe.mp4,0.85955411195755
ndoopbvemg.mp4,0.15905560553073883
ndpfhbvauv.mp4,0.5240076780319214
ndpmoazufj.mp4,0.9679471254348755
ndpxqutyti.mp4,0.9593613147735596
ndpxrbzfmy.mp4,0.5516099333763123
ndqgkgnylx.mp4,0.9424554705619812
ndqstjaloe.mp4,0.8988362550735474
ndqugdzpdd.mp4,0.9020217657089233
ndqxtifvbw.mp4,0.13338536024093628
ndthilback.mp4,0.06873181462287903
ndtiurivhc.mp4,0.83453369140625
ndtmnusqiw.mp4,0.8783020377159119
ndtouoonmq.mp4,0.7442774176597595
ndvgjdyvvg.mp4,0.13388487696647644
ndvjdqqjpt.mp4,0.39359548687934875
ndvtnuwrqi.mp4,0.9769659042358398
ndwcvblfux.mp4,0.9078758358955383
ndwxvkswkw.mp4,0.24920408427715302
ndxvdxwabf.mp4,0.6688829660415649
ndyfmioebl.mp4,0.8680019378662109
ndyssxvehq.mp4,0.9656077027320862
ndzaasjzmx.mp4,0.9803670644760132
ndzhyipsgf.mp4,0.9222862124443054
ndzlhdhzek.mp4,0.9180729389190674
neapbkemvc.mp4,0.8709700703620911
neawnhakxq.mp4,0.7908686399459839
nebulnhpun.mp4,0.9235700964927673
nedgimdrmp.mp4,0.8516159057617188
nedxsueslh.mp4,0.7238683700561523
neehuqbqms.mp4,0.07857244461774826
neesvzrjcl.mp4,0.8786225914955139
neetofpeop.mp4,0.8271488547325134
nefdyhzqtb.mp4,0.25714853405952454
nefstkupsd.mp4,0.6705948114395142
nefwkyjktt.mp4,0.7379827499389648
negnavupsk.mp4,0.8764183521270752
negnjndvyn.mp4,0.3863305151462555
negxvyedxi.mp4,0.9350884556770325
nehdmrljlx.mp4,0.11108993738889694
nehuvaaiow.mp4,0.9056016802787781
neimmepcpb.mp4,0.9606689810752869
nejtxbldgv.mp4,0.7978033423423767
nekfgxguie.mp4,0.8680739402770996
nekkbqdjpq.mp4,0.845305323600769
nekkflbpfl.mp4,0.9666134715080261
nekrdzkhxy.mp4,0.9396190643310547
nekzuvream.mp4,0.9286268353462219
nelvcxixcd.mp4,0.9013610482215881
nemehpslrc.mp4,0.09480395913124084
nemhdqnybj.mp4,0.6766541600227356
nemkpqjcvt.mp4,0.8762508034706116
nemzrqisrf.mp4,0.11290676146745682
nenjrzfjmg.mp4,0.3843463361263275
nenpawpvqz.mp4,0.49479320645332336
nenxtujdkb.mp4,0.625813364982605
neofyuhhoc.mp4,0.7339364886283875
neorkmuset.mp4,0.9352350234985352
neotrnwthu.mp4,0.06114934757351875
neowwwmohf.mp4,0.17906266450881958
nepiitaaql.mp4,0.13262033462524414
nerdngaozu.mp4,0.9178398251533508
nesshvtwtr.mp4,0.9370908737182617
neufcsfawi.mp4,0.8013073801994324
neulmbbdrn.mp4,0.9649925827980042
neuptrhfdr.mp4,0.8231316208839417
nevgvsfsfj.mp4,0.5012041926383972
nevzamgoje.mp4,0.08180415630340576
newzcrvihm.mp4,0.34721460938453674
nexicsuwfg.mp4,0.9452579617500305
neyapofpos.mp4,0.8193665146827698
nezdynaehr.mp4,0.7803646326065063
neziwobkqi.mp4,0.9408059120178223
nfafdgautl.mp4,0.8908056616783142
nfagxfxxmo.mp4,0.6300176978111267
nfarqwepfq.mp4,0.884413480758667
nfavgeygvm.mp4,0.8918896317481995
nfbfzdcwot.mp4,0.45597049593925476
nfccfekmzw.mp4,0.8594127297401428
nfckwrsfif.mp4,0.08987121284008026
nfdhuaduld.mp4,0.046182721853256226
nfeppuvcsi.mp4,0.9079610109329224
nffwindckj.mp4,0.9502261877059937
nffzvrduzp.mp4,0.8561870455741882
nfggecmjpb.mp4,0.916765570640564
nfhclzgibh.mp4,0.915529727935791
nfhdjadrtn.mp4,0.9241342544555664
nfhuunyiir.mp4,0.9827064871788025
nfisvcdmml.mp4,0.9681940078735352
nfjftplasm.mp4,0.8610737919807434
nfjfylwjvj.mp4,0.11165433377027512
nfjhxghbts.mp4,0.8030269742012024
nfjzeblmbw.mp4,0.960941731929779
nfknivueqd.mp4,0.988307535648346
nfkpmwvonf.mp4,0.5700073838233948
nfksmyvixl.mp4,0.0768386721611023
nflbphjubl.mp4,0.909517765045166
nflhgaehdw.mp4,0.7969037890434265
nfmkfgadlq.mp4,0.9756999015808105
nfnreimomi.mp4,0.8618950247764587
nfnzfveobw.mp4,0.8938624262809753
nfpoyhnozd.mp4,0.514919102191925
nfpwqayugo.mp4,0.8514939546585083
nfqahhtctq.mp4,0.16217756271362305
nfqpzchywu.mp4,0.3262353837490082
nfrlaisaut.mp4,0.31328287720680237
nfrmetmxwj.mp4,0.9274769425392151
nfrrqzlkng.mp4,0.6065409183502197
nfstajzaot.mp4,0.09089833498001099
nfstlbkqmn.mp4,0.759652316570282
nfteepieyv.mp4,0.9742228984832764
nftojzxzoa.mp4,0.9291834235191345
nfujenqduw.mp4,0.8913664221763611
nfupcronao.mp4,0.5721406936645508
nfuuhqslgt.mp4,0.24533061683177948
nfwtspkhvb.mp4,0.3869746923446655
nfwzmbpnuv.mp4,0.8525604605674744
nfxiobzujj.mp4,0.1492537558078766
nfxlifwqks.mp4,0.696936845779419
nfxxtygkcm.mp4,0.05030645430088043
nfzenikqql.mp4,0.967442512512207
ngadlpokyf.mp4,0.44187748432159424
ngagorxtbd.mp4,0.39549729228019714
ngaosflxgo.mp4,0.8896607756614685
ngbixvttnd.mp4,0.9158130884170532
ngbpjliria.mp4,0.9233850240707397
ngdyamcqwe.mp4,0.8590729832649231
ngeomqzowc.mp4,0.9223855137825012
ngewgqjitm.mp4,0.7394548058509827
ngfkevhzjk.mp4,0.9662446975708008
ngfpoxudtj.mp4,0.9054024815559387
ngfqihtamh.mp4,0.9894967079162598
ngfsjmmpqa.mp4,0.9315304756164551
nggemodzrx.mp4,0.4109460413455963
nggrodpfsn.mp4,0.07014649361371994
nggwaxvlzw.mp4,0.9058874845504761
nghcjfduje.mp4,0.9400292634963989
nghoezpthp.mp4,0.7236010432243347
ngieuvlvky.mp4,0.11503245681524277
ngkbutwngd.mp4,0.1997520923614502
ngkrlyoazt.mp4,0.36215269565582275
ngktbwztro.mp4,0.8391732573509216
ngkwzwskhe.mp4,0.9812860488891602
nglnvdbdxs.mp4,0.5784879326820374
nglohvjfku.mp4,0.13769787549972534
nglruwlshn.mp4,0.8480842113494873
nglsejvegf.mp4,0.07572247833013535
ngmddfsssu.mp4,0.9641750454902649
ngmfcgpvrl.mp4,0.9367437362670898
ngmorkepcx.mp4,0.18489421904087067
ngmtolyqmr.mp4,0.9313328862190247
ngnhfloutm.mp4,0.8899911642074585
ngnkrtzghl.mp4,0.7102655172348022
ngorbnmyld.mp4,0.9098517894744873
ngqbmzsnxp.mp4,0.9479039907455444
ngslrhavvk.mp4,0.6911534070968628
ngsrsoqizm.mp4,0.9039681553840637
ngtgoxypor.mp4,0.6517438292503357
ngueyhtojp.mp4,0.9055200219154358
ngulptlssh.mp4,0.8860734105110168
ngvbaolyub.mp4,0.9098941683769226
ngvbavyoqd.mp4,0.9187043905258179
ngvscvetrq.mp4,0.8757075071334839
ngvxubpton.mp4,0.2577615976333618
ngwlbmzmke.mp4,0.9711923599243164
ngwvgtaqgj.mp4,0.9672847986221313
ngxcxpdpot.mp4,0.9202747344970703
ngxfhthyol.mp4,0.915063738822937
ngxgcuotvc.mp4,0.8085169792175293
ngygnxotbf.mp4,0.9873439073562622
ngywuqvqcf.mp4,0.7780576944351196
ngzoqkyney.mp4,0.979256272315979
ngzqnucpqt.mp4,0.2240183800458908
ngzxexjflf.mp4,0.8203231692314148
nhbvdshvas.mp4,0.925620436668396
nhdjglbekk.mp4,0.46663859486579895
nhdngnotff.mp4,0.711161732673645
nhdwrthria.mp4,0.20567192137241364
nhdxzascur.mp4,0.9570979475975037
nhgnfbsaoi.mp4,0.9665156006813049
nhgxigaeit.mp4,0.9319860339164734
nhgzydcyrn.mp4,0.7189205884933472
nhhixdaorj.mp4,0.6757977604866028
nhhjhtrkxy.mp4,0.9880183935165405
nhjfadakup.mp4,0.7730332612991333
nhjfonhgva.mp4,0.06163616105914116
nhjpypcjiq.mp4,0.9101033806800842
nhldlpnhvr.mp4,0.9395705461502075
nhmmllqntc.mp4,0.1744292974472046
nhmqxumijx.mp4,0.9620996713638306
nhnhwalplb.mp4,0.9524152278900146
nhnklazruy.mp4,0.971947193145752
nhnmicfjkc.mp4,0.9460502862930298
nhnpsdmiig.mp4,0.8051086068153381
nhnqzsreme.mp4,0.39644718170166016
nhohwyteco.mp4,0.049291662871837616
nhomcfqwgr.mp4,0.9683594107627869
nhqnxuxcet.mp4,0.8929669857025146
nhshcfhcxe.mp4,0.9028083682060242
nhsjbsfvgv.mp4,0.9281337261199951
nhsmgcdzrh.mp4,0.1662386804819107
nhsyvtkfhr.mp4,0.846813976764679
nhtuwustoz.mp4,0.10943993180990219
nhtwtvzaxv.mp4,0.9235516786575317
nhuymurici.mp4,0.9137423038482666
nhvrgmxvth.mp4,0.737269937992096
nhwafxmheu.mp4,0.9706330895423889
nhwdszregz.mp4,0.7351601719856262
nhwzdmqtbf.mp4,0.8131189942359924
nhxowvyapk.mp4,0.0816134512424469
nhxpgschgn.mp4,0.909997820854187
nhyeoieamo.mp4,0.10550094395875931
nhygglussv.mp4,0.13867470622062683
nhyqkwcbod.mp4,0.9180879592895508
nhzvqxdaom.mp4,0.9177650809288025
nialojrqyu.mp4,0.9447769522666931
niapdlqizx.mp4,0.10005497932434082
niawhrtfjv.mp4,0.3984687328338623
nibmfggegz.mp4,0.8485132455825806
niboxwakue.mp4,0.7810593843460083
nictvjnrlt.mp4,0.5993016362190247
nididmnfsy.mp4,0.849239706993103
nidvpqcuim.mp4,0.07645844668149948
niejsodevw.mp4,0.86466383934021
nierjgguuk.mp4,0.7046157717704773
nifgzvkblp.mp4,0.9121087193489075
nifuvhzbmb.mp4,0.9114633798599243
nigfvdrfqs.mp4,0.9461842179298401
niginimxca.mp4,0.8862007856369019
nigngkzouh.mp4,0.2797161936759949
nigwtgamqq.mp4,0.9519273042678833
nigytcchgw.mp4,0.11930504441261292
nihwthpyma.mp4,0.9273636937141418
nihzmujqqg.mp4,0.6413224935531616
nijvrcwpfv.mp4,0.1989070326089859
nikjmzghma.mp4,0.8955040574073792
niksmfgbkz.mp4,0.930242657661438
nilkyzjtka.mp4,0.8754428625106812
nimdyhpdhr.mp4,0.08598312735557556
nimmkalbst.mp4,0.8883000612258911
ninnmxlimr.mp4,0.23969529569149017
ninqzofbpo.mp4,0.9274945259094238
ninzisesmh.mp4,0.9480992555618286
niozxpkvnn.mp4,0.9092468619346619
nipneftcvz.mp4,0.8789727091789246
nippajsgbk.mp4,0.9501045942306519
nippkrswfw.mp4,0.11504550278186798
nirjrklqzu.mp4,0.12566274404525757
nirxtmboor.mp4,0.5775027871131897
nitltcamre.mp4,0.895991325378418
niuahgmais.mp4,0.9594148993492126
niuchraldf.mp4,0.9797021746635437
nivmbunhta.mp4,0.4247318208217621
niwnfixqqn.mp4,0.06937648355960846
niwobfvevz.mp4,0.9827060103416443
niwwecztgw.mp4,0.4715207815170288
niwyixzidw.mp4,0.2693750858306885
niylpksclj.mp4,0.7787632346153259
niyzdxuwav.mp4,0.4312867224216461
nizimzttpj.mp4,0.9115520119667053
nizuthbrif.mp4,0.9211637377738953
nizyqplmoy.mp4,0.9261690378189087
njabmaaiog.mp4,0.9115124344825745
njavildrws.mp4,0.2858707308769226
njcaovbtyh.mp4,0.9285484552383423
njcrpzrbth.mp4,0.9250144958496094
njcuuluowh.mp4,0.8348197937011719
njdgiohqdv.mp4,0.908414363861084
njeltjdjqx.mp4,0.9026070833206177
njewytntow.mp4,0.903475821018219
njfcejvwds.mp4,0.8964670896530151
njfeteruka.mp4,0.9763294458389282
njgljwiwns.mp4,0.5622369647026062
njgumijotw.mp4,0.05593424662947655
njhbbxuahu.mp4,0.9399709701538086
njhdmaeykp.mp4,0.9300899505615234
njihyijkpv.mp4,0.922325611114502
njjgsjxsgc.mp4,0.9377527832984924
njmwrhwirv.mp4,0.8401464819908142
njmywmiirk.mp4,0.88466477394104
njngzutjpt.mp4,0.6648523211479187
njnkhqprzw.mp4,0.17277568578720093
njnqmtotwi.mp4,0.929612934589386
njnvjpiglm.mp4,0.9889534711837769
njojuwquvs.mp4,0.8601016402244568
njpdcldtar.mp4,0.9362862706184387
njpjjvdrzc.mp4,0.8822910189628601
njpqdbsubj.mp4,0.9669376015663147
njqbwiajss.mp4,0.9556516408920288
njqszxgrds.mp4,0.31831392645835876
njqvtduwyp.mp4,0.16415028274059296
njradgdzmj.mp4,0.13248924911022186
njrcbkogwk.mp4,0.8612070083618164
njrpcrpkvt.mp4,0.9019681215286255
njrzonefqr.mp4,0.05403882637619972
njufvsurrp.mp4,0.9749234318733215
njvksnsuju.mp4,0.8457852005958557
njvlsykkxc.mp4,0.9039739370346069
njvqgnzdgf.mp4,0.9293855428695679
njwfepinvj.mp4,0.8590667843818665
njwnwambff.mp4,0.9031476378440857
njwsmltmvb.mp4,0.8561093807220459
njxmuszjcm.mp4,0.9148321151733398
njygdjslty.mp4,0.8742543458938599
njyowkvohi.mp4,0.07046271860599518
njyuixnlbz.mp4,0.05143733695149422
njzlbzpmhj.mp4,0.7409253120422363
nkasoobayk.mp4,0.9499734044075012
nkaxowbysf.mp4,0.9715337157249451
nkazzgivmu.mp4,0.9703694581985474
nkbkeqplzq.mp4,0.8999789357185364
nkcazzgjcv.mp4,0.7655860185623169
nkcnpbyqnh.mp4,0.9475597739219666
nkcqdkoimm.mp4,0.9028912782669067
nkdezlyzlz.mp4,0.9174094200134277
nkeotjdnuw.mp4,0.6439079642295837
nkeyiwhgjm.mp4,0.9752994775772095
nkfnoabmcp.mp4,0.8766738176345825
nkfwgkmlgy.mp4,0.9166396260261536
nkfydoeqqd.mp4,0.9011726975440979
nkgjczfdrh.mp4,0.7494279742240906
nkhhjotauz.mp4,0.10998772829771042
nkidbjwiql.mp4,0.9522390961647034
nkifiktozw.mp4,0.8929327130317688
nkisgusori.mp4,0.7568144798278809
nkjahbmcmy.mp4,0.699246346950531
nkjiljpiie.mp4,0.9460689425468445
nkjvxekngp.mp4,0.970766007900238
nkkavcrugm.mp4,0.9310866594314575
nkkwxbkdxc.mp4,0.10795772075653076
nkkyverkkz.mp4,0.827244222164154
nkljanlsjo.mp4,0.9284529089927673
nklugzzkgm.mp4,0.6838030219078064
nklwtatmtq.mp4,0.15380951762199402
nkmccauprc.mp4,0.897067129611969
nknaynkpbw.mp4,0.8574181795120239
nknvnlsuhw.mp4,0.8646149635314941
nkoqaasrfe.mp4,0.9618353843688965
nkowfejbbk.mp4,0.08658739924430847
nkpkkkzsbg.mp4,0.9213641285896301
nkppbhzwqc.mp4,0.8542492389678955
nkpqkddsgt.mp4,0.23447482287883759
nkpywupdbi.mp4,0.923056423664093
nkqkvwpghi.mp4,0.4566744565963745
nkqvjykgmm.mp4,0.8990890383720398
nkrwbfhvzt.mp4,0.39334961771965027
nksfulptfj.mp4,0.8835608959197998
nkthitfanz.mp4,0.9264100193977356
nktugsvimx.mp4,0.9645547866821289
nkweonabbb.mp4,0.3142000436782837
nkwjnyzyjm.mp4,0.8495127558708191
nkwnsnvyjr.mp4,0.2499108463525772
nkwwgbetle.mp4,0.5358937382698059
nkxthkyjph.mp4,0.17531359195709229
nkxybyoptw.mp4,0.9474561810493469
nkxyfksfvj.mp4,0.5102359056472778
nkykfkfsjn.mp4,0.5483672022819519
nkywneibsa.mp4,0.9285250902175903
nkywuecmkl.mp4,0.7776995897293091
nlaevfisim.mp4,0.97225022315979
nlaycddtsf.mp4,0.9463945031166077
nlbdjpegpt.mp4,0.9610884785652161
nlbruwbslp.mp4,0.9118714332580566
nlbvtntmqj.mp4,0.8914781212806702
nlcaewqvhl.mp4,0.31962156295776367
nlcmkmgnqk.mp4,0.6071086525917053
nlcqykqsdp.mp4,0.1215423047542572
nlcvvunqdl.mp4,0.9117681980133057
nldohkaotb.mp4,0.9284268021583557
nldopkdett.mp4,0.9545266032218933
nlfhfkckjj.mp4,0.06303265690803528
nlfunzrrts.mp4,0.5149928331375122
nlgccbseha.mp4,0.9700028896331787
nlgencrtas.mp4,0.9092739820480347
nlgocixjwn.mp4,0.9771263599395752
nlgzdkbpud.mp4,0.9502976536750793
nlhvhuwujo.mp4,0.388418972492218
nlhxuxnjhr.mp4,0.8753047585487366
nliofvksed.mp4,0.09793185442686081
nljhfekcxb.mp4,0.9794051647186279
nllnjrcpgt.mp4,0.9761320948600769
nllujkwkye.mp4,0.11994349211454391
nllvvuifoj.mp4,0.21154282987117767
nlmhzevtqy.mp4,0.9433557391166687
nlnwdndxgd.mp4,0.9075207710266113
nlnydoghdv.mp4,0.7999091148376465
nlootffhhf.mp4,0.8756930828094482
nloyfmwjwm.mp4,0.6877216100692749
nlpvkvxgma.mp4,0.2938872277736664
nlqvzzuvbn.mp4,0.9638194441795349
nlqyfjiwna.mp4,0.10498037189245224
nlqzjxdhas.mp4,0.9547945261001587
nlrlewifkr.mp4,0.9334834814071655
nlrmgdqfnr.mp4,0.05143250897526741
nltihqekcg.mp4,0.7271571159362793
nltnhsdkqf.mp4,0.7607706189155579
nluwruwldi.mp4,0.9330527186393738
nlvahugotq.mp4,0.9458649158477783
nlvvgrinhn.mp4,0.7777872681617737
nlvybmxxcx.mp4,0.9313494563102722
nlwppcfipz.mp4,0.9682076573371887
nlxjamaxhb.mp4,0.9245173335075378
nlxlxqlomt.mp4,0.2980669140815735
nlyudjboxs.mp4,0.686398983001709
nlzhplggol.mp4,0.23224236071109772
nmaajbnbwv.mp4,0.970535397529602
nmarhxamlz.mp4,0.794943630695343
nmbevgcuec.mp4,0.9126717448234558
nmbznvrnkf.mp4,0.07523175328969955
nmdibzykwl.mp4,0.9204516410827637
nmdkoichxj.mp4,0.1353364735841751
nmdksnzkqd.mp4,0.9128117561340332
nmeotngklv.mp4,0.8873380422592163
nmesqtaegv.mp4,0.9261118769645691
nmexlfuxsf.mp4,0.11424510180950165
nmfklzabbb.mp4,0.6979868412017822
nmfxzmrdko.mp4,0.6144974827766418
nmhgmueqie.mp4,0.5
nmhkvqyayy.mp4,0.9548659324645996
nmicidrvps.mp4,0.7930510640144348
nmisncmqul.mp4,0.9520549178123474
nmjesbwiux.mp4,0.08379735052585602
nmjlqtwyta.mp4,0.12114077806472778
nmjxwyqgbn.mp4,0.6564919948577881
nmkcfzadnw.mp4,0.9895266890525818
nmlovqouaz.mp4,0.15060049295425415
nmlsjeasad.mp4,0.4372903108596802
nmmllacamk.mp4,0.8984285593032837
nmobfoivkk.mp4,0.2987312972545624
nmoejsbfhm.mp4,0.059926003217697144
nmoriwezhz.mp4,0.38995516300201416
nmoxwutfpd.mp4,0.90185546875
nmpfcqcjby.mp4,0.5583015084266663
nmphdbflzj.mp4,0.07546591013669968
nmqwhnlkux.mp4,0.9501621723175049
nmrdabsqem.mp4,0.39566197991371155
nmryglrlxk.mp4,0.7943001389503479
nmtbqblekl.mp4,0.8934884667396545
nmtrhomiip.mp4,0.16561685502529144
nmufqvtyds.mp4,0.9817458987236023
nmujsijdwt.mp4,0.7161859273910522
nmupmlzmld.mp4,0.956571102142334
nmupwhyxen.mp4,0.9587859511375427
nmupzhpgns.mp4,0.41738811135292053
nmvujwport.mp4,0.9243254065513611
nmwlejikul.mp4,0.912330150604248
nmwpnbliet.mp4,0.7567565441131592
nmwreojynt.mp4,0.9344123005867004
nmxhxhkhxj.mp4,0.2388688027858734
nmycoyoyxr.mp4,0.44175606966018677
nmyemiebip.mp4,0.8844608664512634
nmyfrxeqko.mp4,0.9112070202827454
nmyhzwggkh.mp4,0.8956993818283081
nmyvarypvj.mp4,0.3781537115573883
nnadmydirf.mp4,0.939713716506958
nnamqkfxas.mp4,0.8926746249198914
nnccthpiws.mp4,0.5314317941665649
nncdxgzrcf.mp4,0.8600813746452332
nncfuuyncs.mp4,0.9633135199546814
nnckfqzdlh.mp4,0.4551072120666504
nndhvkpctq.mp4,0.49626532196998596
nndoszzxru.mp4,0.8823071122169495
nneshdsxzg.mp4,0.16026680171489716
nnfneewhmg.mp4,0.9505167007446289
nngajjgbsn.mp4,0.7569671273231506
nnglisilhj.mp4,0.9058670401573181
nngspjuznz.mp4,0.7735697627067566
nngtsajuzl.mp4,0.972463846206665
nngvktxaza.mp4,0.09661222249269485
nnifcnwpnc.mp4,0.9002004861831665
nnitajlwru.mp4,0.30315059423446655
nnjhfldeep.mp4,0.9283909797668457
nnkymdgsrg.mp4,0.9873963594436646
nnnhvsiezg.mp4,0.899711012840271
nnnkkjlkwr.mp4,0.8171494007110596
nnnvtrkvow.mp4,0.9524979591369629
nnnyyjdstl.mp4,0.903710126876831
nnohgquveh.mp4,0.7881032228469849
nnorradrqm.mp4,0.9049566388130188
nnpmvozcmf.mp4,0.8603682518005371
nnpuaismqx.mp4,0.8530002236366272
nnpulqoqtr.mp4,0.5195057392120361
nnqlasuoqh.mp4,0.9229427576065063
nnqrpygvif.mp4,0.7892724871635437
nnrdysxryo.mp4,0.9404621720314026
nnrykhgzgs.mp4,0.524067759513855
nnshsdsefa.mp4,0.9241620302200317
nnsjsdiprc.mp4,0.9123867154121399
nnsviegopy.mp4,0.24643464386463165
nnuarswldu.mp4,0.9081811904907227
nnuiegiysb.mp4,0.9585616588592529
nnuwlchsxj.mp4,0.43099910020828247
nnuyijzlju.mp4,0.5483303666114807
nnvpxpyhta.mp4,0.9196281433105469
nnvyreexca.mp4,0.7263858914375305
nnwkycvpir.mp4,0.18592804670333862
nnwyjeeoiw.mp4,0.863190233707428
nnxkvtdqrd.mp4,0.4457337558269501
nnxohuibvx.mp4,0.7675167322158813
nnydvpvips.mp4,0.6819320917129517
nnygcxtetl.mp4,0.9501297473907471
nnyqrcuxxz.mp4,0.8790815472602844
nnzewiglox.mp4,0.921967625617981
nnztzqdnmx.mp4,0.9172564744949341
nnzvjykscy.mp4,0.905108630657196
nnzxldrkri.mp4,0.9644098281860352
noagmcpxfb.mp4,0.9341288805007935
nobrvdftmd.mp4,0.9016650915145874
nocuhkkvqz.mp4,0.9784248471260071
nofipjebdq.mp4,0.9288362264633179
nofpccqmiy.mp4,0.9737611413002014
nofpptlanp.mp4,0.8356258273124695
nofqcwbhmc.mp4,0.8654846549034119
nofyjiivre.mp4,0.06031666323542595
nogfxrnhgf.mp4,0.8894794583320618
noghkwghyx.mp4,0.9424168467521667
nogxisbqcq.mp4,0.0692010447382927
nogxmbvoic.mp4,0.7600647211074829
nohvjixdca.mp4,0.9082922339439392
nohvqxcxzl.mp4,0.9214268326759338
noimhehxij.mp4,0.9750366806983948
noiojkacja.mp4,0.9015417695045471
noiorsbnni.mp4,0.8873722553253174
noisbvumhr.mp4,0.9805379509925842
nomkqqfjml.mp4,0.8785744309425354
nomnlcessa.mp4,0.9021920561790466
nonubiiklc.mp4,0.09667325764894485
nopfkczwsv.mp4,0.9029417037963867
noqtlqcipx.mp4,0.9024358987808228
norbabdxvt.mp4,0.07350526750087738
norlaobivm.mp4,0.9180570840835571
notdbkrzwi.mp4,0.7468832731246948
notesdzqcd.mp4,0.37937498092651367
notmhaxgxz.mp4,0.9327354431152344
notprrantw.mp4,0.6031948924064636
notviccbkr.mp4,0.9515148997306824
nousyfacxi.mp4,0.8744662404060364
novgixysji.mp4,0.9083251953125
novnncrpgw.mp4,0.07055506855249405
novyrpxign.mp4,0.7250633239746094
nowhicwoms.mp4,0.6520983576774597
nowjdzuevg.mp4,0.06585424393415451
nowuwozmws.mp4,0.8926726579666138
noxpzvacis.mp4,0.87845379114151
noxxoluzqz.mp4,0.9208003282546997
noyomrfcgp.mp4,0.3000342547893524
npaabhuyuq.mp4,0.0478513240814209
npajzcjzfd.mp4,0.5320118069648743
npatrimkki.mp4,0.9598841071128845
npaumcpfsj.mp4,0.7807080745697021
npayobbfjy.mp4,0.4394236207008362
npbcodcrvo.mp4,0.8263099789619446
npbruzyguz.mp4,0.9261096715927124
npcqxjndip.mp4,0.08232112973928452
npdhyvzkkl.mp4,0.4641260504722595
npdomfybya.mp4,0.8915584087371826
npdtwialqk.mp4,0.8996397852897644
npdycydgac.mp4,0.7173647284507751
npebbtzpno.mp4,0.0736723318696022
npeexozwbr.mp4,0.8617855906486511
npemjjupmd.mp4,0.2735520303249359
npeqjyptma.mp4,0.6040791273117065
npermerlix.mp4,0.420322448015213
nperofhujp.mp4,0.9404010772705078
npfaklyxop.mp4,0.8994268178939819
npfftxegxs.mp4,0.8863124847412109
npflsvxwlw.mp4,0.16835282742977142
npfzyudomm.mp4,0.1577140837907791
npgqvhwoys.mp4,0.9101727604866028
npigvzszfi.mp4,0.94735187292099
npiptahdld.mp4,0.7797977924346924
npiqvirqkh.mp4,0.16133467853069305
npjmiuyfmh.mp4,0.8703707456588745
npjtgmzhwb.mp4,0.30685535073280334
npkyzxgmzj.mp4,0.9462096691131592
npmtpszgzs.mp4,0.9307308793067932
npmvipqgsl.mp4,0.9606766104698181
npmvwnakvt.mp4,0.8538377285003662
npnllumbmi.mp4,0.9415935277938843
npntekdlue.mp4,0.9299542903900146
npovcpwcsg.mp4,0.08118442445993423
npowjyfbiv.mp4,0.51133793592453
nppczasfbk.mp4,0.7838099598884583
npphoktpnv.mp4,0.90943843126297
npppxzljbd.mp4,0.7128241062164307
nppykegcai.mp4,0.856823205947876
npqfnxhfbu.mp4,0.9421087503433228
npqipwrwon.mp4,0.16360238194465637
npsnpdjcux.mp4,0.19666562974452972
npthgupiqh.mp4,0.8557765483856201
nptmqvfuhz.mp4,0.8069030046463013
nptxjldsws.mp4,0.888088047504425
npummsmkbt.mp4,0.9394548535346985
npuqwhbzut.mp4,0.7145953178405762
npvhjcjgdp.mp4,0.1869327276945114
npvwsnmpqt.mp4,0.08142878115177155
npwanvonrz.mp4,0.6832229495048523
npxjgwchlb.mp4,0.16401374340057373
npxnwwuvqh.mp4,0.9859729409217834
npxtahzueo.mp4,0.10431898385286331
npyvfrhxjn.mp4,0.7589402198791504
npyvifjggf.mp4,0.8000562787055969
npzidjrmup.mp4,0.2908119261264801
npzsekxhjd.mp4,0.43680325150489807
nqastlnxgw.mp4,0.7384052276611328
nqcammjhwz.mp4,0.9041999578475952
nqctdktbtb.mp4,0.1404765248298645
nqdaltgxlr.mp4,0.6907102465629578
nqdddxgokr.mp4,0.9013861417770386
nqesppbjpt.mp4,0.8121709227561951
nqeuzfqjif.mp4,0.9193669557571411
nqgzmlhrur.mp4,0.30254021286964417
nqibmvlhsu.mp4,0.08116643875837326
nqiopzupqx.mp4,0.9291126132011414
nqismrrwiz.mp4,0.9868035316467285
nqjffgwbes.mp4,0.9399446845054626
nqjnrvypxs.mp4,0.08959068357944489
nqlxvtyjjs.mp4,0.9784565567970276
nqlybpayjm.mp4,0.9117242097854614
nqnhkzezvj.mp4,0.10200190544128418
nqoygqqyby.mp4,0.9194521307945251
nqplvlygic.mp4,0.9480919241905212
nqptouihyw.mp4,0.13709309697151184
nqpxmavjit.mp4,0.9363699555397034
nqqmevnerb.mp4,0.7135710716247559
nqqojagqeg.mp4,0.8226819634437561
nqqomjbdyl.mp4,0.07708629220724106
nqqrqoodbv.mp4,0.9690575003623962
nqqrxhcpdt.mp4,0.8192587494850159
nqrmezvxnm.mp4,0.29849734902381897
nqszeemevi.mp4,0.6542719602584839
nqtnjisjmh.mp4,0.9502802491188049
nqtnlgswmi.mp4,0.07277614623308182
nqwckyaaph.mp4,0.9210026860237122
nqwkmhbiuu.mp4,0.14190401136875153
nqxkmokygc.mp4,0.14241230487823486
nqxuzmcqol.mp4,0.9420967698097229
nqynuhnklk.mp4,0.07557109743356705
nqzambflwv.mp4,0.9678890705108643
nqzoedoidj.mp4,0.8825114965438843
nqzpvwyeni.mp4,0.9065804481506348
nrahftzzny.mp4,0.9848686456680298
nrahlhmrbk.mp4,0.8391869068145752
nrapipcizp.mp4,0.9147000908851624
nraxrkbbdy.mp4,0.8719363212585449
nrbzfxrzun.mp4,0.9346462488174438
nrdvdjropz.mp4,0.9078158140182495
nrecykduyh.mp4,0.6480201482772827
nreekohhwx.mp4,0.9324889779090881
nreerhgakh.mp4,0.9324912428855896
nrejfcjyvn.mp4,0.7990910410881042
nrensguenu.mp4,0.1194862425327301
nreowcfxki.mp4,0.7894814014434814
nrfwrjlnfz.mp4,0.1596088707447052
nrgkltaqrm.mp4,0.46801653504371643
nrgljucorv.mp4,0.5404999852180481
nrhekachxa.mp4,0.9570889472961426
nrhgbhqixu.mp4,0.06998346000909805
nrhuaxmaei.mp4,0.9186893105506897
nriugrowxm.mp4,0.7889758944511414
nrjiegycif.mp4,0.9446718096733093
nrkfnwfmmq.mp4,0.09038302302360535
nrkhloopau.mp4,0.9303375482559204
nrkvsrekbo.mp4,0.8209748268127441
nrllfjreds.mp4,0.8991739153862
nrloxsqltq.mp4,0.9507448077201843
nrlptdimhy.mp4,0.9536215662956238
nrlztzipqm.mp4,0.6242167353630066
nrneuuirjq.mp4,0.49727001786231995
nrorzygitl.mp4,0.5562429428100586
nrosulgdaa.mp4,0.33343955874443054
nrpjiatbhb.mp4,0.1991136372089386
nrqiqmracd.mp4,0.6189519166946411
nrqvxmfaih.mp4,0.39898496866226196
nrscfrjxpb.mp4,0.9174211025238037
nrtogvzsfv.mp4,0.934141993522644
nrtvbpnsvs.mp4,0.9302399158477783
nrtwlhektm.mp4,0.8351214528083801
nrupdzgtot.mp4,0.7276687622070312
nrvcafkbxc.mp4,0.7754912376403809
nrvnsoucor.mp4,0.93874591588974
nrwcfhbqgx.mp4,0.9332988858222961
nrwcufxspx.mp4,0.7761049270629883
nrwfmqnbfg.mp4,0.7873064279556274
nrwwdsrilc.mp4,0.9842329621315002
nrxsqtqdrd.mp4,0.7995925545692444
nrxxnkagdt.mp4,0.8767880797386169
nryitiqdwj.mp4,0.8466882705688477
nryzsamlcc.mp4,0.9390572905540466
nrzouuwyke.mp4,0.7596942186355591
nrzrjlloaa.mp4,0.9724858403205872
nrzxgzsvyt.mp4,0.2678101360797882
nsaucwfsni.mp4,0.842988908290863
nsavbywhlu.mp4,0.5535826086997986
nsbexvztiz.mp4,0.9752779603004456
nscwodwptx.mp4,0.8792587518692017
nsfxduzgxe.mp4,0.7183329463005066
nsgjhdfnel.mp4,0.8821236491203308
nsgrfxfgzx.mp4,0.9725555777549744
nsjtrpiibq.mp4,0.9534997940063477
nsklzemzdh.mp4,0.9010282158851624
nskodlffxd.mp4,0.6645025014877319
nslahfiahv.mp4,0.5892530679702759
nslxkqcpyj.mp4,0.7802820205688477
nsmquvcfsa.mp4,0.9095843434333801
nsohfcgsxk.mp4,0.9376516342163086
nsozqvhalr.mp4,0.11060065776109695
nspjujjjvq.mp4,0.7986813187599182
nsqznrirkq.mp4,0.9794697165489197
nssmzulvqc.mp4,0.10024905204772949
nssszcymey.mp4,0.7608170509338379
nsufkociux.mp4,0.10557571053504944
nsuxqkbstm.mp4,0.8991630673408508
nsvhzrlnys.mp4,0.7399886846542358
nsvjutkfsd.mp4,0.43744856119155884
nsvqkdtcth.mp4,0.9588788151741028
nsvqqhqyez.mp4,0.8910024166107178
nswmgtflfq.mp4,0.8461385369300842
nswyxycnuc.mp4,0.9478940963745117
nswzlobimy.mp4,0.8109368681907654
nsxelihgsi.mp4,0.9417330026626587
nsxvwdqedk.mp4,0.742063045501709
nsxyamblpl.mp4,0.9278196096420288
nsybnsfnbv.mp4,0.8976470232009888
nsyebcpbtr.mp4,0.9196394681930542
nsypyinhvp.mp4,0.9488586783409119
nsysyqeexx.mp4,0.9047740697860718
nszhfynfla.mp4,0.9010121822357178
nszqdgagcm.mp4,0.9069010615348816
nszuwmjcoy.mp4,0.959169864654541
nszylqzkqy.mp4,0.8748590350151062
ntaqujyzes.mp4,0.9006606340408325
ntbsgdskdt.mp4,0.6644291877746582
ntcfyojagi.mp4,0.0785786509513855
ntddrnimyn.mp4,0.9255383014678955
ntdmumievw.mp4,0.9552045464515686
ntdtubxayn.mp4,0.9145498275756836
ntefdatbyi.mp4,0.8976709842681885
ntewtdnlzp.mp4,0.9323133230209351
ntfjkxwfqt.mp4,0.804137647151947
ntfnqcgfkg.mp4,0.7503170371055603
ntfzzevqkw.mp4,0.06015048548579216
ntgbrgihst.mp4,0.5310533046722412
ntgfnmjssx.mp4,0.9364697337150574
ntgqxpnxps.mp4,0.9599752426147461
ntgrzfrfae.mp4,0.045675668865442276
ntgwsllyez.mp4,0.7873491048812866
nthdwymnqx.mp4,0.7939497828483582
nthlmvjxac.mp4,0.08251362293958664
nthojjycja.mp4,0.10290389508008957
nthoozcwom.mp4,0.9251445531845093
ntjlrxljey.mp4,0.20585228502750397
ntjrfucfrj.mp4,0.5700485110282898
ntjroriout.mp4,0.8464208841323853
ntkahhxqha.mp4,0.9527909755706787
ntklfrjzeq.mp4,0.9300631880760193
ntlzabqwkd.mp4,0.9078598022460938
ntmellhygi.mp4,0.9313405752182007
ntmlwvaxps.mp4,0.18025849759578705
ntmndmbccv.mp4,0.9026481509208679
ntnkyyqged.mp4,0.9036946296691895
ntoaoupwxq.mp4,0.32572534680366516
ntqzfgmhnj.mp4,0.9168621301651001
ntrnnutlwl.mp4,0.8510745167732239
ntsdlgbqhp.mp4,0.12814092636108398
ntssjzspmo.mp4,0.8902074694633484
ntstgfpnxb.mp4,0.9792134761810303
nttffkxnok.mp4,0.6257186532020569
nttnjwzaxh.mp4,0.9033950567245483
nttuvajych.mp4,0.9034419655799866
ntuhqblpqz.mp4,0.9095406532287598
ntuwypwqpn.mp4,0.7033264636993408
ntvhqlwgin.mp4,0.5467369556427002
ntvjivuwes.mp4,0.23467619717121124
ntvvvvhwdq.mp4,0.8937277793884277
ntvxqzlpke.mp4,0.8392201066017151
ntwgdzmyas.mp4,0.8845779299736023
ntxcgnddhp.mp4,0.8854274749755859
ntxghjjcal.mp4,0.9476492404937744
ntyhipqmnx.mp4,0.7506515979766846
ntyyvsnmks.mp4,0.9711995124816895
ntzbmwcatz.mp4,0.9016333222389221
ntzdddfzui.mp4,0.9106331467628479
ntzesquehy.mp4,0.6829329133033752
ntzghxinnx.mp4,0.883995771408081
ntzjpeycpc.mp4,0.6782269477844238
ntzksgkdxo.mp4,0.9253023862838745
ntzunomgei.mp4,0.09208250790834427
ntzxguqfnz.mp4,0.8910225033760071
ntzzprwarc.mp4,0.6424579620361328
nuayllevfl.mp4,0.05993283912539482
nubbvxsmcn.mp4,0.9789499044418335
nubljfajla.mp4,0.6750526428222656
nucezildwg.mp4,0.05653746426105499
nucqorkejg.mp4,0.9190719723701477
nucrfmvtcm.mp4,0.6633521914482117
nucthtkfvg.mp4,0.9835202097892761
nudavmlpkv.mp4,0.8751567602157593
nuessblxds.mp4,0.20989935100078583
nufdwjhmym.mp4,0.6850377321243286
nufudxdzir.mp4,0.05531487613916397
nugkfydnpf.mp4,0.8040345311164856
nugvcomfet.mp4,0.8898783922195435
nuhencoeic.mp4,0.07307200133800507
nuhmeanhpu.mp4,0.08798033744096756
nuhsewhqke.mp4,0.8488417267799377
nuihrezbty.mp4,0.94657963514328
nuilcvfbub.mp4,0.18192565441131592
nuinncmjhp.mp4,0.049524784088134766
nuitrhnxaz.mp4,0.7115915417671204
nujenczvyk.mp4,0.8371508717536926
nujhgmhtmr.mp4,0.07857055217027664
nujpgxavmm.mp4,0.5236232876777649
nukidmlrif.mp4,0.8780527710914612
nukkvsnszt.mp4,0.9445462822914124
nukljlrzti.mp4,0.8968744277954102
nuknrhaizy.mp4,0.9096660017967224
nukrjhjreq.mp4,0.17203080654144287
nulfeatedd.mp4,0.6242049932479858
nulnignjni.mp4,0.6561391353607178
numtjfjzcp.mp4,0.8504945635795593
nunjcarakf.mp4,0.9504973292350769
nuntivxdpf.mp4,0.8472192883491516
nuoivcqmpo.mp4,0.9758442640304565
nuonfkbcjq.mp4,0.940295398235321
nuosmaivve.mp4,0.9573403000831604
nupkeclpvx.mp4,0.9526792764663696
nupmnrytuy.mp4,0.7507560849189758
nuqocwxdpe.mp4,0.952789843082428
nussrkyuzy.mp4,0.9054585099220276
nutxpqqfka.mp4,0.7771331667900085
nutyeqzuex.mp4,0.250808447599411
nuumleudbr.mp4,0.870326578617096
nuvdbubaaz.mp4,0.9075090885162354
nuwypcyftm.mp4,0.07809317857027054
nuwznpojpl.mp4,0.9057732224464417
nuxmwtgveu.mp4,0.9517379999160767
nuyjmlcfse.mp4,0.9865039587020874
nuzbbjlaed.mp4,0.5239397287368774
nuzkysrxqg.mp4,0.9808387756347656
nuzlbjavcd.mp4,0.08714628964662552
nvaovmezke.mp4,0.9321262240409851
nvarnevska.mp4,0.9647960662841797
nvbaqvriaf.mp4,0.8988453149795532
nvdhqlbqlr.mp4,0.8917983770370483
nvdlipgrjp.mp4,0.728230893611908
nvegneixhd.mp4,0.9394264817237854
nvezjvkfbu.mp4,0.7437458634376526
nvfeurolww.mp4,0.8731504082679749
nvfppusmdg.mp4,0.9323764443397522
nvfrljnvwe.mp4,0.94581538438797
nvgeelmvgd.mp4,0.37897685170173645
nvgrtyokmz.mp4,0.6908372640609741
nvgyxlqavb.mp4,0.9611719250679016
nvhosphkdk.mp4,0.9221796989440918
nvhpqcogwj.mp4,0.9315629005432129
nviqansysv.mp4,0.8396764397621155
nvjlkudcgs.mp4,0.8331133723258972
nvjryupimn.mp4,0.8983922600746155
nvkbbgsiju.mp4,0.07298708707094193
nvkzpexyzg.mp4,0.7314780950546265
nvllpjeryv.mp4,0.27264806628227234
nvlzpldvqm.mp4,0.912916898727417
nvmkjnfdss.mp4,0.9883013367652893
nvmmvpfesr.mp4,0.9426897764205933
nvmouwwlqw.mp4,0.7928075790405273
nvnrdguvoa.mp4,0.0746363028883934
nvoshqrlzq.mp4,0.935981035232544
nvoxusmktd.mp4,0.6225416660308838
nvpspxabqh.mp4,0.9353525042533875
nvptcoxzah.mp4,0.11880272626876831
nvpurgnotz.mp4,0.48083120584487915
nvpxlfgkep.mp4,0.06390038877725601
nvrjfquioy.mp4,0.11813773214817047
nvrlpyydkz.mp4,0.9192861318588257
nvrnvrqqch.mp4,0.9351261258125305
nvrvwenaka.mp4,0.46435263752937317
nvsecbicpr.mp4,0.9064599871635437
nvsgjptpyl.mp4,0.5985561609268188
nvslsuynsq.mp4,0.6544075012207031
nvtcrgsmky.mp4,0.9302566051483154
nvtlghsqlw.mp4,0.6328821778297424
nvtqvmwpoq.mp4,0.9454959630966187
nvwgwfghgl.mp4,0.8285843729972839
nvwshdfbpl.mp4,0.8450520038604736
nvyubogqjt.mp4,0.6369203925132751
nvzepplmum.mp4,0.7675219178199768
nvzmqiohes.mp4,0.977086067199707
nvzuvfktkn.mp4,0.3057296872138977
nwakxhfqhx.mp4,0.9578141570091248
nwazybtjqh.mp4,0.9732667803764343
nwbltpwrly.mp4,0.9128897786140442
nwbuqdfaym.mp4,0.9082753658294678
nwbwmvbsmd.mp4,0.9663743376731873
nwbwxejtov.mp4,0.7745603322982788
nwbxbahmrl.mp4,0.9571354985237122
nwbyeexinp.mp4,0.7609464526176453
nwcgptkxrv.mp4,0.6147639155387878
nwcjuolyzc.mp4,0.9762651324272156
nwcluqjiyl.mp4,0.8725273609161377
nwedfeohwd.mp4,0.9165241122245789
nwequzggbv.mp4,0.8777023553848267
nweuuovoaa.mp4,0.6557196974754333
nwfhiittig.mp4,0.7999112606048584
nwfplcjnen.mp4,0.953338086605072
nwfprtqvlb.mp4,0.9488102197647095
nwgaqkjmki.mp4,0.9512289762496948
nwgdmwhaik.mp4,0.6175505518913269
nwggcjdzxf.mp4,0.9182460308074951
nwgwuxpztr.mp4,0.8279315233230591
nwherawboe.mp4,0.9630653262138367
nwiducncsk.mp4,0.9895192980766296
nwinjfdyjv.mp4,0.9055109024047852
nwinoueqyn.mp4,0.9066052436828613
nwiqrbitkj.mp4,0.9633963108062744
nwjfvfmzps.mp4,0.889731228351593
nwjmjtqccp.mp4,0.1671113222837448
nwlbqrgbic.mp4,0.915700376033783
nwlzgfrgxg.mp4,0.9155898094177246
nwmleiuhpu.mp4,0.9079522490501404
nwmtwtovds.mp4,0.627494752407074
nwmukdplmc.mp4,0.9090257287025452
nwnmvpzmws.mp4,0.960790753364563
nwoyzwczsf.mp4,0.10109544545412064
nwpjfdronk.mp4,0.9488512277603149
nwppyufqfc.mp4,0.8587302565574646
nwqacsqelt.mp4,0.9485375881195068
nwqoxdruen.mp4,0.9112806916236877
nwqvacaoxx.mp4,0.9529433846473694
nwrektpeut.mp4,0.8578340411186218
nwrioylyfa.mp4,0.7253690958023071
nwrmvgztnf.mp4,0.8880384564399719
nwrwgeymzv.mp4,0.3388231098651886
nwseytwegi.mp4,0.8684889674186707
nwtxntdwsd.mp4,0.904553234577179
nwusthgoam.mp4,0.7612027525901794
nwvcnmhzkv.mp4,0.9278659820556641
nwvtbjcvsd.mp4,0.4261534810066223
nwvzszmcso.mp4,0.03611411154270172
nwwrhedlhc.mp4,0.9054546356201172
nwwtcqrkgx.mp4,0.9791319370269775
nwxgvwpzay.mp4,0.9315780401229858
nwydxizggu.mp4,0.8562880754470825
nwywllzwgc.mp4,0.867060661315918
nwyynkkngk.mp4,0.8044076561927795
nwzhvrblqt.mp4,0.9417654275894165
nwzvlzuweg.mp4,0.8109220266342163
nxanysfxgs.mp4,0.6143983006477356
nxbhwochud.mp4,0.5823944807052612
nxbqzrfgtj.mp4,0.9249094128608704
nxbufaxyzg.mp4,0.8705921173095703
nxbugavqfh.mp4,0.9222497344017029
nxczwowbna.mp4,0.7265041470527649
nxdilovogq.mp4,0.9796447157859802
nxeazxbofa.mp4,0.07758087664842606
nxenrjcfjf.mp4,0.8978379368782043
nxepolnpgo.mp4,0.9608300924301147
nxgmjfgtjy.mp4,0.8875086307525635
nxgmqlbfkl.mp4,0.9091662764549255
nxgvforigs.mp4,0.4697730541229248
nxhbjdrosg.mp4,0.3288617730140686
nxibzxvypr.mp4,0.9471587538719177
nxihjsvfwo.mp4,0.5796539187431335
nxijklmnev.mp4,0.7305431365966797
nxioraqqoe.mp4,0.17280696332454681
nxjlzvthfa.mp4,0.908361554145813
nxjrucsptp.mp4,0.48658862709999084
nxjzjiposq.mp4,0.9817366003990173
nxkszdswaq.mp4,0.39639604091644287
nxkwviyyhu.mp4,0.9871269464492798
nxkyciqhab.mp4,0.3318919539451599
nxlkhvpijm.mp4,0.9536648392677307
nxlmreahhi.mp4,0.9216605424880981
nxlwghipqa.mp4,0.9256410002708435
nxmprxgaiy.mp4,0.8724833726882935
nxmwhvjrvf.mp4,0.1416347771883011
nxnnkufvoz.mp4,0.8789792060852051
nxnsmqjnqk.mp4,0.5714895725250244
nxobpksauw.mp4,0.06721552461385727
nxobvhrpab.mp4,0.8847131133079529
nxokyagjyh.mp4,0.9218983054161072
nxoofsqiit.mp4,0.42955338954925537
nxpasusupk.mp4,0.9279549717903137
nxpcjfmeib.mp4,0.8855077028274536
nxstqqaexq.mp4,0.8775949478149414
nxtcsqmibe.mp4,0.6694720387458801
nxtggqnpdr.mp4,0.9156392216682434
nxtsawqotg.mp4,0.06613467633724213
nxubdebuwq.mp4,0.12358269840478897
nxudkrhkzm.mp4,0.8352617025375366
nxuypaqrse.mp4,0.9536900520324707
nxvdbatskc.mp4,0.06916268914937973
nxvxmphdol.mp4,0.26214802265167236
nxwgpssriy.mp4,0.4385984241962433
nxwnpxpyzg.mp4,0.9748303890228271
nxwwommfst.mp4,0.8670541048049927
nxwywidxjb.mp4,0.9771828055381775
nxxicqsjsd.mp4,0.8618015050888062
nxximtsmar.mp4,0.8799154758453369
nxxktzrwie.mp4,0.4170595705509186
nyajttovbx.mp4,0.8795412182807922
nyaxmngtmk.mp4,0.6961240768432617
nyayqkqtre.mp4,0.5996881723403931
nybbxyzmox.mp4,0.9194477200508118
nyborsczcr.mp4,0.43984928727149963
nybubisgar.mp4,0.043408602476119995
nybutishxr.mp4,0.8969219923019409
nybzfwuddi.mp4,0.6049514412879944
nycsejabqm.mp4,0.8744990825653076
nydllwdktl.mp4,0.07117415219545364
nyduwflrzb.mp4,0.9104782938957214
nyefmfbsmb.mp4,0.787116289138794
nyfcbktuoy.mp4,0.24241624772548676
nyghtjodio.mp4,0.5541402101516724
nygraqccsy.mp4,0.052815426141023636
nyhauisjuh.mp4,0.9872928261756897
nyhietkbdm.mp4,0.914274275302887
nyibnxwblj.mp4,0.8882163166999817
nyixyzcnhv.mp4,0.9207810759544373
nyjqqdnzdn.mp4,0.8666622638702393
nyjuzbmgmj.mp4,0.9201588034629822
nyjxveffwj.mp4,0.9765142202377319
nykfckrlki.mp4,0.2773388624191284
nylaahxmbf.mp4,0.42884019017219543
nylzkdswth.mp4,0.6381633281707764
nymsmmqenu.mp4,0.9716653227806091
nyoossxsjk.mp4,0.42725080251693726
nyoydluvhp.mp4,0.9207889437675476
nyoyrufezb.mp4,0.9115638136863708
nypcdllnnq.mp4,0.9571799039840698
nypgafnmnd.mp4,0.9355165958404541
nyqooevati.mp4,0.7841758728027344
nyrbawwubp.mp4,0.4633009731769562
nytizeqavr.mp4,0.9808887839317322
nytqjpizty.mp4,0.07486443221569061
nyukgmudmb.mp4,0.9754606485366821
nyuklzgkcw.mp4,0.053503796458244324
nyutzyhxvm.mp4,0.42233800888061523
nyvifevxlh.mp4,0.8627298474311829
nyvzzgsyae.mp4,0.9731906056404114
nywafxuwcs.mp4,0.9813982248306274
nywphgcvmv.mp4,0.9638630151748657
nyxzclwvmr.mp4,0.8032437562942505
nyypvkmqsg.mp4,0.06977640837430954
nyysglnjxl.mp4,0.8366193175315857
nyyyofcysx.mp4,0.4400581121444702
nyzenatvho.mp4,0.28624457120895386
nyzgkefwxf.mp4,0.8958777785301208
nyzppfjfxo.mp4,0.7491247653961182
nyzytczwrf.mp4,0.3142121434211731
nzaofzwzzg.mp4,0.8538909554481506
nzcmxhwdrw.mp4,0.9476686716079712
nzdvbsiecc.mp4,0.4560525417327881
nzebweshcr.mp4,0.07222786545753479
nzepxsbotb.mp4,0.05528341978788376
nzfedneure.mp4,0.9245629906654358
nzfezmyinv.mp4,0.8516489267349243
nzhbxkycpx.mp4,0.9393924474716187
nzhlwidapj.mp4,0.08767323195934296
nzhrnqrbum.mp4,0.5
nzjrdhejrt.mp4,0.8670861721038818
nzjvsfyonv.mp4,0.9555065631866455
nzkdgmimzf.mp4,0.8939001560211182
nzkuzdblea.mp4,0.6948847770690918
nzlikttaft.mp4,0.9058973789215088
nzlxgtpfja.mp4,0.911298930644989
nzmeuitznn.mp4,0.07105081528425217
nzmrqscwsn.mp4,0.9410443305969238
nznlluqvvg.mp4,0.9208722114562988
nzoodavizv.mp4,0.3791539669036865
nzpitnljll.mp4,0.10032171756029129
nzqbzbywvr.mp4,0.8778730630874634
nzqygjbbsq.mp4,0.8573954105377197
nzrlgvnhvd.mp4,0.4385571777820587
nzrzqviayc.mp4,0.885746955871582
nzsbpkufpd.mp4,0.29627054929733276
nzsegwqmiz.mp4,0.880207896232605
nzsoelkgcx.mp4,0.7853666543960571
nztipmihht.mp4,0.7351247668266296
nzuniynsua.mp4,0.9651157259941101
nzvriijisz.mp4,0.621746838092804
nzwajxdjed.mp4,0.9824997186660767
nzwbrzpoqs.mp4,0.7213330268859863
nzwqstlacm.mp4,0.20678886771202087
nzxdgjqehb.mp4,0.9535651803016663
nzxdqcayyg.mp4,0.8671407103538513
nzxnsyruzo.mp4,0.8715831637382507
nzxstxsdvl.mp4,0.5980312824249268
nzzafcoiua.mp4,0.9574254155158997
nzzbquenvu.mp4,0.9155012369155884
nzzhokxgyu.mp4,0.9360984563827515
nzzwtmalua.mp4,0.3034968972206116
oaaokbhdwl.mp4,0.8923506736755371
oaavxofgkz.mp4,0.23793858289718628
oabbdqgsap.mp4,0.07567590475082397
oabgudxxol.mp4,0.9707657098770142
oabhokdrqd.mp4,0.9706348180770874
oabivrxlzi.mp4,0.9890345931053162
oabnwnlywr.mp4,0.9054877161979675
oachchcaxc.mp4,0.9186418652534485
oacngxsqxf.mp4,0.767215371131897
oacylwoldp.mp4,0.2202758938074112
oadgeyvzxs.mp4,0.6897910833358765
oadqkzlwyw.mp4,0.6078426837921143
oadqnabrke.mp4,0.7948347330093384
oaeflbjiiq.mp4,0.938819944858551
oaetdjquxr.mp4,0.05212997645139694
oafhptuosi.mp4,0.04994717612862587
oafvglmknj.mp4,0.08761728554964066
oahewwpdxq.mp4,0.0710606649518013
oahsnmmqeh.mp4,0.9350528120994568
oajvmnnxal.mp4,0.7812873721122742
oajykosmjr.mp4,0.7367047071456909
oakeurzxww.mp4,0.9036082625389099
oakowznniw.mp4,0.9019022583961487
oalgcmabfc.mp4,0.9707455039024353
oalnjgsxzg.mp4,0.46139439940452576
oalztsxhbl.mp4,0.9085939526557922
oamysrdywr.mp4,0.9450302124023438
oaoyqlemqa.mp4,0.9254387021064758
oapgceqolw.mp4,0.06115015223622322
oaptmwroki.mp4,0.06628935784101486
oapvypyift.mp4,0.9132943749427795
oapxsoaoyr.mp4,0.939776599407196
oaqqtgvelv.mp4,0.8227567076683044
oaqvjtwkww.mp4,0.9472865462303162
oaqwwpvsjn.mp4,0.08781890571117401
oarptxjwlm.mp4,0.6661142706871033
oashvrqssi.mp4,0.08381731808185577
oasmcsdjnh.mp4,0.3355467617511749
oaubboazvv.mp4,0.12284442782402039
oaubuajywo.mp4,0.807411789894104
oauslnwtyg.mp4,0.6254931092262268
oautoycxiv.mp4,0.9510794281959534
oauuzdtdaw.mp4,0.8350171446800232
oavhkxwsrw.mp4,0.07226268202066422
oavnkntrmz.mp4,0.9852378964424133
oavxesqhyx.mp4,0.6758453249931335
oaxtrmbycy.mp4,0.5948781371116638
oayizefyhv.mp4,0.9379223585128784
obahajvqzm.mp4,0.09978491812944412
obbueeynyi.mp4,0.7059643864631653
obcebdiwzg.mp4,0.20606951415538788
obfbakmdnz.mp4,0.28714990615844727
obhazawiur.mp4,0.38407281041145325
obhggjbeji.mp4,0.6997132897377014
obhwrfyddp.mp4,0.9478052258491516
obhwstittv.mp4,0.09197420626878738
obidcuzvef.mp4,0.0901879072189331
obidvhxtjn.mp4,0.8368783593177795
obinbbzleu.mp4,0.6823868751525879
obisomyeum.mp4,0.8488710522651672
obitzopumq.mp4,0.8277381658554077
objbpuofjo.mp4,0.24997495114803314
objkjmlipn.mp4,0.7589239478111267
obkcsjsjco.mp4,0.10389787703752518
obldhnnnlh.mp4,0.842036247253418
oblzkknkne.mp4,0.818702220916748
obmfjpwhgs.mp4,0.7825793027877808
obnlewylpd.mp4,0.9368653893470764
obnnyjtchk.mp4,0.9257916808128357
obnzojzvte.mp4,0.8708972334861755
obothmujgr.mp4,0.8701030611991882
obowzjzjxr.mp4,0.8532150983810425
obqbrzsxul.mp4,0.9540278315544128
obqkepmnkz.mp4,0.8994318842887878
obqooawsdf.mp4,0.9720696806907654
obqxzmncak.mp4,0.9717117547988892
obrbjarzaz.mp4,0.9132492542266846
obrchniwrr.mp4,0.8892561197280884
obrfqxsnnw.mp4,0.35064172744750977
obrmbvxnoc.mp4,0.11493662744760513
obskacwhna.mp4,0.8505945205688477
obstnesxmq.mp4,0.9265677332878113
obtflqoldv.mp4,0.6244797706604004
obtizvjhmw.mp4,0.21068881452083588
obtwefmgln.mp4,0.6885271072387695
obubkmtiff.mp4,0.7103255987167358
obucsppuqo.mp4,0.9135954976081848
obuginrbzn.mp4,0.8809776306152344
obuhqzjnnu.mp4,0.7186312675476074
obutchbzkp.mp4,0.20313960313796997
obvczqhpzx.mp4,0.9634585380554199
obvxnormtu.mp4,0.8371566534042358
obwfugpccr.mp4,0.23177896440029144
obwxvosvux.mp4,0.9364668130874634
obwzdemdvz.mp4,0.9481582641601562
obxkclcnia.mp4,0.9172354340553284
obycbfbqoq.mp4,0.8348121643066406
obyovynrza.mp4,0.05579327791929245
obzdynopsw.mp4,0.9046027660369873
ocbcrvubib.mp4,0.7093650698661804
occelhylxf.mp4,0.5809541940689087
occkpccqxi.mp4,0.9807140827178955
occmsbebjn.mp4,0.9479560256004333
occrrsyizc.mp4,0.055608704686164856
ocehtmvojg.mp4,0.21576741337776184
oceigzllhv.mp4,0.4046289920806885
ocepjalpaa.mp4,0.9321421980857849
ocerfumosk.mp4,0.06782465428113937
ocevdiqfqa.mp4,0.3100338876247406
ocfdulocfq.mp4,0.6622906923294067
ocfmurwlqo.mp4,0.9567673206329346
ocfpjywqfh.mp4,0.5898911952972412
ocfwzgzwfu.mp4,0.7099855542182922
ocgfovgiaf.mp4,0.7155554294586182
ocgyxshvhp.mp4,0.9304438829421997
ochecdqslx.mp4,0.8912610411643982
ochwalfmnm.mp4,0.7055596709251404
ochzczbwxz.mp4,0.04225391149520874
ochzghrhsm.mp4,0.9269981980323792
ociaviunty.mp4,0.8540505766868591
ocikupktlc.mp4,0.9170934557914734
ocjvhqqraw.mp4,0.5752336978912354
ocjyxxfhfq.mp4,0.04277428612112999
ockavxfckg.mp4,0.1858997642993927
ockbzpictw.mp4,0.7313281297683716
ockrccvkou.mp4,0.9166131615638733
oclrnfzqdg.mp4,0.8016179800033569
ocnanobhym.mp4,0.9130842685699463
ocnddjvlvz.mp4,0.9872331023216248
ocngufnlua.mp4,0.955475926399231
ocnmnsqwsg.mp4,0.6334532499313354
ocnrycgmwm.mp4,0.2628919780254364
ocokqlgxts.mp4,0.08468171954154968
ocolvabpqf.mp4,0.5333163738250732
ocoyaadhps.mp4,0.967171311378479
ocpyqooapk.mp4,0.9159353971481323
ocqcewwett.mp4,0.9125165343284607
ocqgxxuetm.mp4,0.9172618985176086
ocqiogozeg.mp4,0.4913594424724579
ocqswvkfyt.mp4,0.9050468802452087
ocrxwhvuaa.mp4,0.9731844663619995
ocsqqqduxx.mp4,0.056789714843034744
ocsrqixtjk.mp4,0.06318554282188416
ocsyicjyqb.mp4,0.9035130739212036
octjyydyur.mp4,0.5132837891578674
octqkaomhs.mp4,0.8683956861495972
ocubcfshnn.mp4,0.9785497188568115
ocuiuronrp.mp4,0.5863378047943115
ocunhzszxa.mp4,0.9020834565162659
ocuunzfabh.mp4,0.8791105151176453
ocvainmgfr.mp4,0.17282044887542725
ocvnznifcn.mp4,0.5352588295936584
ocvwmcwyqd.mp4,0.869276762008667
ocwazmnydh.mp4,0.9466280937194824
ocwkmbqfuh.mp4,0.7953683733940125
ocwvbbwbpe.mp4,0.9222524762153625
ocxdmxtdll.mp4,0.6488448977470398
ocxwmnqnlc.mp4,0.8690410256385803
ocxwpzhquq.mp4,0.8423848152160645
ocylvuufjf.mp4,0.8124704360961914
odadetjxno.mp4,0.9482005834579468
odakarlobu.mp4,0.9571130871772766
odayfkeaug.mp4,0.9692755937576294
odbcrtgmbt.mp4,0.9154996275901794
oddnirumzt.mp4,0.3078128695487976
oddrnqaysp.mp4,0.6947254538536072
oderfyngho.mp4,0.9281962513923645
odfecedxts.mp4,0.13278847932815552
odfhdogijr.mp4,0.8546780347824097
odfonacbrv.mp4,0.9472126960754395
odfrjlghze.mp4,0.8698825240135193
odgqjkmyls.mp4,0.8496909737586975
odhleyghtp.mp4,0.8900855779647827
odhmuveywb.mp4,0.8742731213569641
odhpbztful.mp4,0.772076427936554
odhtxuanhj.mp4,0.870635449886322
odhuywimgu.mp4,0.5176871418952942
odidbykbar.mp4,0.9237103462219238
odisbicvlp.mp4,0.8293032050132751
odjtvuqqwr.mp4,0.9404749870300293
odkfpcfnhs.mp4,0.4461213946342468
odkugnvwoe.mp4,0.8104300498962402
odlidgmzqf.mp4,0.9146891832351685
odlqdnztww.mp4,0.13841480016708374
odmcwgyvij.mp4,0.08527712523937225
odmeoekpyu.mp4,0.06472224742174149
odmnqqqdci.mp4,0.894271969795227
odmyurcpoj.mp4,0.9301899075508118
odoaqpcqtt.mp4,0.965670645236969
odosgkhpuy.mp4,0.9069890975952148
odpvfxmeiw.mp4,0.47966644167900085
odqyarcthr.mp4,0.9193909168243408
odqyqdbahn.mp4,0.9774515628814697
odrylsffts.mp4,0.9856449365615845
odsvmzheme.mp4,0.7604517340660095
odteugmftq.mp4,0.04448997229337692
odtvqwnjpi.mp4,0.8693975806236267
oduhqgthej.mp4,0.9417347311973572
oduwjsscjo.mp4,0.9689998030662537
odvencajnr.mp4,0.9007968306541443
odwmqazixr.mp4,0.8883429765701294
odwqisytvw.mp4,0.2866164743900299
odxdkangki.mp4,0.6503022313117981
odxtplwzjr.mp4,0.9200235605239868
odyphqfzdq.mp4,0.6756474375724792
odysiofrlk.mp4,0.9641909003257751
odzdvdsuds.mp4,0.8664816617965698
odzgkngaza.mp4,0.061419785022735596
odziwslvsf.mp4,0.9665126800537109
odzmxqcagj.mp4,0.871441125869751
oeagdxayvb.mp4,0.9734001159667969
oeamsogcjz.mp4,0.8863203525543213
oeaudrfgow.mp4,0.645828366279602
oebchwftht.mp4,0.8974031209945679
oebkdhhway.mp4,0.989891767501831
oebxywcmuo.mp4,0.19173727929592133
oeclfgftka.mp4,0.8040311932563782
oecnrpjefi.mp4,0.31934264302253723
oeedcefyoy.mp4,0.9299924373626709
oeemhayfji.mp4,0.6229416131973267
oeewrpfasi.mp4,0.7986201643943787
oefqufyium.mp4,0.8641136288642883
oefzonhfga.mp4,0.10952536761760712
oeggkuyylx.mp4,0.8374266624450684
oegtqqjnfs.mp4,0.9771762490272522
oejfypsbfh.mp4,0.7623385787010193
oejkvdjgqq.mp4,0.8615149259567261
oejowaknsm.mp4,0.9031586050987244
oejpioaacb.mp4,0.7347357869148254
oekdjsokkb.mp4,0.9040221571922302
oekeietccl.mp4,0.8655294179916382
oeldlagrwb.mp4,0.9277339577674866
oeldxwjovy.mp4,0.5385026335716248
oelleelbqj.mp4,0.969118595123291
oeluedpebu.mp4,0.9880738854408264
oelwmyflfz.mp4,0.8697189688682556
oelygwizii.mp4,0.8489724397659302
oemaqmmytc.mp4,0.19006946682929993
oemhtukett.mp4,0.9749558568000793
oempdlzpgq.mp4,0.966455340385437
oemzvcyivl.mp4,0.953441321849823
oenezghuwm.mp4,0.9574681520462036
oengjcryao.mp4,0.36946800351142883
oenjfwbhsr.mp4,0.9283815026283264
oennhuxorr.mp4,0.8573868274688721
oeochguxsd.mp4,0.6548905372619629
oepisgvvxh.mp4,0.9534964561462402
oeplwjlhxd.mp4,0.6246533989906311
oeprhtxhrg.mp4,0.9642525911331177
oepzkokdhg.mp4,0.5972379446029663
oeqelrusrs.mp4,0.8555252552032471
oeqjhgzeai.mp4,0.7409335374832153
oeqlaaaqvv.mp4,0.9289214015007019
oeqoihpmmw.mp4,0.8530794382095337
oeqtdzabkq.mp4,0.9556868076324463
oequguujid.mp4,0.4653538465499878
oeqwfljllr.mp4,0.871291995048523
oeremogflx.mp4,0.9602956771850586
oerogyatcq.mp4,0.8196493983268738
oertexvscw.mp4,0.9217608571052551
oeskgriyjz.mp4,0.9140251874923706
oesmmyhzmi.mp4,0.8294822573661804
oesrucmptw.mp4,0.9268449544906616
oessxyktpm.mp4,0.9765670299530029
oesupnlnll.mp4,0.9276986122131348
oetaeitgsz.mp4,0.916003942489624
oetgphffvn.mp4,0.9871373772621155
oetobrolei.mp4,0.4237945079803467
oetuazcxnk.mp4,0.9374850988388062
oetugfddxa.mp4,0.9065669178962708
oeuryhvguc.mp4,0.9057393670082092
oeuyjnboku.mp4,0.9897574186325073
oevdwgfpqc.mp4,0.853609025478363
oewhsmeags.mp4,0.26718074083328247
oewkovdhbl.mp4,0.9025911688804626
oewnsrjnmx.mp4,0.9014927744865417
oewutjgulw.mp4,0.9167569875717163
oeyftftnqi.mp4,0.9183613061904907
oeytdpzlze.mp4,0.922172486782074
ofalngcjis.mp4,0.8415114283561707
ofapaanpkl.mp4,0.11417977511882782
ofawekwuem.mp4,0.6600261330604553
ofayjatxtn.mp4,0.9900000095367432
ofbjiuemkr.mp4,0.2613622844219208
ofbkhvteqo.mp4,0.9603510499000549
ofcfgklehs.mp4,0.9681390523910522
ofcvzlmkyv.mp4,0.8312151432037354
ofcxcrbpab.mp4,0.7649379968643188
ofdauhdzah.mp4,0.8060941100120544
ofdolzwedv.mp4,0.8135236501693726
ofdrqgfvfs.mp4,0.8784432411193848
ofedxywxhw.mp4,0.9626269936561584
ofeivayznp.mp4,0.8218890428543091
ofejygejmx.mp4,0.8972852230072021
ofemahvmvm.mp4,0.1566660851240158
oferjryffj.mp4,0.8719652891159058
offfnshnnh.mp4,0.5835707783699036
ofgbvjcxuw.mp4,0.8927497863769531
ofggknmqii.mp4,0.9214041233062744
ofgkronoih.mp4,0.7942988276481628
ofgwamdaug.mp4,0.93187016248703
ofhfexlphk.mp4,0.8688388466835022
ofihciodof.mp4,0.9098595380783081
ofirliljrd.mp4,0.4053672254085541
ofjgkpwses.mp4,0.6300423741340637
ofkdyalzqw.mp4,0.9743832945823669
ofkrvdfhui.mp4,0.6429402232170105
ofkvhxpcya.mp4,0.8618348240852356
oflczrszkk.mp4,0.043769221752882004
ofliafjirm.mp4,0.9403954744338989
oflowrqucp.mp4,0.3563127815723419
oflpknfqyr.mp4,0.9644243121147156
ofmmfbprkn.mp4,0.6475970149040222
ofmrqfemne.mp4,0.07341987639665604
ofmuekczoo.mp4,0.3937944173812866
ofnkfgdvwx.mp4,0.8028967976570129
ofntcunuqn.mp4,0.06462378054857254
ofouaavqrm.mp4,0.525538980960846
ofprdcbhzf.mp4,0.8963763117790222
ofqhzkbvbh.mp4,0.9107775092124939
ofqjjqlkfc.mp4,0.8940771818161011
ofqwrvmvxg.mp4,0.9459131956100464
ofrapvpkpf.mp4,0.9738830924034119
ofrgxlvuww.mp4,0.8148163557052612
ofrivhedps.mp4,0.9015234112739563
ofrmvlfyxd.mp4,0.9518114924430847
ofrnkzpngq.mp4,0.4602150022983551
ofrxxtvzsv.mp4,0.9210199117660522
ofsxivhhcf.mp4,0.49796536564826965
ofullbozco.mp4,0.09513804316520691
ofuojttonr.mp4,0.8807927966117859
ofvgnqzscp.mp4,0.9068912863731384
ofwcnyyfpn.mp4,0.6209434866905212
ofwjyvgwnk.mp4,0.6662372350692749
ofwrcfcqqy.mp4,0.9647462964057922
ofwtafbdtp.mp4,0.9134771227836609
ofwvgwosbj.mp4,0.7975282669067383
ofxdydegsc.mp4,0.32403814792633057
ofxhxmkpob.mp4,0.9308964610099792
ofyxwsahdd.mp4,0.958204448223114
ogbdbwales.mp4,0.9718623757362366
ogdnngytni.mp4,0.12111081182956696
ogdvophhin.mp4,0.5695501565933228
ogefwsfivd.mp4,0.7576295733451843
ogeidkkcun.mp4,0.9105111360549927
ogesxrayqv.mp4,0.17766313254833221
ogesymxfqj.mp4,0.9200316667556763
ogfddtgjpx.mp4,0.06271515786647797
ogfnbktupy.mp4,0.8779867887496948
oggaudwerx.mp4,0.9695651531219482
oggcdaynjt.mp4,0.8822758793830872
oggjtmpnrb.mp4,0.9344677329063416
oghfaenvqv.mp4,0.6665071845054626
oghmjzhamx.mp4,0.922240674495697
oghquwifhu.mp4,0.9696827530860901
ogicrevvcp.mp4,0.7465112805366516
ogjesffbyz.mp4,0.805472195148468
ogjgcgjisu.mp4,0.9472441673278809
ogjiicvwia.mp4,0.5013353824615479
ogjkrvwany.mp4,0.07636409997940063
ogjninicit.mp4,0.9018491506576538
ogjolljnxx.mp4,0.8922927379608154
ogjpwwvpbw.mp4,0.9376567006111145
ogkrpzqwgv.mp4,0.8748248815536499
ogkskitjde.mp4,0.9217712879180908
ogkudilajs.mp4,0.8752283453941345
ogkxbszfbf.mp4,0.9681363701820374
oglspjpovz.mp4,0.7862117886543274
oglvuwidwh.mp4,0.9288834929466248
ogmsmygvus.mp4,0.8867207169532776
ogogeaooxh.mp4,0.7677849531173706
ogonirmuko.mp4,0.9489858150482178
ogoqbsdgjp.mp4,0.8745913505554199
ogpkdabaxm.mp4,0.9079669713973999
ogpkqhvhcf.mp4,0.8918944001197815
ogpngwmrkz.mp4,0.943874716758728
ogpszgkkgw.mp4,0.1330476999282837
ogpuoqgqut.mp4,0.09140612930059433
ogpxnrlwzk.mp4,0.940593421459198
ogqccjfncg.mp4,0.11727481335401535
ogqwlwvygf.mp4,0.8135640025138855
ogsettrepr.mp4,0.9723700284957886
ogsyjjxfop.mp4,0.9502539038658142
ogtkrijcdj.mp4,0.8814916014671326
ogtvdjlpbc.mp4,0.9539704322814941
ogtxnpejff.mp4,0.9568397998809814
ogtxytsich.mp4,0.8602842688560486
ogudhhrgqy.mp4,0.802819013595581
ogwedmpojq.mp4,0.05158291757106781
ogwvszpons.mp4,0.5923736691474915
ogxbhuwzmg.mp4,0.9320294260978699
ogxclikmst.mp4,0.6841241717338562
ogyampufzj.mp4,0.037536367774009705
ogygtbfkyz.mp4,0.9034286737442017
ogyhguoqxf.mp4,0.10172174125909805
ogykwizlya.mp4,0.8459751605987549
ogzrsddhur.mp4,0.8705372214317322
ogzsodcnba.mp4,0.9033405780792236
oharjasfhu.mp4,0.13068406283855438
ohavzsoals.mp4,0.9695395231246948
ohawblkxip.mp4,0.8802513480186462
ohbausoxyg.mp4,0.8939676880836487
ohbkwsxtfx.mp4,0.09555727243423462
ohbskyezon.mp4,0.8902504444122314
ohbyiroygz.mp4,0.9170191884040833
ohdnzyvfid.mp4,0.8678146600723267
ohdtmpzbtp.mp4,0.054158203303813934
oheaiioatv.mp4,0.36990877985954285
ohetfzyiao.mp4,0.17341294884681702
ohfghqdclk.mp4,0.9262942671775818
ohfpzxektl.mp4,0.9272235035896301
ohgkhfboyh.mp4,0.9259718656539917
ohgknoiuoa.mp4,0.9614750742912292
ohglebsevh.mp4,0.17322228848934174
ohgmtkasqp.mp4,0.9594458341598511
ohhaiqbles.mp4,0.8672094941139221
ohhczhtipb.mp4,0.7959330081939697
ohinkwamsv.mp4,0.9027091860771179
ohishpvvge.mp4,0.7845852375030518
ohjbwqchda.mp4,0.9163978695869446
ohjcblseuj.mp4,0.9855700731277466
ohjszilxwg.mp4,0.9572618007659912
ohkxgejaha.mp4,0.11610231548547745
ohljydoxfj.mp4,0.8444775938987732
ohlnqjxhyj.mp4,0.5726575255393982
ohmaazefwp.mp4,0.6902999877929688
ohmfaexocy.mp4,0.8332629203796387
ohmfgfvfxj.mp4,0.49417805671691895
ohmkmcfxul.mp4,0.8836371302604675
ohmvmcptwv.mp4,0.9762638211250305
ohnocvcnov.mp4,0.07345573604106903
ohnygpzimi.mp4,0.20543724298477173
ohocbeznct.mp4,0.9174178838729858
ohoezzotpe.mp4,0.9819602966308594
ohpfcuzddj.mp4,0.3834003210067749
ohppxnoecg.mp4,0.8320505023002625
ohqjbjsblu.mp4,0.8083792328834534
ohqjkinidb.mp4,0.9647426605224609
ohrawcomlc.mp4,0.7953469753265381
ohrgczqjfb.mp4,0.9554339051246643
ohscekcqjo.mp4,0.9657647609710693
ohsdhpxxky.mp4,0.6827119588851929
ohsjmlvxen.mp4,0.8055136799812317
ohspzuoxrq.mp4,0.9762086868286133
ohtxilfvgo.mp4,0.4983993470668793
ohuskpbrje.mp4,0.815618097782135
ohusujrkrv.mp4,0.04150451719760895
ohuxxtkdey.mp4,0.8141089081764221
ohvbhupyzz.mp4,0.9260660409927368
ohvfqwoxvy.mp4,0.5710922479629517
ohvgsowpbl.mp4,0.05423562228679657
ohvkhcckaw.mp4,0.42443475127220154
ohvtnavzpf.mp4,0.8846684694290161
ohvxhouikp.mp4,0.9747165441513062
ohwcabbcma.mp4,0.932581901550293
ohxjfjlxpv.mp4,0.07372216880321503
ohxsunoiye.mp4,0.9106246829032898
ohxyqfgtip.mp4,0.9522192478179932
ohyktzolom.mp4,0.9401131868362427
ohzmvxbaio.mp4,0.8446547389030457
ohzwoiqmmh.mp4,0.9252939820289612
ohzzhiodpi.mp4,0.9436056613922119
oiavasqizv.mp4,0.7354198694229126
oibiczyubz.mp4,0.44710564613342285
oibpqbpdkg.mp4,0.9501776695251465
oibrdhopxr.mp4,0.13660793006420135
oiccyggyxi.mp4,0.865129828453064
oicjcxhqyo.mp4,0.07901667803525925
oicwjiwxxt.mp4,0.9142024517059326
oidbaqvvcs.mp4,0.9638018012046814
oidksdtssc.mp4,0.947421133518219
oidotbypqr.mp4,0.8703718781471252
oidthpmdmt.mp4,0.8272106051445007
oifrfqrqyh.mp4,0.8897421360015869
oigekiwybj.mp4,0.9889035820960999
oiggmpkjfr.mp4,0.9323785305023193
oigqeiiuqb.mp4,0.9411426782608032
oigvsiqjoc.mp4,0.32468751072883606
oihpmxfmgn.mp4,0.869630753993988
oiivhktxgg.mp4,0.8983555436134338
oijkufnmzp.mp4,0.8533321022987366
oijocicvxu.mp4,0.9512649178504944
oijqjygibm.mp4,0.34343674778938293
oijxagsklo.mp4,0.8055894374847412
oilhrggdyj.mp4,0.901043713092804
oilkyyfage.mp4,0.9291813373565674
ointiyeyat.mp4,0.7195733785629272
oiobzkxhop.mp4,0.15754233300685883
oiocwfauot.mp4,0.3596550524234772
oiogrjbkjq.mp4,0.0508555993437767
oiohmvjvvk.mp4,0.259321928024292
oiolrsuabx.mp4,0.6258854866027832
oiompmerks.mp4,0.08408036082983017
oioxhypgrx.mp4,0.6699795126914978
oiozwvrdry.mp4,0.2610263228416443
oipfpxlzfo.mp4,0.9860981106758118
oipxtufbmu.mp4,0.974549412727356
oirxdvllpl.mp4,0.9224061965942383
oiseyvgouu.mp4,0.7207357287406921
oisrptbamr.mp4,0.37544727325439453
oitcqmvnsa.mp4,0.9487791657447815
oitockkykw.mp4,0.12913449108600616
oitqddnspw.mp4,0.915776252746582
oitsembcaw.mp4,0.9200190305709839
oittxxvlzx.mp4,0.939088761806488
oitxhwlgis.mp4,0.9633973240852356
oiucehczou.mp4,0.7120818495750427
oiveokjspk.mp4,0.39222535490989685
oiwgdplgju.mp4,0.9302501678466797
oiwjqfwrsf.mp4,0.9459105730056763
oiwvgfyplw.mp4,0.6311133503913879
oixcwrkzte.mp4,0.9696628451347351
oixjbwzqvn.mp4,0.0680166706442833
oixqnpxgza.mp4,0.972372829914093
oixygmjiwg.mp4,0.4035080373287201
oizgiyaphb.mp4,0.9242964386940002
oizmfyqqkj.mp4,0.9663093686103821
ojadcnlsno.mp4,0.9087256193161011
ojalowgroo.mp4,0.9387248158454895
ojaoquzovc.mp4,0.30801722407341003
ojcpsqzulv.mp4,0.4515645503997803
ojcvdrnsry.mp4,0.18894673883914948
ojdasshcfi.mp4,0.8793102502822876
ojdeleaqdr.mp4,0.920268714427948
ojdoramflb.mp4,0.9285915493965149
ojdxcntccc.mp4,0.9470150470733643
ojdxdewxbu.mp4,0.9021656513214111
ojehmzwupf.mp4,0.7010006308555603
ojenqjrftj.mp4,0.9590583443641663
ojeswibpis.mp4,0.8417907953262329
ojfgrnmtaj.mp4,0.7926046848297119
ojfqbqihfa.mp4,0.9298691749572754
ojfxeemhxz.mp4,0.8957031965255737
ojgckrpqgt.mp4,0.8403905630111694
ojgvofahtf.mp4,0.9182336926460266
ojhzppasfk.mp4,0.8324608206748962
ojjypdygmp.mp4,0.9548415541648865
ojkpuxkcsw.mp4,0.8254114985466003
ojlpuchxdp.mp4,0.9618592858314514
ojlxhospsm.mp4,0.9155353903770447
ojmrjfeiij.mp4,0.8874506950378418
ojmrvaqqbt.mp4,0.9150951504707336
ojmzeaywwf.mp4,0.907439112663269
ojnmfsnwkn.mp4,0.6080673933029175
ojoazrcrcv.mp4,0.06410298496484756
ojoecorksr.mp4,0.5543657541275024
ojopezsqmx.mp4,0.9465746879577637
ojpyddpthd.mp4,0.8915824294090271
ojqmnevvfw.mp4,0.5196897387504578
ojqoiycaaz.mp4,0.07001098990440369
ojravfhiwk.mp4,0.9492413997650146
ojrjdfniha.mp4,0.9156504273414612
ojrrnfzoks.mp4,0.98301100730896
ojrvajrmuf.mp4,0.9571963548660278
ojrwklhxok.mp4,0.92428058385849
ojsuevypkx.mp4,0.8965755105018616
ojsydwghji.mp4,0.9435956478118896
ojsyoevyul.mp4,0.9004446268081665
ojtdfobvre.mp4,0.9039588570594788
ojtdurbejd.mp4,0.8324649333953857
ojtmqhqgmd.mp4,0.06424285471439362
ojtxlznvfl.mp4,0.8951032161712646
ojuqbndxro.mp4,0.9238144755363464
ojuqtjcfvm.mp4,0.6542933583259583
ojvlojhqed.mp4,0.6039174795150757
ojvpuhxpzx.mp4,0.8122373223304749
ojwahapaxy.mp4,0.8304988741874695
ojwgkvgiot.mp4,0.9333062767982483
ojwrwcizkz.mp4,0.09150590747594833
ojwxkpqbbr.mp4,0.9212799072265625
ojxejcoufe.mp4,0.9064757823944092
ojxeusdtmm.mp4,0.939703643321991
ojxqyyeqnw.mp4,0.9306208491325378
ojxxzocrpt.mp4,0.9073559045791626
ojyacvpwry.mp4,0.45186930894851685
ojylfhidke.mp4,0.8467161059379578
ojyxyomgpu.mp4,0.9240516424179077
ojzbsuvrts.mp4,0.3744293749332428
ojzhlajkrh.mp4,0.6943537592887878
ojzqvmnriv.mp4,0.13236252963542938
okegqbwvve.mp4,0.20364606380462646
okfjnnozuz.mp4,0.8376051783561707
okgbaygetj.mp4,0.9651904106140137
okgoflrwph.mp4,0.11108073592185974
okgrsopppw.mp4,0.0721365362405777
okhfribkrr.mp4,0.46610042452812195
okiesquksn.mp4,0.9391446113586426
okijphsdtt.mp4,0.9644824862480164
okjjlzkmud.mp4,0.9621739983558655
okkotojkqf.mp4,0.9781032800674438
oklnlbtyxy.mp4,0.9628623127937317
oklqybrmhv.mp4,0.04158072918653488
oklsuetnrd.mp4,0.8199432492256165
okmlcbefeu.mp4,0.8512836694717407
okmwufewfb.mp4,0.9082112312316895
okmyzqbuiq.mp4,0.29147180914878845
okntpqqfrw.mp4,0.8554180860519409
okouvrwunn.mp4,0.9334239363670349
okpvvzzibm.mp4,0.9658232927322388
okqaqesrul.mp4,0.974606454372406
okqhqeuxxp.mp4,0.9230344295501709
okqmlpxson.mp4,0.7535524368286133
okquvuujlu.mp4,0.9721450209617615
okrqqppbjm.mp4,0.09068317711353302
okrtdomibp.mp4,0.3268798589706421
okrvtlxltu.mp4,0.5453491806983948
oksphujxmc.mp4,0.9057182669639587
oktclksytw.mp4,0.962888240814209
oktfjzznny.mp4,0.3246261179447174
oktglkuhkr.mp4,0.9385178685188293
oktgnpoelx.mp4,0.8798050880432129
okvcsurxoz.mp4,0.8819659948348999
okwfizlgml.mp4,0.07552223652601242
okwzrxvnqq.mp4,0.7752084136009216
okxhyxqwno.mp4,0.9355899095535278
okxrkhzqva.mp4,0.9147772192955017
okxrmnqsjp.mp4,0.8354013562202454
okygdtttah.mp4,0.9183343052864075
okyufzgvay.mp4,0.8658017516136169
okyxbhzklr.mp4,0.9413648843765259
okzopdyhot.mp4,0.9268167614936829
okzsakbvfk.mp4,0.7094365954399109
okztydaxqm.mp4,0.908398449420929
okzxerhjxy.mp4,0.8114820718765259
olbwirykbf.mp4,0.8455129265785217
olchsmmyjj.mp4,0.9041341543197632
oldwsggyaw.mp4,0.7865135669708252
oldwuwtiui.mp4,0.9244334697723389
olebnvxoyl.mp4,0.06281869858503342
oleepraewl.mp4,0.05347573757171631
olflffvlup.mp4,0.9018567204475403
olfotakxys.mp4,0.7120948433876038
olfzsjgedd.mp4,0.9779407382011414
olgbljtutz.mp4,0.44726085662841797
olgnkctgdg.mp4,0.6581863760948181
olguyoivho.mp4,0.32875484228134155
olhvxkstwl.mp4,0.9267910122871399
oliayodelk.mp4,0.7565056681632996
oliigwfyvt.mp4,0.36551615595817566
olikbfeqyu.mp4,0.8673862218856812
oljvsbwrhn.mp4,0.957441508769989
olkcmrmvbh.mp4,0.9253342747688293
olnlxkanpq.mp4,0.6002399921417236
olouirnmle.mp4,0.6594430804252625
olovespbfy.mp4,0.9651495814323425
olpjobfdqc.mp4,0.45072072744369507
olppmgcwgc.mp4,0.8785881400108337
olqquuhbhc.mp4,0.9452469944953918
olruhyohvl.mp4,0.026249628514051437
olsgmqlgdk.mp4,0.08677966892719269
olsiddqsqa.mp4,0.7296857237815857
oltbfqntaq.mp4,0.9571719765663147
oltexwbmjq.mp4,0.9227680563926697
oltjahgizr.mp4,0.3535176217556
olufivknxv.mp4,0.9051819443702698
olvhqcpnvq.mp4,0.9253947734832764
olwhakyyau.mp4,0.07333791255950928
olwlnlmkfw.mp4,0.6813990473747253
olxqodazsv.mp4,0.6307183504104614
olxxvrlrsk.mp4,0.742512583732605
omabkwmwvh.mp4,0.9614298939704895
omcdamjshk.mp4,0.9650722146034241
omefspbgqm.mp4,0.9624900221824646
omevhssnvx.mp4,0.11544638872146606
omflghsojd.mp4,0.8420685529708862
omfvhpdvio.mp4,0.5179710388183594
omgupchlyb.mp4,0.9235521554946899
omiicbvxpz.mp4,0.9233119487762451
omjjumnzpm.mp4,0.6056603789329529
omjsnpwomu.mp4,0.7233714461326599
omlmfbrurg.mp4,0.04577722027897835
omlsbyypkr.mp4,0.7977598905563354
omlvlllncs.mp4,0.7648381590843201
omlwjsptgg.mp4,0.8709697723388672
ommdwvhwzg.mp4,0.6258628964424133
omnuhgdgwt.mp4,0.3782636523246765
omofkgvjyn.mp4,0.9094504117965698
omotodymgb.mp4,0.8760942816734314
omouxcqajy.mp4,0.21106605231761932
ompgnszdng.mp4,0.9036121964454651
omphglkwem.mp4,0.925736665725708
ompiehpmrl.mp4,0.7674046754837036
ompoqjuzmm.mp4,0.925032377243042
omroozvfre.mp4,0.31514862179756165
omruvyshqv.mp4,0.8828034400939941
omsdjjsoge.mp4,0.9255381226539612
omttirmjex.mp4,0.677481472492218
omvhoougii.mp4,0.9094887971878052
omvirtyjge.mp4,0.7101865410804749
omvsfqhqou.mp4,0.9746218919754028
omwrpgmsad.mp4,0.12353821098804474
omxgzfgigg.mp4,0.872327983379364
omxovghlqa.mp4,0.9510214328765869
omxpnkkokq.mp4,0.9671409726142883
omxvstrmhv.mp4,0.10750119388103485
omynanvctc.mp4,0.9193236827850342
omywaxdvwu.mp4,0.9437767863273621
omywprxiga.mp4,0.8996191620826721
omzdgqhpnl.mp4,0.8735288977622986
omzwehodud.mp4,0.9651095271110535
omzxdzsssb.mp4,0.8067636489868164
onabrugqce.mp4,0.900004506111145
onaewxqqkd.mp4,0.6317906379699707
onamfppxfu.mp4,0.9422136545181274
onbfpiklki.mp4,0.9484624266624451
onbgdxjkjx.mp4,0.5776991248130798
onbillmrth.mp4,0.8582293391227722
onbpawtkeu.mp4,0.8357737064361572
oncjwhsgas.mp4,0.9283615350723267
oncogvnkab.mp4,0.8550170063972473
ondhkjvvoj.mp4,0.2929743826389313
ondkkapdcb.mp4,0.949891984462738
ondrruihyu.mp4,0.15800741314888
oneqztownt.mp4,0.9851059317588806
onesoycvnp.mp4,0.9453621506690979
onfculxhtr.mp4,0.9675821661949158
ongakdqvrc.mp4,0.8981347680091858
ongutcrqme.mp4,0.5620850920677185
onhcgxgble.mp4,0.9350112676620483
onhhgzsrvo.mp4,0.8966972231864929
oniyuokicx.mp4,0.7780571579933167
onjinaahul.mp4,0.7355490922927856
onjpsstiuq.mp4,0.8684431314468384
onkvupoapt.mp4,0.6361451148986816
onkxxnyyla.mp4,0.08826911449432373
onleprzynp.mp4,0.8282004594802856
onlitrixto.mp4,0.8204968571662903
onlpjkmwwr.mp4,0.9483585953712463
onmwnvjevh.mp4,0.7597913146018982
onnhzcjrez.mp4,0.9612268209457397
onnpghvisw.mp4,0.8978437185287476
onojshreyv.mp4,0.27205249667167664
onotjxcvoj.mp4,0.8268074989318848
onoxzuesym.mp4,0.27348488569259644
onozottyon.mp4,0.9402750134468079
onplxaturx.mp4,0.9046735167503357
onppqzpbaw.mp4,0.7808077931404114
onptnfefnx.mp4,0.9247534871101379
onqsufbvnm.mp4,0.9467917084693909
onriysxjws.mp4,0.20562176406383514
onrwqixejl.mp4,0.858890175819397
onsamvcafc.mp4,0.8794006705284119
onsawuadcg.mp4,0.49331673979759216
onslebjxyp.mp4,0.9264914393424988
onsvqlwjgw.mp4,0.7829346656799316
onsxznhftc.mp4,0.5484693050384521
ontoieaefb.mp4,0.9013113975524902
ontufesvli.mp4,0.8989441394805908
onuhsbmfaj.mp4,0.9298341274261475
onuzugluyf.mp4,0.8898411393165588
onwmeqsslw.mp4,0.7007508873939514
onwpirpbdt.mp4,0.20439273118972778
onwvpxcabr.mp4,0.26559168100357056
onxckqkgjh.mp4,0.959139883518219
onxdyexufh.mp4,0.9328554272651672
onxpthoczj.mp4,0.30488547682762146
onxrwylxbh.mp4,0.9260733723640442
onxzsmyagg.mp4,0.8797895908355713
onyaiipubw.mp4,0.5136576294898987
onyemomoug.mp4,0.4102851450443268
onywiqrpou.mp4,0.5079647302627563
onyydbkdue.mp4,0.9155316948890686
onzrmrwili.mp4,0.8913437128067017
onzrvkhmzz.mp4,0.8767621517181396
ooavdkhcnf.mp4,0.8672003149986267
ooaxwmilyd.mp4,0.9496466517448425
oobzybjtul.mp4,0.963840663433075
oochdgckho.mp4,0.939291775226593
oocqjchiih.mp4,0.7722264528274536
ooczenomzk.mp4,0.7881863117218018
oodphlttej.mp4,0.8156818151473999
ooeawbvoyo.mp4,0.08827441185712814
ooeejwslmx.mp4,0.9563537836074829
ooejhirbjl.mp4,0.09354434907436371
ooflqxghgs.mp4,0.2647015452384949
oofncpjpnk.mp4,0.8628643155097961
oohodsrjrj.mp4,0.7823498249053955
oohvisxicy.mp4,0.7728615403175354
ooikhdsuxj.mp4,0.5659680366516113
ooilmrihrc.mp4,0.8896692991256714
ooirzgbgba.mp4,0.9207627177238464
ooiuejetdr.mp4,0.9626616835594177
ooiwjzgkwp.mp4,0.9398648738861084
oojtzovnfn.mp4,0.9310794472694397
ookggwwwpa.mp4,0.5093803405761719
ookjtngnft.mp4,0.32830068469047546
ookuelmxpi.mp4,0.8193104267120361
ookvttsbqn.mp4,0.9348011612892151
oolvvchczh.mp4,0.8875386118888855
oomjlvxkwp.mp4,0.944922149181366
oomtdwuvll.mp4,0.812458872795105
oonsyrdrms.mp4,0.27316179871559143
ooovkuctso.mp4,0.9149826765060425
ooqmebpyzs.mp4,0.7963036298751831
oorgkmeyop.mp4,0.769173800945282
oorlxfdxmm.mp4,0.9432202577590942
oornjqiead.mp4,0.15562482178211212
oospkdrvbj.mp4,0.9311846494674683
oosylvapll.mp4,0.9105850458145142
ootqeemscd.mp4,0.8999319672584534
ooucwrscqf.mp4,0.9043565392494202
ooufbciavt.mp4,0.9491244554519653
oouhmwtkwi.mp4,0.860893726348877
ooumyscohi.mp4,0.9380578398704529
oovbzdlsiv.mp4,0.7763198614120483
oovsalyhmv.mp4,0.9740889072418213
oowzhfqyyv.mp4,0.9036800265312195
ooxnksfypf.mp4,0.14681895077228546
ooxrbdpbas.mp4,0.886459231376648
ooxrgvtsxr.mp4,0.975979745388031
ooxwefpmcc.mp4,0.909136950969696
ooxwwsfbib.mp4,0.8128976225852966
ooyrtijwfg.mp4,0.18690428137779236
oozqnykkgx.mp4,0.8775660991668701
oozqtipigw.mp4,0.4650583863258362
opapgkrsmf.mp4,0.9240913391113281
opbocuewxl.mp4,0.9528213739395142
opbpochwzs.mp4,0.7102652788162231
opckvwaqhp.mp4,0.9420084953308105
opcnktezbw.mp4,0.9361356496810913
opdkexxibm.mp4,0.04972296208143234
opdqcwqxzy.mp4,0.05587373301386833
opesuanmso.mp4,0.9593960046768188
opfbltyqhy.mp4,0.9463065266609192
opfmnupxtt.mp4,0.9094532132148743
ophcnrhajv.mp4,0.8636780381202698
opkcrxskta.mp4,0.7130308151245117
opletbcjvs.mp4,0.8761200308799744
opmpobgbsi.mp4,0.7956741452217102
opqtgolofy.mp4,0.9092855453491211
opriltyahr.mp4,0.8848376870155334
opsswckvib.mp4,0.06542665511369705
optattjoud.mp4,0.9898529052734375
optipzwgow.mp4,0.9166463613510132
optkkjrkif.mp4,0.9567846059799194
optmfqtcww.mp4,0.9366438388824463
optsghycbh.mp4,0.8950139284133911
optyshszya.mp4,0.6375651955604553
opudvdjvju.mp4,0.8606956601142883
opuhoerhxb.mp4,0.13944675028324127
opulghzzrs.mp4,0.9227622151374817
opvrhiximy.mp4,0.4577806890010834
opxfeymrwb.mp4,0.9102407097816467
opxqxvytbu.mp4,0.9767653346061707
opxtgyrmae.mp4,0.9053186178207397
opyqudaics.mp4,0.10870417952537537
opyzeznpiw.mp4,0.16227270662784576
opzdgkjnqo.mp4,0.8877290487289429
oqbigvtgya.mp4,0.8212317824363708
oqbltrmhvt.mp4,0.35674625635147095
oqbveryvbv.mp4,0.9620023965835571
oqbwxfnkxn.mp4,0.9250014424324036
oqcfouasvq.mp4,0.9129992723464966
oqcnzikgjf.mp4,0.8110235333442688
oqehnuhbwa.mp4,0.0452791191637516
oqeoibjbim.mp4,0.030528198927640915
oqfhupwjto.mp4,0.38531920313835144
oqhiqiduep.mp4,0.06920836120843887
oqhlytcimo.mp4,0.9467840194702148
oqhtpyhcso.mp4,0.8861417174339294
oqhzpmqnft.mp4,0.5795946717262268
oqielrltwr.mp4,0.9482179880142212
oqifuwoiec.mp4,0.9722812175750732
oqjmyrgnwh.mp4,0.48728492856025696
oqkhbtevbm.mp4,0.9126226305961609
oqkthrsmfj.mp4,0.8466742634773254
oqliriyhis.mp4,0.9367902278900146
oqlnkziqdh.mp4,0.9451832175254822
oqlzcsssoe.mp4,0.9509425759315491
oqmgquqrzg.mp4,0.7712413668632507
oqmtjnxrbn.mp4,0.8544764518737793
oqmwbfcejq.mp4,0.9188257455825806
oqnhdclviu.mp4,0.9159011840820312
oqnyknzjlq.mp4,0.05189073458313942
oqoazapqyd.mp4,0.9154899716377258
oqojahmyjr.mp4,0.852733850479126
oqrrqeszae.mp4,0.23930002748966217
oqszqpllcu.mp4,0.5150910019874573
oqtgyuhyhn.mp4,0.9317638278007507
oqtzdvdjid.mp4,0.903702974319458
oqusgwfain.mp4,0.20103996992111206
oquxsdudzn.mp4,0.8999807238578796
oqvsejsdus.mp4,0.8102330565452576
oqvymdodta.mp4,0.908605694770813
oqwfcxelxa.mp4,0.08628495037555695
oqwmglahkz.mp4,0.11849068850278854
oqwvjyxlej.mp4,0.12105762213468552
oqwxsbecil.mp4,0.8966813087463379
oqxdpsbsee.mp4,0.4152708649635315
oqxtttmshs.mp4,0.6757992506027222
oqxwipljvo.mp4,0.9794437289237976
oqyybywrhn.mp4,0.8966068029403687
oqzuvlxuex.mp4,0.8100631833076477
oqzwblaggz.mp4,0.988547682762146
oraclpfeuc.mp4,0.05006792023777962
orapdmsxpx.mp4,0.96598881483078
oraygdytwq.mp4,0.9230630397796631
orbbsdehap.mp4,0.4071335792541504
orbcxzortb.mp4,0.8494331240653992
orbjwouldq.mp4,0.9201592206954956
orbkwleidc.mp4,0.44988691806793213
ordjtgafzy.mp4,0.15881387889385223
orduzxhaso.mp4,0.9834809303283691
orestlrmcz.mp4,0.7494171857833862
oreuhpaeyg.mp4,0.9408901929855347
orfjoxqyzp.mp4,0.43312713503837585
orfjqhsxdz.mp4,0.9511851072311401
orfsriylyy.mp4,0.21464946866035461
orftarkbne.mp4,0.930211067199707
organgsicu.mp4,0.48684701323509216
orgbgvcqvl.mp4,0.12593457102775574
orgmpemwbq.mp4,0.8414228558540344
orgpcogfgj.mp4,0.05327634513378143
orgwifadtw.mp4,0.9484177827835083
orhpztubzy.mp4,0.28139010071754456
orimprghvd.mp4,0.7878525257110596
oriqfbjkei.mp4,0.9172841906547546
orjhjhvoix.mp4,0.8569465279579163
orjzhiztqm.mp4,0.9434517025947571
orkjtqlweh.mp4,0.8831927180290222
orlqxnzaxg.mp4,0.8275092840194702
ormqafvysd.mp4,0.9412201642990112
ornhlqsdyu.mp4,0.8058316707611084
orojkxscjl.mp4,0.03675716742873192
orpnrdksul.mp4,0.8492813110351562
orqafstesq.mp4,0.12595754861831665
orqcakrxur.mp4,0.8952858448028564
orqebsplwq.mp4,0.9350575804710388
orqeqtbhaf.mp4,0.9305251240730286
orrltuoxgt.mp4,0.9554851651191711
orrmbukudq.mp4,0.9841651320457458
orrskoijnb.mp4,0.08204374462366104
orrxokuuoo.mp4,0.9616526961326599
ortaqzibtj.mp4,0.8234254121780396
ortfvecpgt.mp4,0.9052789807319641
ortxvzoneb.mp4,0.10223618894815445
orueinhrhh.mp4,0.21307024359703064
oruvebzymm.mp4,0.9164744019508362
orvdzsoiel.mp4,0.9484902620315552
orwpyprgvu.mp4,0.9242346882820129
orxbqxcqfr.mp4,0.05602724105119705
orxnbtvkxk.mp4,0.9013880491256714
oryncebpmf.mp4,0.9242698550224304
orynwmvmwz.mp4,0.8238233327865601
oryxqexhku.mp4,0.7825762629508972
oryzldljno.mp4,0.22807487845420837
orzivjiegb.mp4,0.5112321972846985
orzltllnmg.mp4,0.9047804474830627
osashdrxxu.mp4,0.8281391859054565
osatxdopue.mp4,0.9395421743392944
osbkdjpjdt.mp4,0.5528182983398438
oscoxxwged.mp4,0.9437316656112671
osdfnikfpq.mp4,0.716347873210907
osdhxajzlp.mp4,0.7201722264289856
osdrrmdkgg.mp4,0.04998312145471573
osepwkfuph.mp4,0.05728302150964737
osfaackzob.mp4,0.07370230555534363
osffneskka.mp4,0.0648438110947609
osflukecxk.mp4,0.9136689305305481
osfqnjuzhx.mp4,0.8932608962059021
osgigzqmrp.mp4,0.9748201966285706
osgiimpzjq.mp4,0.05132676288485527
osgmuptyfv.mp4,0.9706603288650513
osgxmzpumw.mp4,0.12282180041074753
osgxvfnusa.mp4,0.10046190023422241
oshbmeanjj.mp4,0.9033458828926086
osieekzdgq.mp4,0.9169409871101379
osjaqtkkdt.mp4,0.12355578690767288
osjlbtfazy.mp4,0.8628591895103455
oskvvjveyq.mp4,0.9876507520675659
oskwlbbrai.mp4,0.8812399506568909
oslpfwdplo.mp4,0.9202803373336792
osltltqytd.mp4,0.5607873797416687
osmxliyvbf.mp4,0.973776638507843
osncortkcr.mp4,0.812256932258606
osndijcoyz.mp4,0.5546225905418396
osnfpfbqhv.mp4,0.9404872059822083
osohgmymcy.mp4,0.9075257778167725
osowkcyjzt.mp4,0.9345539212226868
ospbyujbsp.mp4,0.8989135026931763
ospffszlet.mp4,0.8625614047050476
ospngvrono.mp4,0.6364054083824158
osqmxxkdeg.mp4,0.831366777420044
osqyiobyum.mp4,0.9029119610786438
osqykwdgxc.mp4,0.5321155786514282
osqzqlxmin.mp4,0.9226394295692444
osramoobmu.mp4,0.8650350570678711
osrmpgqhbx.mp4,0.9727821946144104
ossjpbfyyp.mp4,0.9403186440467834
ossofalzqd.mp4,0.819972574710846
ossqgahpqp.mp4,0.9365506172180176
osstbzotrc.mp4,0.06911872327327728
osstneikjx.mp4,0.9796884059906006
ostlebidwy.mp4,0.9344186186790466
osufrflpnf.mp4,0.7667490243911743
osuizfzpov.mp4,0.9047924280166626
osvphqmstr.mp4,0.06125367060303688
oswodkxhch.mp4,0.10969201475381851
osxaqqowdx.mp4,0.7424752712249756
osxfzzzlbs.mp4,0.9760875701904297
osyfcyjccv.mp4,0.17589637637138367
osyhvfdcme.mp4,0.9076460003852844
osytznjtok.mp4,0.9509578943252563
oszgybwgbz.mp4,0.9406872391700745
otabzuvmjo.mp4,0.9650294184684753
otaevpekqf.mp4,0.9725905656814575
otakcxftoa.mp4,0.05756956338882446
otbhndvkpn.mp4,0.48595085740089417
otbvnxwrol.mp4,0.8670808672904968
otdmjuavgs.mp4,0.7512902021408081
otegznikgy.mp4,0.9735326766967773
otezxbkygi.mp4,0.9189285039901733
otfhmjjgxy.mp4,0.9278868436813354
otfnnntkzi.mp4,0.05729147419333458
otgvcfldbc.mp4,0.7216254472732544
othinadguw.mp4,0.809980034828186
otiatduyhk.mp4,0.06547446548938751
otjdhqgzhp.mp4,0.9602015018463135
otjfvisthd.mp4,0.96384596824646
otjtpfvwzd.mp4,0.8996372818946838
otkbbozsqu.mp4,0.1446000188589096
otkrjrhfhm.mp4,0.37006649374961853
otksjspxnv.mp4,0.6703896522521973
otktiyaidr.mp4,0.9471427798271179
otkxomdwpt.mp4,0.7802042961120605
otkxyvwefe.mp4,0.7464227676391602
otljczxgei.mp4,0.16308921575546265
otmarvtrrk.mp4,0.7878819108009338
otmcckypar.mp4,0.9021655917167664
otnlwzcwlo.mp4,0.9079636335372925
otnpwnipct.mp4,0.6120886206626892
otnvpvoulf.mp4,0.8433319926261902
otovwyidul.mp4,0.8749129772186279
otplqohdoj.mp4,0.7602793574333191
otqhwpbrcp.mp4,0.898898720741272
otqzylawvi.mp4,0.902095377445221
otrfvggftk.mp4,0.8999322056770325
otrthevyvz.mp4,0.05095646530389786
otsffwpoms.mp4,0.8715273141860962
otspbfzant.mp4,0.8933902382850647
otstolupuo.mp4,0.9684637188911438
otsviewqwp.mp4,0.5524804592132568
ottceqscky.mp4,0.8427202105522156
ottiiobbrh.mp4,0.7805379629135132
otuklexlad.mp4,0.6788673996925354
otvgqhtxkq.mp4,0.09173662215471268
otvkkjnijp.mp4,0.947759211063385
otvntlpfgn.mp4,0.9787097573280334
otwaywcdkb.mp4,0.9752456545829773
otwuydmkyu.mp4,0.931266188621521
otxdugkaxh.mp4,0.08006293326616287
otxmdyzwic.mp4,0.9355568289756775
otyqxxbslh.mp4,0.9088473916053772
otzadudfpi.mp4,0.8213810324668884
otzpdcaumu.mp4,0.3620884120464325
ouafqcvuos.mp4,0.9210901260375977
ouaxfnbaxj.mp4,0.9516440629959106
ouazajlgtk.mp4,0.18184301257133484
oubjbqjtoh.mp4,0.9108180403709412
oublntsdsu.mp4,0.8511437177658081
oubqoguxxc.mp4,0.89472895860672
oubqtfwmgd.mp4,0.7832561731338501
ouccgcfaso.mp4,0.05055124685168266
ouclabgsad.mp4,0.09530633687973022
oudideevde.mp4,0.8792988657951355
oueediidhf.mp4,0.9632763266563416
ouexljqvdw.mp4,0.9723542332649231
oufidacgwf.mp4,0.9163503646850586
oughejkndd.mp4,0.9546271562576294
ouhlfeqolk.mp4,0.8701806664466858
ouhwtkhlcc.mp4,0.8935182094573975
ouimlwvgic.mp4,0.11089609563350677
oujtvuirva.mp4,0.5347183346748352
oujvssjrqr.mp4,0.9241501092910767
oujxladjth.mp4,0.8522828817367554
ouklamzdym.mp4,0.7643998861312866
ouklczpngo.mp4,0.9032330513000488
oukvxhpuat.mp4,0.9802129864692688
oulxsqzkwe.mp4,0.9474160671234131
oumbqyjahu.mp4,0.800966203212738
oumcymkaof.mp4,0.8784857392311096
oumhlirlzk.mp4,0.2590019702911377
oundixpyst.mp4,0.9105181694030762
ounfiuexwc.mp4,0.6749464869499207
ounltapexr.mp4,0.7919814586639404
ountpqlqhr.mp4,0.9816197156906128
ouosgpaywa.mp4,0.2060239464044571
oupjhtodai.mp4,0.37656041979789734
oupudlphvg.mp4,0.8920486569404602
oupztxzdln.mp4,0.05480505898594856
oupzvikibn.mp4,0.9245551228523254
ouqodnevxv.mp4,0.9134816527366638
ouqqbpbakd.mp4,0.8961844444274902
ouqqjbaitq.mp4,0.949621319770813
ourcjujbvb.mp4,0.8387933373451233
ourklihdqs.mp4,0.9676676988601685
ousfjvhzdo.mp4,0.9564173221588135
ouslpwefgh.mp4,0.0918693020939827
outspmgrxp.mp4,0.9140634536743164
ouumxqezhv.mp4,0.11734314262866974
ouvjvtsvti.mp4,0.9230334758758545
ouwbmdjqgz.mp4,0.968685507774353
ouwiqfiatg.mp4,0.898169755935669
ouwmdrevsh.mp4,0.7897019982337952
ouwmjrkwnl.mp4,0.6798610687255859
ouydppqdmw.mp4,0.9257361888885498
ouynicgxld.mp4,0.7761250138282776
ouzonztess.mp4,0.933218240737915
ovarzjfvwd.mp4,0.8370693922042847
ovavyalwhq.mp4,0.8705496191978455
ovawdhyzft.mp4,0.9361734986305237
ovblgaynru.mp4,0.6205664277076721
ovbydhbvfg.mp4,0.6493688821792603
ovcdgefpdj.mp4,0.25542598962783813
ovcjzkodgw.mp4,0.9683108329772949
ovdcmdrcfa.mp4,0.7086044549942017
ovddwoiwxw.mp4,0.5120646357536316
ovduudukfn.mp4,0.8833445906639099
ovdzeeppdj.mp4,0.9107924103736877
ovfbhgeqcz.mp4,0.9239165782928467
ovfsgyzbnb.mp4,0.7876744866371155
ovgmdjryiz.mp4,0.8487967848777771
ovgnepwkjq.mp4,0.871250331401825
ovgsjciwha.mp4,0.8939042687416077
ovgxlmesrr.mp4,0.9807649254798889
ovhareepul.mp4,0.1852215677499771
ovhchddqzj.mp4,0.14532871544361115
ovhcslzxcd.mp4,0.5292403101921082
ovhlmtegsc.mp4,0.149353489279747
ovhsjaciyc.mp4,0.987929105758667
ovigrkqksq.mp4,0.8580346703529358
ovkhhccwao.mp4,0.938700795173645
ovkjlyfjcd.mp4,0.943867564201355
ovkqlfuzsh.mp4,0.2301282286643982
ovkqrxftpo.mp4,0.051266949623823166
ovliomjvys.mp4,0.8756652474403381
ovlnhkyatq.mp4,0.9044590592384338
ovlyuhmntt.mp4,0.8367774486541748
ovmopsyelx.mp4,0.8169440031051636
ovmxokkmtn.mp4,0.9138935804367065
ovnzubskbn.mp4,0.9442535638809204
ovockosfnh.mp4,0.9757835268974304
ovozllyabv.mp4,0.08103112876415253
ovpcdagqay.mp4,0.9496323466300964
ovpfbapfgb.mp4,0.894180953502655
ovpfeogoyo.mp4,0.8544861674308777
ovpykhowdo.mp4,0.6058413982391357
ovqdavuowh.mp4,0.7522338032722473
ovsjtbttiq.mp4,0.864321768283844
ovtgpwwkrn.mp4,0.9016871452331543
ovtiiepztg.mp4,0.6321212649345398
ovtkuvresc.mp4,0.9057289958000183
ovtoblnpmj.mp4,0.8541504144668579
ovuhszzetv.mp4,0.8593533039093018
ovvoywlhig.mp4,0.9357011318206787
ovvqmhpxml.mp4,0.8285714387893677
ovvspzuyjh.mp4,0.9378345608711243
ovxhrtuuhu.mp4,0.9623504281044006
ovymlrdfef.mp4,0.8700827360153198
ovzczlmbcc.mp4,0.41048750281333923
ovzgfrzwwz.mp4,0.9243659377098083
ovzgovomaw.mp4,0.9432905316352844
ovznffekdv.mp4,0.9129936695098877
ovzrybxvgr.mp4,0.9148721098899841
owbwunhani.mp4,0.8932738304138184
owddhzjsto.mp4,0.15180908143520355
owdfhkuhum.mp4,0.9096041917800903
owdnerdiwi.mp4,0.8877964615821838
owdrxaruqd.mp4,0.9426510334014893
owfwbipthh.mp4,0.9323902130126953
owfygbgeua.mp4,0.41481029987335205
owgmfjldup.mp4,0.9172655344009399
owgmgeqjyu.mp4,0.924987256526947
owgrbqgdqu.mp4,0.5406376719474792
owgwowavcs.mp4,0.7041685581207275
owhlxfnpuk.mp4,0.15292741358280182
owiwfxqzuo.mp4,0.8797574043273926
owjerqchnz.mp4,0.6553467512130737
owlkhaplbc.mp4,0.12690718472003937
owlvlldrmv.mp4,0.5664429664611816
owlyaijjkr.mp4,0.02321532554924488
owmsjhkaix.mp4,0.973501443862915
owofixzztz.mp4,0.9777656197547913
owokbsqlqi.mp4,0.9201276898384094
owolozokre.mp4,0.9469102025032043
owpfabjqyz.mp4,0.6350986957550049
owpmmjwttd.mp4,0.8997378349304199
owpngukvfs.mp4,0.9786360263824463
owprqsfeij.mp4,0.9374358057975769
owqgyjveoz.mp4,0.9049831628799438
owqjordbfe.mp4,0.3731313645839691
owqqtqhvzx.mp4,0.5293204188346863
owrkhoolbu.mp4,0.8125796318054199
owrowxytoj.mp4,0.4104122817516327
owsesuawmk.mp4,0.14579236507415771
owshgvgpqr.mp4,0.3421221673488617
owsqvrrsfe.mp4,0.9289951920509338
owswrljxmw.mp4,0.9303107857704163
owtuobjmpf.mp4,0.9822787046432495
owtxrzeqym.mp4,0.6564388871192932
owtzydzwga.mp4,0.6786889433860779
owuawexxrz.mp4,0.19453050196170807
owuhxflwjd.mp4,0.8311857581138611
owvsphocft.mp4,0.9793028235435486
owwimwpwba.mp4,0.911754846572876
owwsgqubpp.mp4,0.9177523851394653
owwyxgoihe.mp4,0.9804952144622803
owwzpxinio.mp4,0.8554086685180664
owxxnqkjoa.mp4,0.5575472712516785
owxzmycbeh.mp4,0.9753830432891846
owysamavpo.mp4,0.9872933626174927
owyxzafejo.mp4,0.9162541031837463
oxbcpirwua.mp4,0.882990300655365
oxbzxmjkts.mp4,0.05268586426973343
oxcdubjlrv.mp4,0.6655673384666443
oxcjtgzvhu.mp4,0.8772017955780029
oxcmjdroro.mp4,0.9013527035713196
oxcoardvze.mp4,0.95192950963974
oxcodpecir.mp4,0.7728641629219055
oxdqnbjkas.mp4,0.9076966047286987
oxdstaafic.mp4,0.9668357968330383
oxeupoccru.mp4,0.6609919667243958
oxfbbeohio.mp4,0.9775876402854919
oxfbjycxvy.mp4,0.32261085510253906
oxfjzzlxqo.mp4,0.66498863697052
oxfndxwalz.mp4,0.10907258093357086
oxfqynvvjy.mp4,0.11052770912647247
oxgwpghrkm.mp4,0.9670805335044861
oxiytzzkia.mp4,0.9809007048606873
oxjbhtdilp.mp4,0.9275424480438232
oxjlvoodfh.mp4,0.7186299562454224
oxkgjhjsly.mp4,0.21486830711364746
oxoavcxkls.mp4,0.9190529584884644
oxrrtafxaw.mp4,0.4968464970588684
oxsmxlvbzo.mp4,0.16251587867736816
oxspyzjdrz.mp4,0.9365779161453247
oxtszqekyb.mp4,0.3467622995376587
oxucpxjajz.mp4,0.9016357660293579
oxwhokpriu.mp4,0.4266650378704071
oxxiqskgbe.mp4,0.9692969918251038
oxxjesksvt.mp4,0.6226632595062256
oxxkuzvaql.mp4,0.7100032567977905
oxyclfakcn.mp4,0.6302119493484497
oxyfirwpvb.mp4,0.9849379062652588
oxytemldvt.mp4,0.12178562581539154
oyafyvlxwx.mp4,0.161746084690094
oyaruxqzju.mp4,0.35894080996513367
oyasjkoyyn.mp4,0.9222973585128784
oybpmgrxwf.mp4,0.9681738615036011
oybwzyvrhn.mp4,0.3342975080013275
oybxaloitb.mp4,0.2196304053068161
oycymvhpme.mp4,0.18308615684509277
oydauenaco.mp4,0.07234878093004227
oydvaohqkv.mp4,0.9424189329147339
oyeknleqqh.mp4,0.8093196749687195
oyfbqpnumn.mp4,0.8925669193267822
oyfnmrxqkh.mp4,0.25241556763648987
oygkytgmtv.mp4,0.9061490893363953
oyglwortsb.mp4,0.8641757369041443
oygvvmtzjv.mp4,0.8033546209335327
oyhdirhgnv.mp4,0.8740301728248596
oyhmctxaua.mp4,0.4358559548854828
oyhwrkvunc.mp4,0.941378653049469
oyiniibfdc.mp4,0.8627353310585022
oyivoexwpp.mp4,0.6436190009117126
oyiycltnaa.mp4,0.6359466910362244
oyjgsuyybk.mp4,0.9024184346199036
oyjmtruwsb.mp4,0.9154837131500244
oyjnnyiege.mp4,0.2191169410943985
oykknrcdzn.mp4,0.27930620312690735
oyllgjgwht.mp4,0.08034500479698181
oymaffzzjv.mp4,0.6266396045684814
oymwxrcrwd.mp4,0.371003121137619
oynermlyas.mp4,0.929901659488678
oynkwsagfx.mp4,0.10983259975910187
oyomfswhuw.mp4,0.9198774099349976
oyoofaunlk.mp4,0.8816648125648499
oyotxldqqo.mp4,0.06623103469610214
oypywnkyrl.mp4,0.8629119992256165
oyqdcubpdt.mp4,0.9144432544708252
oyqqanbttr.mp4,0.877657413482666
oyqutbraxs.mp4,0.911393404006958
oyrdyxgujt.mp4,0.9192967414855957
oysduiwswq.mp4,0.7957456111907959
oytafisswv.mp4,0.08619802445173264
oytdishbjw.mp4,0.7606295943260193
oyuboltpuv.mp4,0.07190710306167603
oyuduhuobo.mp4,0.8207072615623474
oyustpaaex.mp4,0.9116089940071106
oyvybgekce.mp4,0.8433843851089478
oywddipqux.mp4,0.9460229873657227
oywoembpla.mp4,0.9031885862350464
oywyzxrdrh.mp4,0.9279299378395081
oyxrfcrbjm.mp4,0.7548752427101135
oyytepfmkv.mp4,0.8723377585411072
ozapryfofz.mp4,0.9786879420280457
ozaunurvng.mp4,0.7129303216934204
ozavilhncg.mp4,0.7806139588356018
ozcqjxfjwo.mp4,0.21330967545509338
ozdmdlzfyb.mp4,0.6916943788528442
ozdxszexcj.mp4,0.9488716721534729
ozeczmmafh.mp4,0.4989193081855774
ozfjtggupk.mp4,0.9472472667694092
ozfpcmcffr.mp4,0.9434782266616821
ozfsyclxiq.mp4,0.8774204850196838
ozgcmnllow.mp4,0.15000800788402557
ozggqtnllu.mp4,0.22569017112255096
ozggxcpwnm.mp4,0.7956119775772095
ozgirqhhya.mp4,0.8866610527038574
ozgwbykjew.mp4,0.9193251729011536
ozhprapubj.mp4,0.9280484914779663
ozjsukibfx.mp4,0.720672070980072
ozjvlnehul.mp4,0.697048544883728
ozlgofxpre.mp4,0.8622928857803345
ozlhgahzrv.mp4,0.7596490383148193
ozlweahhsy.mp4,0.8662756085395813
ozmhykaadk.mp4,0.9047494530677795
oznlazhbxn.mp4,0.8622533679008484
ozpjsjrvxi.mp4,0.9795713424682617
ozqhymfrqf.mp4,0.8366561532020569
ozqjfteube.mp4,0.953045129776001
ozqtybvchj.mp4,0.9271101355552673
ozrexytgif.mp4,0.9190957546234131
ozrhdjnfrn.mp4,0.055252086371183395
ozrvtdtxug.mp4,0.06698429584503174
ozssyofgym.mp4,0.8874071836471558
oztamywxjz.mp4,0.9891809225082397
ozuglqsumz.mp4,0.5902974605560303
ozutpoylnz.mp4,0.500967800617218
ozvmvzvyao.mp4,0.8753166198730469
ozwmzqdftr.mp4,0.9878104329109192
ozxfzirmvt.mp4,0.8901135325431824
ozxwpsnsmz.mp4,0.965654194355011
ozyuwiepjv.mp4,0.9532877206802368
ozyzfsbehg.mp4,0.8471918106079102
ozzdytjuzq.mp4,0.9678129553794861
ozzluqibbw.mp4,0.04569358006119728
paahvepzue.mp4,0.8777729868888855
paaiaerwrc.mp4,0.9014652967453003
pabbtlamdf.mp4,0.9874842762947083
pabodwqszw.mp4,0.5194283723831177
pabrjfbwfz.mp4,0.8012261390686035
pacbscfltm.mp4,0.053302399814128876
pactbbhnhl.mp4,0.07141010463237762
paczgushdz.mp4,0.8159827589988708
padavcxqep.mp4,0.6047074794769287
padmotdbpg.mp4,0.2812907099723816
padqeyutvq.mp4,0.5594269037246704
padwzgpltm.mp4,0.6215104460716248
paeamodxqn.mp4,0.9461907744407654
paeklpoera.mp4,0.8936623930931091
paepvjfaax.mp4,0.9109032154083252
paeswplkco.mp4,0.865376353263855
pagiklescm.mp4,0.8985961079597473
pagwosgroh.mp4,0.9106761813163757
pahafqjgzn.mp4,0.08114306628704071
paholsfnda.mp4,0.7576516270637512
pahzldvzku.mp4,0.9617133140563965
paigtzbcuv.mp4,0.09982393682003021
pajmnfrixj.mp4,0.9091013073921204
pakhovjpht.mp4,0.09259066730737686
pakijlehhl.mp4,0.855767011642456
pakzfoykef.mp4,0.9428220987319946
palrnfqupc.mp4,0.975039005279541
paoknhqggv.mp4,0.9383385181427002
paorozwtbf.mp4,0.06914007663726807
papialikbm.mp4,0.9383765459060669
papogkywdx.mp4,0.39555513858795166
paqbaossvc.mp4,0.94532710313797
paqcbtdulm.mp4,0.10131897032260895
paqgdupziv.mp4,0.9555160999298096
paqjslrtim.mp4,0.9143915772438049
paqwyiulah.mp4,0.9337992072105408
paqzlxpnvw.mp4,0.8462337255477905
parhbnkojm.mp4,0.8982925415039062
parkdjbhjp.mp4,0.33129242062568665
parqhrknkf.mp4,0.3430943191051483
parqyvrvwr.mp4,0.09735521674156189
parroswabm.mp4,0.23848898708820343
partcfzlbj.mp4,0.0669269859790802
parwxygsid.mp4,0.821914792060852
pasagecaqn.mp4,0.8608137369155884
pasbcpumba.mp4,0.9831146001815796
pasfalkyou.mp4,0.8700495958328247
pasgsxejek.mp4,0.9450011849403381
pasrrspfhv.mp4,0.8022606372833252
pauisfxlrl.mp4,0.7743350863456726
paulsbdfla.mp4,0.5951117873191833
pauvmbrlze.mp4,0.8958323001861572
pavaxttcme.mp4,0.8703737258911133
pavjetbetb.mp4,0.6603295207023621
pavnwvxcma.mp4,0.9863024950027466
pawoqhjpgx.mp4,0.8178309202194214
pawztognqj.mp4,0.511364758014679
paxojiwtrl.mp4,0.7373213171958923
paxsxhsmpb.mp4,0.9325484037399292
payhdwaoar.mp4,0.6186331510543823
payrrychvs.mp4,0.6332275867462158
pazjiswczb.mp4,0.9786763787269592
pazpnfrbbc.mp4,0.8672879338264465
pbanfxxban.mp4,0.9295623302459717
pbaxktspvn.mp4,0.8861331939697266
pbberjqqwe.mp4,0.8991566300392151
pbbmbfwjkl.mp4,0.9540742635726929
pbbvacvvut.mp4,0.9745170474052429
pbcqfwdvoj.mp4,0.9582678079605103
pbcyhaxhem.mp4,0.9621031284332275
pbdfjxodgf.mp4,0.6509714722633362
pbdqptjxnl.mp4,0.9229440093040466
pbdrtbigux.mp4,0.5521531701087952
pbduywizte.mp4,0.08740679174661636
pbecluopht.mp4,0.6349814534187317
pbeipnpbic.mp4,0.9292932748794556
pbemxkshzl.mp4,0.9525102972984314
pbevlulgcu.mp4,0.5424787998199463
pbffbvwvim.mp4,0.9743117690086365
pbfuoxvsfs.mp4,0.9450461864471436
pbgwegzcfa.mp4,0.3752014636993408
pbhmhadoyy.mp4,0.9716799259185791
pbifzwsjsl.mp4,0.9568158388137817
pbinuattig.mp4,0.9889139533042908
pbiruqsdug.mp4,0.7870290279388428
pbiwxfosmq.mp4,0.7812128663063049
pbjgkewobu.mp4,0.37661856412887573
pbjwfwbgne.mp4,0.8499742746353149
pbkzogduqw.mp4,0.8388850092887878
pblecccxyh.mp4,0.5786965489387512
pblkmexcne.mp4,0.9282300472259521
pbmokscggz.mp4,0.7520464062690735
pbnhejrnng.mp4,0.9883109331130981
pbnmyuerwl.mp4,0.9806747436523438
pbnvrikjca.mp4,0.9668015837669373
pbohdlntwi.mp4,0.6998764276504517
pbomitcxqq.mp4,0.8655562996864319
pboqrebanl.mp4,0.818291425704956
pbqdffedrq.mp4,0.11629918962717056
pbqkcyelgj.mp4,0.9439562559127808
pbrxdmqcxk.mp4,0.9520688056945801
pbsuigiaru.mp4,0.4891361892223358
pbtbftzpia.mp4,0.1429377645254135
pbulqhifgj.mp4,0.8712716102600098
pbusjrdidl.mp4,0.9238491654396057
pbvohvjksz.mp4,0.9761379957199097
pbwkjxypwb.mp4,0.8663408160209656
pbxbjnsren.mp4,0.9497033357620239
pbxihvgadx.mp4,0.9487729072570801
pbzccpcqbz.mp4,0.5828762054443359
pbznarokkc.mp4,0.2739548981189728
pceltvtnxu.mp4,0.9321370124816895
pcgccqmgdr.mp4,0.9099541902542114
pcgcdubyfw.mp4,0.886273980140686
pcglwzvjin.mp4,0.22228257358074188
pcgyivytcz.mp4,0.9010922312736511
pcgzjlvefp.mp4,0.9838442206382751
pchdcgnyri.mp4,0.9502251744270325
pchrmtxlvu.mp4,0.10335133969783783
pciinfwwee.mp4,0.8430635333061218
pcizbxenqk.mp4,0.6847012042999268
pcjbktvrfl.mp4,0.8752102255821228
pcjlvsgftq.mp4,0.9119498133659363
pcjobgihdr.mp4,0.2074362337589264
pcjsnvqjoh.mp4,0.9430232048034668
pcjwcvnxqg.mp4,0.8791874647140503
pckjcqwfen.mp4,0.962340772151947
pckrcmdoba.mp4,0.9883038401603699
pcktimfquw.mp4,0.9670482277870178
pclbskdaxh.mp4,0.9198382496833801
pcllaioxdh.mp4,0.894431471824646
pcneengvnh.mp4,0.49954134225845337
pcnkmybith.mp4,0.9128413200378418
pcobbwvofa.mp4,0.9374176859855652
pcofbsscpk.mp4,0.8812521696090698
pcowuhggmf.mp4,0.9332035779953003
pcpjhubqkv.mp4,0.11759348213672638
pcpkiaeylj.mp4,0.7259011268615723
pcppquzaji.mp4,0.8969706296920776
pcqrvwevar.mp4,0.9020196199417114
pcraykcrki.mp4,0.8856797814369202
pcrcdpjqla.mp4,0.47355568408966064
pcrlgyixwh.mp4,0.8453351855278015
pcrmrwdhrf.mp4,0.8364399075508118
pctbluapeb.mp4,0.9702835083007812
pctfrguzoi.mp4,0.9654234647750854
pctljbtwvx.mp4,0.705837607383728
pctuczgrlp.mp4,0.9080673456192017
pcufniysrm.mp4,0.9417158961296082
pcwkualcwy.mp4,0.8258452415466309
pcxhggpzuv.mp4,0.06520213186740875
pcyviknuex.mp4,0.5476434230804443
pcywlveepr.mp4,0.4883471131324768
pcywtlkjuu.mp4,0.8261969685554504
pczknawtyv.mp4,0.3808085024356842
pczmmzcyct.mp4,0.1297522783279419
pcztahkayg.mp4,0.9678030014038086
pdaayrmapp.mp4,0.9738529324531555
pdancoiron.mp4,0.9389787912368774
pdanjicwxg.mp4,0.8819550275802612
pdaxozyqhl.mp4,0.8062456846237183
pdbvtgibqb.mp4,0.8479564189910889
pdcdqobnwt.mp4,0.9403563737869263
pdcppxebla.mp4,0.4616311192512512
pddkcbhapd.mp4,0.5
pdelmalwsz.mp4,0.05963711068034172
pdfesltdmo.mp4,0.87691730260849
pdfeuspqnu.mp4,0.7907571792602539
pdhcxpreut.mp4,0.9643351435661316
pdhozabkzd.mp4,0.0750049576163292
pdhrguedab.mp4,0.9078387022018433
pdiihkmiih.mp4,0.7358996868133545
pdinwwqhep.mp4,0.9236663579940796
pdiozvcjlh.mp4,0.09724663943052292
pdjfgrdkmm.mp4,0.934861958026886
pdjrykqwhi.mp4,0.8599971532821655
pdkmxhnfmx.mp4,0.04627396538853645
pdlhczckcp.mp4,0.9473949074745178
pdlkgfrkpj.mp4,0.9410868287086487
pdlltmgala.mp4,0.9514980912208557
pdlvqmrvvr.mp4,0.9189987182617188
pdmnppvldn.mp4,0.9312039613723755
pdmqbywdfc.mp4,0.9556604027748108
pdnjugtmmp.mp4,0.947486400604248
pdnwaekrtn.mp4,0.8549224734306335
pdohqavwbu.mp4,0.8097032308578491
pdoisliruc.mp4,0.8828245401382446
pdooqxqfrm.mp4,0.771081805229187
pdotikoxhv.mp4,0.9518182873725891
pdpdcqefib.mp4,0.8645177483558655
pdphhsdbls.mp4,0.31066691875457764
pdpmufxbuf.mp4,0.8842443823814392
pdpngvznpd.mp4,0.9229794144630432
pdpnuwozmd.mp4,0.9548984169960022
pdpqzrrept.mp4,0.900871217250824
pdpwmrlmcd.mp4,0.08767857402563095
pdqeumircg.mp4,0.08865612745285034
pdqiwdmydh.mp4,0.08940917253494263
pdqqkuclvd.mp4,0.6248778104782104
pdrazlhnxg.mp4,0.974589467048645
pdryawowdi.mp4,0.07017900049686432
pdsbvaladp.mp4,0.5316116213798523
pdscdzzipt.mp4,0.8803977966308594
pdupvpsldz.mp4,0.8919212818145752
pdvqechvay.mp4,0.616138219833374
pdwifqspsy.mp4,0.9720120429992676
pdwmypzojj.mp4,0.9123392105102539
pdwotqldbz.mp4,0.92805415391922
pdwwczhhla.mp4,0.8381988406181335
pdxvxptjdr.mp4,0.7178310751914978
pdxwcjbeks.mp4,0.9784203171730042
pdyijrcwoj.mp4,0.20431360602378845
pdyrvsvwyi.mp4,0.12633155286312103
pdywmdvvjy.mp4,0.8975147604942322
pdyzfebndx.mp4,0.9473292827606201
pebhzwnycq.mp4,0.9707249999046326
pecbwoiwnf.mp4,0.3256757855415344
peenogqkhs.mp4,0.888485848903656
pefenralgo.mp4,0.973494827747345
pefjixgwzc.mp4,0.8978510499000549
pegwjwhwey.mp4,0.8183757066726685
pegyahnwzv.mp4,0.9607728719711304
pehkqyoddu.mp4,0.9616918563842773
pehrqgnrix.mp4,0.9673646688461304
peifyrheof.mp4,0.7776330709457397
peiyocyctt.mp4,0.8816919326782227
pejzzeqqso.mp4,0.6784079074859619
pekeufbstw.mp4,0.9226827621459961
pekodqqbax.mp4,0.9052349328994751
pekoptuztj.mp4,0.39777156710624695
pekovmmyxu.mp4,0.8608353137969971
pelbstehdi.mp4,0.9859811663627625
pempjmlwye.mp4,0.7182813882827759
pemtgysumu.mp4,0.8943659663200378
penimmldnu.mp4,0.9121479392051697
penlswonan.mp4,0.9544719457626343
peocvrpoig.mp4,0.9033285975456238
peponvetib.mp4,0.09838860481977463
pepxofvpjc.mp4,0.4962117075920105
peqlttygov.mp4,0.9774407148361206
peqrlhqeuk.mp4,0.5668012499809265
perdujoudu.mp4,0.7746202349662781
pertjakiyi.mp4,0.070992112159729
pescizvikx.mp4,0.9500662088394165
peudsjqzjk.mp4,0.950930118560791
pevmkpamhv.mp4,0.11768699437379837
pevstfrnqp.mp4,0.8955577611923218
pevthmobaq.mp4,0.9349415898323059
pevufxnibs.mp4,0.09411727637052536
pewbrjbels.mp4,0.8799587488174438
pewsydjklq.mp4,0.6652807593345642
pexvxscexv.mp4,0.9022761583328247
peywryldov.mp4,0.5634246468544006
pezloxvvwu.mp4,0.9580026268959045
pfaifvzmaa.mp4,0.2835577726364136
pfazzaldpy.mp4,0.9472154378890991
pfbfasuujc.mp4,0.4887644350528717
pfbkiautzr.mp4,0.9306418299674988
pfdsyxmmjv.mp4,0.9728005528450012
pfdzvxaics.mp4,0.8920632600784302
pfeesldjdn.mp4,0.7634247541427612
pffnbezptp.mp4,0.9150944352149963
pffsmfqkmi.mp4,0.933631181716919
pfggbyhryz.mp4,0.8356233835220337
pfghlqtwvm.mp4,0.2901800870895386
pfgurhcfop.mp4,0.3210473358631134
pfhgchbjqg.mp4,0.8941481709480286
pfhhczoboq.mp4,0.6166961193084717
pfhqhxqhoh.mp4,0.9351914525032043
pfhweukfvq.mp4,0.919113039970398
pfiigjlcct.mp4,0.06680546700954437
pfikdljbay.mp4,0.6872380971908569
pfixcuhlbc.mp4,0.7968407869338989
pfjirvgiue.mp4,0.7939724326133728
pfkfvfsxfd.mp4,0.8878788352012634
pfklensnqd.mp4,0.9127943515777588
pflnmyfdea.mp4,0.901698112487793
pflwvifizc.mp4,0.9553715586662292
pfmqommgzg.mp4,0.7029526233673096
pfncoqnjpp.mp4,0.9390963912010193
pfnhpletgn.mp4,0.9208195805549622
pfnjqdebhk.mp4,0.9442779421806335
pfnlffezum.mp4,0.9220194220542908
pfnzijbsvl.mp4,0.8818552494049072
pfpahwmhos.mp4,0.6388063430786133
pfpeofasyl.mp4,0.11262458562850952
pfpoucdemr.mp4,0.9613673686981201
pfpxrcbrmj.mp4,0.6570159792900085
pfpywtuptj.mp4,0.29422369599342346
pfqdhamqgq.mp4,0.9307603240013123
pfqkvwlvtk.mp4,0.9863876104354858
pfqrgzszqf.mp4,0.9871760010719299
pfqteuxfip.mp4,0.8567695021629333
pfrghhmuwf.mp4,0.973828136920929
pfrhiwfnia.mp4,0.9367518424987793
pfrijalpxc.mp4,0.8940681219100952
pfrribcoce.mp4,0.4255547523498535
pfrwwfnkhp.mp4,0.9820356369018555
pftbukprmr.mp4,0.9078913927078247
pftfakmxpw.mp4,0.9839780926704407
pftftfvqoa.mp4,0.04991944134235382
pfuzwoecsb.mp4,0.8604801893234253
pfvlgficdf.mp4,0.8633902072906494
pfvpevylmp.mp4,0.9049708247184753
pfvtjnsxni.mp4,0.76414555311203
pfvudxruqw.mp4,0.7673693895339966
pfvygvdlyi.mp4,0.962486207485199
pfvynemzlz.mp4,0.8950676321983337
pfwipsalvc.mp4,0.3494819402694702
pfwrsyhcfm.mp4,0.9454538822174072
pfwzlcyfmj.mp4,0.9744091629981995
pfxtruaxsa.mp4,0.9253467321395874
pfymnavyvy.mp4,0.5810182094573975
pfymqrhdqc.mp4,0.8791126012802124
pfymuncwij.mp4,0.9766122698783875
pfyrmrezpf.mp4,0.909777045249939
pfywkxivvl.mp4,0.8918938636779785
pfzbxqaits.mp4,0.8986812233924866
pfzencsnra.mp4,0.4448036551475525
pfziqkaxsy.mp4,0.4656898081302643
pfzxcvpscj.mp4,0.9008524417877197
pfzyojyifc.mp4,0.9353099465370178
pgamqeolau.mp4,0.09234466403722763
pgauaefvqv.mp4,0.9253526329994202
pgbafqqjfx.mp4,0.9156331419944763
pgbbhqrosl.mp4,0.9822180867195129
pgbebqbazd.mp4,0.9503563642501831
pgcqefcqxn.mp4,0.9391912817955017
pgdjbepvga.mp4,0.1420246809720993
pgdjphqudl.mp4,0.1887885332107544
pgdnvaylvb.mp4,0.7613130211830139
pgdoulrxmv.mp4,0.4511336088180542
pgfgfaleuk.mp4,0.569438099861145
pgfoawjjzc.mp4,0.7398694753646851
pgfpqworwx.mp4,0.8381187915802002
pgfxdqdsdj.mp4,0.08566763997077942
pghdhuhktt.mp4,0.11176810413599014
pghhhcxhgr.mp4,0.4246903657913208
pghjlvczdr.mp4,0.987706184387207
pghraehpov.mp4,0.9833153486251831
pgiicogiwa.mp4,0.04675468057394028
pgjedehsrc.mp4,0.8672073483467102
pgkhzdbvpp.mp4,0.8196006417274475
pgkipgmpgm.mp4,0.768642783164978
pgksrfzfjq.mp4,0.8996588587760925
pgkwulqxfb.mp4,0.8452805280685425
pgkzwuslmz.mp4,0.6982342004776001
pglbgnclte.mp4,0.1550125777721405
pgmtzjlzca.mp4,0.10471156239509583
pgnlxdoaeb.mp4,0.9218831658363342
pgnnygfrea.mp4,0.892352819442749
pgnoiqaeka.mp4,0.9340859055519104
pgnvdnglop.mp4,0.9600571990013123
pgoavrrrsw.mp4,0.9427945017814636
pgpbzlgpmr.mp4,0.09129419177770615
pgqxguqyyw.mp4,0.9866652488708496
pgqxsteufx.mp4,0.0844767838716507
pgrqayrsxm.mp4,0.9051568508148193
pgsbxkcwrl.mp4,0.8175663352012634
pgtcqolgtk.mp4,0.9505403637886047
pgtfaxfujh.mp4,0.7359610199928284
pgumwaujqo.mp4,0.9347209930419922
pguofzxhww.mp4,0.6572134494781494
pgupgtjrkh.mp4,0.5811312794685364
pgutuxhmdu.mp4,0.07787041366100311
pgvdvpudwz.mp4,0.9631386995315552
pgvvblzlzt.mp4,0.9133909344673157
pgwlrcxmrj.mp4,0.8738388419151306
pgwnbbmjlz.mp4,0.9574994444847107
pgwpxfigbd.mp4,0.8862748742103577
pgwvpgnoeq.mp4,0.6099430322647095
pgwxfdnats.mp4,0.7728021740913391
pgxorcqskw.mp4,0.9325608015060425
pgxubagpzg.mp4,0.9248794317245483
pgxuwsjdil.mp4,0.8128147125244141
pgxxjaglrb.mp4,0.9409518837928772
pgyavbqnmd.mp4,0.9300158619880676
pgzdmvrgkb.mp4,0.9487902522087097
pgzjhkinwl.mp4,0.9487241506576538
pgzuxaolfg.mp4,0.9318456649780273
pgzyjqokxi.mp4,0.08376817405223846
phabcdabjw.mp4,0.5361906886100769
pharlnoque.mp4,0.06994442641735077
phattrhhqe.mp4,0.8821170926094055
phayzlcgft.mp4,0.9312090873718262
phbalkodbj.mp4,0.283372700214386
phbxrphchc.mp4,0.9862400889396667
phcbhjtqwa.mp4,0.3710521161556244
phckycghnc.mp4,0.9421072602272034
phczzdttii.mp4,0.9087936878204346
phdfcdvyeh.mp4,0.9257757663726807
phdfvwrsak.mp4,0.8401748538017273
pheefnbikw.mp4,0.9846852421760559
pheffsftdw.mp4,0.9170136451721191
phfljuoghg.mp4,0.06181769445538521
phfxhnfctk.mp4,0.6819554567337036
phgpddrcpe.mp4,0.15164543688297272
phgztyaash.mp4,0.12695783376693726
phhhcbwbzm.mp4,0.9541131258010864
phhqbvmftl.mp4,0.9072830080986023
phhqimjgfz.mp4,0.7742361426353455
phhwfqdnjw.mp4,0.892582893371582
phiirijpsr.mp4,0.301215797662735
phjevxqkxu.mp4,0.6582494974136353
phjijpwnhi.mp4,0.6941050291061401
phjpxiynnq.mp4,0.9456767439842224
phljvfnjgq.mp4,0.12357402592897415
phmfgsbfgg.mp4,0.9113358855247498
phmfmuuahj.mp4,0.91798335313797
phmnxnimmv.mp4,0.8984658718109131
phmrzkqlbb.mp4,0.9038016200065613
phmuivlsju.mp4,0.07799072563648224
phngwcpbqw.mp4,0.6707227826118469
phohkjxoaz.mp4,0.9205449223518372
phpnlnvffy.mp4,0.6774637699127197
phpqcnwmie.mp4,0.9272957444190979
phprwvesya.mp4,0.9492862820625305
phqtmwabmh.mp4,0.8734095692634583
phrfelrfcp.mp4,0.9315394759178162
phrjkqvyhw.mp4,0.9448031187057495
phrzaeybdb.mp4,0.6444596648216248
phrzyfxbfg.mp4,0.9237480163574219
phsausetmv.mp4,0.11218300461769104
phsfuuykbt.mp4,0.6856353878974915
phsmtxibak.mp4,0.6116846799850464
phunfxbkan.mp4,0.9404693245887756
phunxwjbbf.mp4,0.35041287541389465
phuyuhvtjy.mp4,0.5701878666877747
phvciecduz.mp4,0.04416253790259361
phvngavaai.mp4,0.9651972651481628
phvoabhqqv.mp4,0.3464753329753876
phwhurlseg.mp4,0.9487965106964111
phwtljajfk.mp4,0.6229370832443237
phyiqavpra.mp4,0.7230989933013916
phzhryispv.mp4,0.9364383220672607
phzhxynpjx.mp4,0.5829989314079285
phzijipsqo.mp4,0.8981053829193115
phzsaimkga.mp4,0.7376527786254883
piadjgtnha.mp4,0.9833952188491821
piamkqfaed.mp4,0.8496181964874268
piapktaonp.mp4,0.8480057716369629
piaygiiqal.mp4,0.8788219094276428
pibqqlkngn.mp4,0.8989920616149902
pibrwzsawr.mp4,0.9380607008934021
pibtavvzhs.mp4,0.8942531943321228
picgjhojlj.mp4,0.04321422800421715
picxyrchki.mp4,0.9450773596763611
pidamdufdk.mp4,0.9426180124282837
pidozsejoq.mp4,0.9313046932220459
piedplkayh.mp4,0.9293512105941772
pieljwtnpg.mp4,0.7361962795257568
pifxpqfctr.mp4,0.88778156042099
pighueohyq.mp4,0.9386269450187683
pigsuchqbh.mp4,0.14186792075634003
pihdxqxmla.mp4,0.10574445873498917
pihucwrqbo.mp4,0.9732604026794434
piihqntouq.mp4,0.3649662733078003
piiicjgdvu.mp4,0.9261003136634827
piijcmcsap.mp4,0.9257628321647644
piiytlwgqj.mp4,0.7541623711585999
pijdcfzyqg.mp4,0.9481446146965027
pijtgijpbo.mp4,0.8537195920944214
pijzjjchqn.mp4,0.3805653750896454
pikidwbjsa.mp4,0.6851925849914551
pilnfoupip.mp4,0.8554205298423767
pilxjufslv.mp4,0.35435956716537476
pimrsfwcwm.mp4,0.03258126601576805
pimwkeghsp.mp4,0.8786906003952026
pinreruizk.mp4,0.2947530746459961
pioasylqng.mp4,0.9760188460350037
pioikeufiu.mp4,0.88431316614151
piokxdwqns.mp4,0.9134662747383118
piovymzozl.mp4,0.6352339386940002
pipiskgjmf.mp4,0.2517330050468445
pipnznintr.mp4,0.9400014281272888
piqdnslkof.mp4,0.9345393776893616
piqmkdyiyf.mp4,0.9862379431724548
piskiyyoxw.mp4,0.6569216251373291
piskvhpjqa.mp4,0.9585719108581543
piskwennwc.mp4,0.9718043804168701
pissdabnmv.mp4,0.6949076652526855
pisxzqepkr.mp4,0.9385733604431152
pitepwjoyg.mp4,0.936378002166748
pitiythfbh.mp4,0.8824883103370667
pitpjawwwp.mp4,0.07967191934585571
pitpmrwsov.mp4,0.8371809720993042
piwcgqxvml.mp4,0.6194810271263123
piwguhxzks.mp4,0.9666204452514648
piwqanqktm.mp4,0.948291540145874
piwtkahted.mp4,0.11946136504411697
pizwfjjwcl.mp4,0.9592798352241516
pjachukvqz.mp4,0.9192648530006409
pjafotgxtk.mp4,0.7860075831413269
pjapslcyuy.mp4,0.9373310208320618
pjbdhdvkts.mp4,0.8604119420051575
pjbewiubum.mp4,0.051163449883461
pjblduprdp.mp4,0.6700469851493835
pjbuzenimc.mp4,0.8947016000747681
pjbvvmlogk.mp4,0.8963502049446106
pjbxzwxgxi.mp4,0.695222795009613
pjcpyuwgui.mp4,0.9516753554344177
pjczoaraco.mp4,0.8182005882263184
pjdpbvgikm.mp4,0.9865893125534058
pjeejqpmym.mp4,0.8991438746452332
pjenbuiakt.mp4,0.6918140649795532
pjeqqdqzys.mp4,0.9507344961166382
pjfcbdevcn.mp4,0.8926324248313904
pjfkpiiali.mp4,0.7303553819656372
pjfokagfuf.mp4,0.897516667842865
pjfyovbzvf.mp4,0.08448667079210281
pjgezhtmnw.mp4,0.5769630074501038
pjgpjncexr.mp4,0.07517481595277786
pjhcqkwple.mp4,0.06297387927770615
pjidunorcs.mp4,0.7370858788490295
pjipeclnub.mp4,0.9305556416511536
pjjaarcbgd.mp4,0.9316580295562744
pjjmeuhjzi.mp4,0.8956828713417053
pjjroahzsq.mp4,0.8778596520423889
pjkkgptduh.mp4,0.9607324600219727
pjlkqigfgz.mp4,0.08333717286586761
pjnsejazpl.mp4,0.058019090443849564
pjnsijcadl.mp4,0.8772366046905518
pjofjddsnu.mp4,0.9406768083572388
pjoinmammg.mp4,0.1045043021440506
pjojqplosw.mp4,0.08254777640104294
pjolasryaq.mp4,0.9538471698760986
pjoqljbaea.mp4,0.6268686652183533
pjorrahqhd.mp4,0.9047403335571289
pjpauqpika.mp4,0.9287644028663635
pjqqnbiiwv.mp4,0.0725005492568016
pjqydnrqeu.mp4,0.5052128434181213
pjrhsvdlaj.mp4,0.9137964844703674
pjrlegmgry.mp4,0.6327871680259705
pjrnyngtrv.mp4,0.4700746238231659
pjrsquwlci.mp4,0.4917927086353302
pjsbuduywx.mp4,0.8167510628700256
pjsczfjhla.mp4,0.7879260182380676
pjsndmaqef.mp4,0.7278653383255005
pjsziyqflx.mp4,0.9444751143455505
pjtpsxxcdm.mp4,0.9733350872993469
pjtwokcuhv.mp4,0.20662641525268555
pjvvfgfbew.mp4,0.7527980804443359
pjwbqthctn.mp4,0.8840764760971069
pjwjqoymiz.mp4,0.9303155541419983
pjwlrdjgbp.mp4,0.8711318969726562
pjxxnotfdr.mp4,0.8969779014587402
pjydajuyry.mp4,0.948692262172699
pjyqoserus.mp4,0.6377964615821838
pjytlwuocz.mp4,0.7631943225860596
pjzsuxozit.mp4,0.8862556219100952
pkadxrjeaz.mp4,0.7669861316680908
pkbocacgxl.mp4,0.8883700370788574
pkcptxquew.mp4,0.4168122708797455
pkcwmxcizh.mp4,0.8753809332847595
pkeagdsnjo.mp4,0.758929967880249
pkejmfhdki.mp4,0.8656876683235168
pkfhzhlndv.mp4,0.9115538001060486
pkfucuczdu.mp4,0.947584867477417
pkhfledcxk.mp4,0.9139295220375061
pkhkfxdicm.mp4,0.6099345088005066
pkhrllrjhw.mp4,0.9063013792037964
pkhtxtxtsp.mp4,0.47720080614089966
pkinzjqukb.mp4,0.8052805662155151
pkisaekjge.mp4,0.8924327492713928
pkititkein.mp4,0.3772325813770294
pkjiipbwkb.mp4,0.8562272191047668
pkjrfaanye.mp4,0.7703264951705933
pkkaewbtdk.mp4,0.5241801142692566
pkkoaumvhh.mp4,0.9421212673187256
pkkueemque.mp4,0.10859141498804092
pkkulhtbxs.mp4,0.20602726936340332
pklpoweghi.mp4,0.5882672667503357
pkmqgnveoy.mp4,0.6231669783592224
pkoadvlpga.mp4,0.07260414958000183
pkovaypwgw.mp4,0.10308534651994705
pkozwhgwib.mp4,0.8636913299560547
pkplwbcjbz.mp4,0.9073957800865173
pkpxhevjjz.mp4,0.04488465189933777
pkpyudokau.mp4,0.7247830629348755
pkretcflwd.mp4,0.9128194451332092
pkrpyvfnye.mp4,0.1395137757062912
pkrvynnwyg.mp4,0.7430298924446106
pkuuvpmgmj.mp4,0.8516060709953308
pkwiouetyr.mp4,0.12880098819732666
pkwnblkdbq.mp4,0.6812183856964111
pkwzqtbnwi.mp4,0.7731095552444458
pkxivzdglf.mp4,0.9357710480690002
pkyavigtyl.mp4,0.8416335582733154
pkyxxemoat.mp4,0.29710695147514343
pkzaqynwoe.mp4,0.7157226800918579
pkzdpystaw.mp4,0.10909232497215271
pkzgfmxztj.mp4,0.940200924873352
pladypzcgb.mp4,0.49462607502937317
plalfkegrv.mp4,0.8903306722640991
plaxrifjkk.mp4,0.6191533803939819
plbiekrgig.mp4,0.9131800532341003
plboaosmir.mp4,0.8915414810180664
plbrhjitqu.mp4,0.910118579864502
plchjedipm.mp4,0.9776889681816101
plcmuilvyf.mp4,0.4645059108734131
plcubpryia.mp4,0.9657687544822693
plcylurjmq.mp4,0.9337047338485718
pldagpoppb.mp4,0.905904233455658
pldgpdtzwo.mp4,0.1729167103767395
pldoaeueim.mp4,0.8994657397270203
pldulzcfad.mp4,0.8216269016265869
pldxshnrxi.mp4,0.9011361002922058
pldzgzznwl.mp4,0.9259961843490601
plelqmhdxi.mp4,0.8231258392333984
plfphqkpdv.mp4,0.8304230570793152
plfzfbnmpm.mp4,0.7831587791442871
plhcceboag.mp4,0.06235284358263016
plhimyrwko.mp4,0.6188387274742126
plhpxrnebu.mp4,0.9407774806022644
pliebacntu.mp4,0.8952614665031433
plippwihgk.mp4,0.10262492299079895
pliqrpjnfd.mp4,0.7062707543373108
pljdzxdgdt.mp4,0.9847097396850586
pljhcyvmer.mp4,0.605982780456543
pljnvpebkl.mp4,0.04745826870203018
pljqtedavt.mp4,0.6306597590446472
plkcksnqxc.mp4,0.7403042912483215
plkliodisu.mp4,0.965787947177887
plljpjscih.mp4,0.07455199956893921
pllwlgzbkd.mp4,0.07428612560033798
plnkvnwbla.mp4,0.4770572781562805
plogjhefol.mp4,0.9442288875579834
plojogdbua.mp4,0.9461400508880615
plooixloch.mp4,0.8956684470176697
ploqepnxcv.mp4,0.6452291011810303
ploxfheign.mp4,0.9802741408348083
plpcftpcyg.mp4,0.9113528728485107
plpkbnqpcv.mp4,0.12287908047437668
plpsrmulpk.mp4,0.9213522672653198
plrcmlnnqp.mp4,0.9024972915649414
plrkbldxyp.mp4,0.87839275598526
plsfwhallo.mp4,0.9592701196670532
plsptwuohu.mp4,0.7687209844589233
plsqdnqkns.mp4,0.9069762229919434
plsymjphbl.mp4,0.9789396524429321
pltevshhxu.mp4,0.8509689569473267
plthqrvwfi.mp4,0.9461859464645386
pltlfhlduc.mp4,0.9602270126342773
pltwjwcncn.mp4,0.7147321701049805
pltxnccjnv.mp4,0.9589225649833679
pluadmqqta.mp4,0.47236987948417664
pluqjkqszt.mp4,0.8600437641143799
pluszdsjrz.mp4,0.8854745626449585
plvauswlpq.mp4,0.9669697284698486
plvrykakdu.mp4,0.9619327783584595
plxoyojaaz.mp4,0.7591391205787659
plxqkcocqk.mp4,0.9678705930709839
plyfuebkxu.mp4,0.9585440158843994
plyptzlztw.mp4,0.8536802530288696
pmamadybpb.mp4,0.9103201627731323
pmcecvmwlg.mp4,0.13265572488307953
pmcscrkcpq.mp4,0.8829153776168823
pmddllpeau.mp4,0.7085294127464294
pmdhfwrpvc.mp4,0.6999552845954895
pmdrdiqsdt.mp4,0.2288767397403717
pmfieukvwd.mp4,0.4367339313030243
pmfurjxdvg.mp4,0.7738602757453918
pmfvnctrpz.mp4,0.908750057220459
pmgvhydmtr.mp4,0.11792519688606262
pmhilgxldy.mp4,0.1202160194516182
pmjfwsvren.mp4,0.560375452041626
pmkxnqlmbj.mp4,0.7301534414291382
pmmnajdckf.mp4,0.8314477801322937
pmndyilsbk.mp4,0.9534291625022888
pmngqrxmfy.mp4,0.9347431659698486
pmnioznoyq.mp4,0.9204940795898438
pmnmpobtnk.mp4,0.9480828046798706
pmnsqtpgry.mp4,0.9471309781074524
pmpiwcrjzb.mp4,0.9564133882522583
pmqipedwwi.mp4,0.9045382142066956
pmqritfdoc.mp4,0.9520029425621033
pmrxgiizwz.mp4,0.5150613188743591
pmrygmlumz.mp4,0.9511342644691467
pmrzdxjmxw.mp4,0.8511757254600525
pmsajeqzpl.mp4,0.6733818054199219
pmsccgvvut.mp4,0.08008646219968796
pmsoxgfmhy.mp4,0.9193853139877319
pmtcmzolir.mp4,0.7577121257781982
pmtcverdaf.mp4,0.7313205003738403
pmtgzafbsg.mp4,0.7717933058738708
pmufuqkcvd.mp4,0.5769963264465332
pmulgdcejl.mp4,0.9489946365356445
pmuqfywvhy.mp4,0.8525887727737427
pmvdfssqbq.mp4,0.9590519070625305
pmvvidunuk.mp4,0.04261333867907524
pmwhyvxcvr.mp4,0.756519079208374
pmwmuvzomj.mp4,0.9069214463233948
pmwpzpjtjs.mp4,0.2152247130870819
pmwslwdetx.mp4,0.9378969073295593
pmwuehqlmk.mp4,0.8959596753120422
pmwuinaikg.mp4,0.8334252834320068
pmwvdylmeg.mp4,0.8779792785644531
pmwvepegll.mp4,0.907873809337616
pmxoptrowy.mp4,0.4445694386959076
pmymyqewcy.mp4,0.9134281277656555
pmywbdljmw.mp4,0.6074192523956299
pmyzwyncor.mp4,0.5157184600830078
pmzqmzivpy.mp4,0.9419078230857849
pnalawyffq.mp4,0.8103652000427246
pnanauydrw.mp4,0.571061372756958
pnasrgcdli.mp4,0.9459645748138428
pnauelqbxq.mp4,0.07315528392791748
pnbznglcbk.mp4,0.94283127784729
pndcdfogji.mp4,0.9165847301483154
pndozpftoa.mp4,0.04246740788221359
pnefwmfkuo.mp4,0.5
pnfcjcwvqt.mp4,0.9560503959655762
pnfizwuebk.mp4,0.836696445941925
pnfntyddbk.mp4,0.8636331558227539
pnghtmxjhy.mp4,0.9262315630912781
pngxwrscfv.mp4,0.16809606552124023
pnhxtiqyef.mp4,0.7215837240219116
pniyoniycd.mp4,0.4385247230529785
pnkngxzuxc.mp4,0.8314467668533325
pnksxmyogv.mp4,0.975725531578064
pnlbnshuvt.mp4,0.6864252090454102
pnljeroaga.mp4,0.8981225490570068
pnlqazskcv.mp4,0.7299166917800903
pnnjdevrun.mp4,0.8832972645759583
pnnqrbnihf.mp4,0.05852815508842468
pnolpthtsj.mp4,0.26071301102638245
pnooyxdnwq.mp4,0.8417116403579712
pnotaniiuh.mp4,0.19462628662586212
pnotngvwsc.mp4,0.9202133417129517
pnpnfwimcz.mp4,0.16053646802902222
pnpqdndtpm.mp4,0.8695245385169983
pnpssuckje.mp4,0.9237552285194397
pnpyiohvrh.mp4,0.5488954186439514
pnpylbwrxe.mp4,0.9037004113197327
pnpzfrvuse.mp4,0.9460927248001099
pnqfaupcyt.mp4,0.8632686138153076
pnqrgzrhmo.mp4,0.6211761832237244
pnqrmirozd.mp4,0.061530306935310364
pnqtvpcgqb.mp4,0.3645440638065338
pnrtppildr.mp4,0.9665219187736511
pnruniguok.mp4,0.8739546537399292
pnthjxopty.mp4,0.06374461203813553
pntmfxrtbf.mp4,0.09914680570363998
pnuieeypbl.mp4,0.6728541254997253
pnumreufox.mp4,0.7288845777511597
pnunughkny.mp4,0.7759574055671692
pnvllbncra.mp4,0.44669681787490845
pnvrrhnsfb.mp4,0.676035463809967
pnvsuyusxr.mp4,0.9563606977462769
pnvwghaiir.mp4,0.0713106170296669
pnwbmckzuh.mp4,0.058793265372514725
pnxevbwavg.mp4,0.9276218414306641
pnxooovlrp.mp4,0.9823750257492065
pnxtyycxbm.mp4,0.8598769307136536
pnyifxtzny.mp4,0.10966791212558746
pnypoxjkpv.mp4,0.7950536012649536
poagygqekh.mp4,0.8848199248313904
poahxxbghk.mp4,0.8094099164009094
poangahcby.mp4,0.6717865467071533
poawijamqy.mp4,0.8295981287956238
pobpsxjbzg.mp4,0.15761049091815948
pobrnbspcf.mp4,0.9720048308372498
pobymmwcwy.mp4,0.9279105067253113
pocjaqpnzv.mp4,0.6095005869865417
pocsjydjyz.mp4,0.11651996523141861
poctmcxnhq.mp4,0.8428491950035095
poebmykhvt.mp4,0.06908399611711502
poembpwcku.mp4,0.2861253023147583
poeuxfppbs.mp4,0.8490833640098572
poexqllusv.mp4,0.9847679138183594
pofpcjvpse.mp4,0.9286024570465088
pofuklunkl.mp4,0.05003153532743454
poggnpxcjk.mp4,0.13612160086631775
pogoqxuxxo.mp4,0.971393346786499
pogqgrvodn.mp4,0.09351371228694916
pogxidwkoc.mp4,0.6705960631370544
pohnfudvyb.mp4,0.06006539240479469
poiywgblss.mp4,0.9374698996543884
pojncdgzes.mp4,0.0793394073843956
pojvwuawan.mp4,0.8552886247634888
pokaexnnen.mp4,0.9829133152961731
pokctfragw.mp4,0.05168736353516579
polfqtcksh.mp4,0.9585908651351929
polmciaate.mp4,0.9248154163360596
polpmdcrab.mp4,0.8938384056091309
pomoerfbhi.mp4,0.9455263018608093
ponquljatl.mp4,0.9448992609977722
ponvsykciz.mp4,0.5083771347999573
poomzdaplh.mp4,0.6289499998092651
pooqotncon.mp4,0.9651514291763306
pootxlrbkt.mp4,0.9194676280021667
poqdlbpgdk.mp4,0.44877511262893677
poqfmwsmeb.mp4,0.9851632118225098
poqnjwqfbz.mp4,0.9850013852119446
porpclfhsm.mp4,0.7333393096923828
porqucsjpf.mp4,0.8692241907119751
posmjvxmqj.mp4,0.8751510381698608
potiaqgtly.mp4,0.3656775951385498
pottltryso.mp4,0.9562077522277832
potzjvaikd.mp4,0.9303836226463318
poucximcgb.mp4,0.8033985495567322
pouiedctwg.mp4,0.1336635798215866
povofxfmyg.mp4,0.9616967439651489
povyhigfoq.mp4,0.6290425658226013
powefqurtr.mp4,0.9411421418190002
powehvvxpm.mp4,0.9059076905250549
poweiwpymm.mp4,0.7180372476577759
powjcbrxhy.mp4,0.7527511715888977
powrtawkpq.mp4,0.9256447553634644
poxcwungti.mp4,0.9568103551864624
poxeniomzj.mp4,0.7438399195671082
poxvearhtv.mp4,0.831756055355072
poyajjsybi.mp4,0.43342941999435425
poyfrdwelj.mp4,0.8816198110580444
poyiixlbpd.mp4,0.823757529258728
poymvdmdpq.mp4,0.7488852739334106
poyotaksrd.mp4,0.9092087745666504
ppaapfxzrh.mp4,0.6711719036102295
ppacguqcus.mp4,0.8233566880226135
ppafdisvfs.mp4,0.10032151639461517
ppauzwuecv.mp4,0.060192257165908813
ppazvbxfkq.mp4,0.5794302225112915
ppbfducoef.mp4,0.9178491234779358
ppbnnrjjbj.mp4,0.9051806926727295
ppbuvsygxv.mp4,0.9243329763412476
ppcbfnvbhq.mp4,0.9449624419212341
ppcirpmocc.mp4,0.14875727891921997
ppcnutulcq.mp4,0.876794159412384
ppdkrhmmyw.mp4,0.6514682173728943
ppdmldrwmq.mp4,0.07135450839996338
ppdtcsoptx.mp4,0.839108407497406
ppfkrkdfsq.mp4,0.9269242286682129
ppfwisfqiz.mp4,0.9355767369270325
ppghcvwxhb.mp4,0.09284190088510513
pphswoggxd.mp4,0.8968614935874939
pphtxhdwjf.mp4,0.8716604709625244
ppiumatmbs.mp4,0.9170984625816345
ppivhoaxjn.mp4,0.9570748805999756
ppjaaacxea.mp4,0.07399413734674454
ppjbamhhnx.mp4,0.9635359048843384
pplpvzasyz.mp4,0.9190852642059326
ppmkczdlxf.mp4,0.9138896465301514
ppmwhgzcwl.mp4,0.6713574528694153
ppnfwtwqdn.mp4,0.8738031983375549
ppnlasqbib.mp4,0.7234281897544861
ppnsretpkp.mp4,0.9444906115531921
ppoteqgiso.mp4,0.8907663822174072
pppakyhsqd.mp4,0.06968162953853607
pppdeikeib.mp4,0.9775747656822205
pppxsojqis.mp4,0.8751134872436523
pppzygkcrq.mp4,0.8955786824226379
pprgcdyzbr.mp4,0.9013573527336121
pprjttaplj.mp4,0.8574649691581726
ppruxbqpmc.mp4,0.08870051056146622
ppsbepncbu.mp4,0.9643405079841614
ppsuoqqjmh.mp4,0.9265819787979126
ppsuqxxdez.mp4,0.9408252835273743
ppswzoloye.mp4,0.043939899653196335
ppulbuhtsc.mp4,0.0550759918987751
ppuwieuquq.mp4,0.669772744178772
ppvpwxicte.mp4,0.328121542930603
ppwojeoqgo.mp4,0.8440051674842834
ppwpmbboyj.mp4,0.9291579723358154
ppxeiiuyzd.mp4,0.9107196927070618
ppxxxsnrle.mp4,0.11014357209205627
ppxzlzozlo.mp4,0.8989242911338806
ppytockqbg.mp4,0.8765827417373657
ppzejehyib.mp4,0.8979043960571289
pqbcjrahfr.mp4,0.9653871655464172
pqbjwjdyju.mp4,0.8105992674827576
pqcbwsbunr.mp4,0.9228840470314026
pqcjagansh.mp4,0.032239217311143875
pqcmvupjkq.mp4,0.08643203228712082
pqcuzuvuac.mp4,0.10732567310333252
pqcxyoffjh.mp4,0.20435039699077606
pqdblfdjdx.mp4,0.9332497119903564
pqdixqyrnn.mp4,0.9396844506263733
pqdpkvyzkd.mp4,0.3933563530445099
pqetdjqyji.mp4,0.7860142588615417
pqfpzhxtld.mp4,0.1551816463470459
pqfqgmjnpt.mp4,0.7674776911735535
pqfqigfoku.mp4,0.9300939440727234
pqfudknvne.mp4,0.8541996479034424
pqgwhfmkwf.mp4,0.9853999614715576
pqhmroolul.mp4,0.2489452213048935
pqhsksvphq.mp4,0.8817650675773621
pqijsrwump.mp4,0.4306587874889374
pqikxlmztl.mp4,0.7498587369918823
pqisdncyld.mp4,0.7449898719787598
pqjbxncmbx.mp4,0.9505612850189209
pqjgyjlesf.mp4,0.03940247744321823
pqjjvrkkrv.mp4,0.2475874125957489
pqjohdhtga.mp4,0.8874561786651611
pqjuzmfsbf.mp4,0.8646095991134644
pqkacknadd.mp4,0.9284166693687439
pqlauglmgs.mp4,0.9535812139511108
pqlrefmwjy.mp4,0.9200268983840942
pqmbpqdayi.mp4,0.9850199222564697
pqmrrobvmc.mp4,0.07451234012842178
pqmxoshepp.mp4,0.7083358764648438
pqmzswopvf.mp4,0.858620285987854
pqonpngniv.mp4,0.9351444840431213
pqosythwla.mp4,0.9415847659111023
pqqcsvxqxx.mp4,0.8111286163330078
pqqsmsnriq.mp4,0.8392948508262634
pqqxpmmzxg.mp4,0.07695723325014114
pqrbxifkas.mp4,0.8728170990943909
pqrggejzlk.mp4,0.9784138798713684
pqrjmnwnws.mp4,0.8853525519371033
pqsagmqjeh.mp4,0.15770839154720306
pqsmwjofnv.mp4,0.969822347164154
pqtcazpwkz.mp4,0.5841730833053589
pqtdnrrwxw.mp4,0.9630533456802368
pqvpyhwqeb.mp4,0.8816643357276917
pqvygeowrw.mp4,0.14313596487045288
pqwcldcjrg.mp4,0.9150352478027344
pqzygnzjal.mp4,0.921427845954895
praejvzobk.mp4,0.7723875045776367
praxxqfbca.mp4,0.9107665419578552
prbopxwpbg.mp4,0.8124693036079407
prfazywuin.mp4,0.8291773200035095
prfgrrfhvn.mp4,0.842607319355011
prfhnhcjit.mp4,0.9314095377922058
prfkopjxlo.mp4,0.11972425878047943
prfocjkspe.mp4,0.11224125325679779
prfqrpkmiz.mp4,0.9752328991889954
prfrehxxwo.mp4,0.9707544445991516
prfunrywhi.mp4,0.9289551377296448
prgabxklps.mp4,0.7155900597572327
prglmoibam.mp4,0.18217109143733978
prgsjxouys.mp4,0.9327776432037354
prgutjbuuh.mp4,0.9464563727378845
prhdmizihl.mp4,0.7228845953941345
prhtsikveb.mp4,0.9323378205299377
prhzrybbyv.mp4,0.9052420258522034
prjefzbysc.mp4,0.13704778254032135
prjgmbrrul.mp4,0.9513391256332397
prjlrcdzgn.mp4,0.931801974773407
prjrcfilhx.mp4,0.8600585460662842
prkdqkqaey.mp4,0.9171756505966187
prlcitdohn.mp4,0.5273466110229492
prlyhzyvin.mp4,0.8037607669830322
prmlfaijin.mp4,0.48025161027908325
prmnjagfou.mp4,0.9633744955062866
prmsipiaar.mp4,0.9027595520019531
prnkefehur.mp4,0.8760647773742676
prnzloklyt.mp4,0.9188643097877502
prqennmmxg.mp4,0.9575943350791931
prqmuxhuxz.mp4,0.9467934966087341
prrcrjeoon.mp4,0.6712363362312317
prrmqbiqrq.mp4,0.9129999876022339
prruktoyam.mp4,0.919629693031311
prrunyloar.mp4,0.7412438988685608
prsbugjqmo.mp4,0.09533802419900894
prsrxsaovf.mp4,0.9709776639938354
prsuzakumu.mp4,0.9277154207229614
prsuzvpamj.mp4,0.9449847340583801
prulxmmjmt.mp4,0.9374725818634033
prunoewxoq.mp4,0.9057084918022156
pruskulhhm.mp4,0.8269450068473816
prvywumnxp.mp4,0.9324601888656616
prwcfvlbxt.mp4,0.8961527943611145
prwqccopko.mp4,0.8912560343742371
prwxnkdjvn.mp4,0.44165411591529846
prxhknqiyr.mp4,0.7964377999305725
prymcazhvz.mp4,0.9267880916595459
pryqgrbtnu.mp4,0.5604860782623291
prywkmtclk.mp4,0.9803752303123474
przaseupwe.mp4,0.5739936828613281
przeoxdbzt.mp4,0.39370909333229065
prznheagqp.mp4,0.9562087059020996
psbaqedyql.mp4,0.08076278865337372
psbgxhroec.mp4,0.4386596977710724
psbgyrmswy.mp4,0.06450837850570679
psbmmlmhtt.mp4,0.8614725470542908
psbtwxcors.mp4,0.375602662563324
psbxinwmzi.mp4,0.04477180168032646
psccxyywfp.mp4,0.9459846019744873
pscilvlcfe.mp4,0.8724905848503113
pscjganiiz.mp4,0.9130565524101257
psdcglgadb.mp4,0.6998139023780823
pseztyrlso.mp4,0.830732524394989
psffpiwnao.mp4,0.9124506115913391
psfnavhkox.mp4,0.9066327810287476
psgcmeevqw.mp4,0.0668477937579155
psgxemizbf.mp4,0.2578445374965668
pshppncsis.mp4,0.9467216730117798
psikfpkmvy.mp4,0.1350482702255249
psisqzlzqv.mp4,0.9254132509231567
psjamnzvbl.mp4,0.8855734467506409
psjvcvakau.mp4,0.8837383985519409
pskrepsber.mp4,0.8126670718193054
pskybfspex.mp4,0.9634773135185242
pslcdcjmle.mp4,0.6655789613723755
psllfggoyy.mp4,0.8277873992919922
pslnqfybnb.mp4,0.7069410681724548
psltqmakjh.mp4,0.03316823020577431
pslumxunya.mp4,0.9381355047225952
pslxmuatrm.mp4,0.7513687610626221
psofrcnrgj.mp4,0.505021870136261
psognfwlxk.mp4,0.8347128033638
psptkqaviq.mp4,0.8264527916908264
psqesimzbe.mp4,0.9018720388412476
psqvrrxuiv.mp4,0.7369160056114197
psqwmochwx.mp4,0.8959752917289734
psrtgeevbs.mp4,0.5299431681632996
psrwibjyuz.mp4,0.9112604856491089
pssipdjqmk.mp4,0.8614721298217773
pssrxuhhzx.mp4,0.09441029280424118
pssuagmhqe.mp4,0.7171511054039001
psswspmmjg.mp4,0.18245503306388855
psunkvudmg.mp4,0.8711701035499573
psvwnycwwd.mp4,0.9227167367935181
pswonpmzlk.mp4,0.7422379851341248
pswpwsihyh.mp4,0.9396433234214783
psxhjgbmjc.mp4,0.2440994679927826
psxmyfhtwl.mp4,0.5924335718154907
psxrqbfwyw.mp4,0.7545233964920044
psxugpwbol.mp4,0.8896642327308655
psxvmehkfb.mp4,0.10961928963661194
psyxxwppgx.mp4,0.8634340167045593
psyyushnlf.mp4,0.9239652156829834
ptatgjbsfs.mp4,0.8481402397155762
ptbtnbbctl.mp4,0.9491428732872009
ptcdqoiuel.mp4,0.6552873849868774
ptcrjmzmdl.mp4,0.970739483833313
ptdawaxkyp.mp4,0.8596870303153992
ptdcjzmqea.mp4,0.8649871349334717
ptdmgkolnb.mp4,0.07985593378543854
ptegweijrr.mp4,0.06471627205610275
ptepivjkjl.mp4,0.8585494160652161
ptexkavgvu.mp4,0.9387071132659912
ptfcnxqvob.mp4,0.37250053882598877
ptffofifnz.mp4,0.9312728047370911
ptfpegxozl.mp4,0.06223438307642937
ptfqhiqkgd.mp4,0.6598642468452454
ptghltsnbo.mp4,0.9210283160209656
ptgknknrfm.mp4,0.7411718964576721
ptgvxdueef.mp4,0.17672018706798553
pticjimqju.mp4,0.9439246654510498
ptickeoewq.mp4,0.9166499376296997
ptiiiqkqgs.mp4,0.9751965999603271
ptjihahpmt.mp4,0.7972548604011536
ptjzgjopac.mp4,0.9326360821723938
ptkykdajdz.mp4,0.07085225731134415
ptlrtncaqy.mp4,0.8997591733932495
ptlzpuawoo.mp4,0.6976367831230164
ptnldszkif.mp4,0.9360215067863464
ptnzsvzlej.mp4,0.9516720771789551
ptobzydrwa.mp4,0.9185541868209839
ptopxblgje.mp4,0.9450426697731018
ptpwirgwfz.mp4,0.9072934985160828
ptpzrqekgf.mp4,0.8605901598930359
ptqgpxscnp.mp4,0.9598519802093506
ptqgzekfid.mp4,0.665901780128479
ptqkwtkwpq.mp4,0.9417608380317688
ptqsphywja.mp4,0.9376281499862671
ptqtbnjqeg.mp4,0.15697163343429565
ptqwsbbuxi.mp4,0.9131150245666504
ptrdkljjfh.mp4,0.9537472724914551
ptrkaagphv.mp4,0.6961432099342346
ptrminytzx.mp4,0.8958605527877808
ptsrrwkmqp.mp4,0.9532662034034729
pttmamyudu.mp4,0.9378190040588379
pttmkamnkw.mp4,0.9473738074302673
pttsfakrqz.mp4,0.3024270832538605
pttxfjzsti.mp4,0.31313660740852356
ptvfbmvvnf.mp4,0.874940037727356
ptvwfthsjg.mp4,0.0777711272239685
ptvwojjuez.mp4,0.9179027676582336
ptwvktbrkb.mp4,0.05100913345813751
ptwxxjqnnf.mp4,0.06575632095336914
ptxmbsgifn.mp4,0.8522533178329468
ptyyglfweg.mp4,0.08720820397138596
ptzsbpefvr.mp4,0.96174556016922
ptzxvjgjwz.mp4,0.25644469261169434
puankmtkpx.mp4,0.06593269109725952
puayaegfzc.mp4,0.6615934371948242
pudbzateow.mp4,0.8725070953369141
pudronlbzz.mp4,0.5463683009147644
pueavxabai.mp4,0.8609423637390137
puecbpxyqo.mp4,0.9084740281105042
puehpcuogn.mp4,0.9077522158622742
puemvkoblm.mp4,0.9401535987854004
pueqlvhrwe.mp4,0.40791934728622437
puexbfedbu.mp4,0.9569298624992371
pufnpandex.mp4,0.645033597946167
pugpbktags.mp4,0.9205571413040161
pugtgocjzr.mp4,0.8891685009002686
puguqhbdvh.mp4,0.6696694493293762
puhjrwiugy.mp4,0.9148560762405396
puigcvenlb.mp4,0.8069908022880554
pujesybccy.mp4,0.5985726118087769
pukadnvszm.mp4,0.31889328360557556
pukazvyxsq.mp4,0.9492552876472473
pukgfyejhx.mp4,0.9461763501167297
pumcwenhvq.mp4,0.9080150127410889
pumddnsxwx.mp4,0.16536463797092438
pumffnnouu.mp4,0.74151611328125
pummhwdbej.mp4,0.8742644786834717
pumnrqagpu.mp4,0.9742498993873596
pumwbrpyuj.mp4,0.8822872042655945
punagkmsre.mp4,0.8165538907051086
punqbfjyrc.mp4,0.4521291255950928
puorotbdiv.mp4,0.8695238828659058
puotmtodbn.mp4,0.9329958558082581
puowduonmd.mp4,0.940800130367279
puowyznsdq.mp4,0.874397873878479
pupjadwkax.mp4,0.9512811303138733
puqnpcuwsy.mp4,0.9334455132484436
purmwibzcn.mp4,0.8838090300559998
puroflwjfs.mp4,0.8467794060707092
purusnswkx.mp4,0.897517740726471
purxqukfuh.mp4,0.6469395160675049
pusajukxil.mp4,0.9701727628707886
pusesezkcd.mp4,0.9315106272697449
pusfbqewwf.mp4,0.9039947986602783
pusklupezx.mp4,0.9179684519767761
pusldsubqy.mp4,0.06860380619764328
pusmcmsihq.mp4,0.9142078161239624
putyzkxcjz.mp4,0.8616575002670288
puulczljgm.mp4,0.27722877264022827
puutrzxais.mp4,0.531844973564148
puvuqrlolz.mp4,0.8242442011833191
puvvywduwt.mp4,0.8716208934783936
puwjvgezys.mp4,0.8822262287139893
puwwiljdre.mp4,0.9808446764945984
puxyqrfjta.mp4,0.4017397165298462
puydativvj.mp4,0.7310851216316223
puyeatljay.mp4,0.9331017732620239
puyxvhkodv.mp4,0.9182210564613342
puyyqevntm.mp4,0.9722819924354553
puzwojcrbe.mp4,0.5061195492744446
pvaqstcfjk.mp4,0.9683245420455933
pvavxqylhc.mp4,0.9820805788040161
pvbdhnfemx.mp4,0.5563042163848877
pvbdifolam.mp4,0.18507719039916992
pvbewjhnjp.mp4,0.09736191481351852
pvbgaiuqns.mp4,0.8919329047203064
pvbvaosojl.mp4,0.9710659384727478
pvbzxpsick.mp4,0.9732601642608643
pvcfpdevfm.mp4,0.9441578388214111
pvebjakgkr.mp4,0.9302845597267151
pvegwounyt.mp4,0.9342774152755737
pvenevvffc.mp4,0.9378991723060608
pvewomynek.mp4,0.871813178062439
pvfewkcgrp.mp4,0.23844732344150543
pvfiljtfns.mp4,0.5179738998413086
pvftdbjqcw.mp4,0.5895452499389648
pvhjgvgvie.mp4,0.939322829246521
pviwtrccdg.mp4,0.8939569592475891
pvixruqpez.mp4,0.9899998903274536
pvjqwjoeuf.mp4,0.7952365279197693
pvjwuaajjd.mp4,0.7560304403305054
pvjybkpdsy.mp4,0.49212485551834106
pvjzffabqd.mp4,0.9802696108818054
pvktyesgur.mp4,0.6269662976264954
pvminukwso.mp4,0.9550803303718567
pvmokvewhb.mp4,0.5828302502632141
pvnhodzpvf.mp4,0.7520953416824341
pvnooavkvn.mp4,0.9215898513793945
pvnpmbpwxn.mp4,0.873676061630249
pvnsvczxkh.mp4,0.751095712184906
pvowbefokt.mp4,0.9456424117088318
pvpbwxosrx.mp4,0.9079665541648865
pvpwrlobcx.mp4,0.9588665962219238
pvqppdmqqg.mp4,0.9891320466995239
pvrdcolevr.mp4,0.07742100208997726
pvrfbgpgje.mp4,0.989560604095459
pvrggltqrl.mp4,0.06901715695858002
pvrijmergz.mp4,0.8898891806602478
pvrjjvoihs.mp4,0.94562166929245
pvrqrjywet.mp4,0.9883576035499573
pvsslamopo.mp4,0.185629203915596
pvstgeijgo.mp4,0.7748618125915527
pvtcxqusay.mp4,0.2833099961280823
pvtrkaxahz.mp4,0.9247989654541016
pvtsjgugdp.mp4,0.9084028005599976
pvujmqubwu.mp4,0.834650456905365
pvwmgrtott.mp4,0.2829225957393646
pvwsgjbvmi.mp4,0.7056201696395874
pvxiloudsj.mp4,0.7163212895393372
pvxnqhtwda.mp4,0.6966037154197693
pvycdsluwg.mp4,0.9464918971061707
pvydbwrdgi.mp4,0.9167352318763733
pvzgufiliz.mp4,0.15244291722774506
pwablachdg.mp4,0.8869336247444153
pwaluxvqcn.mp4,0.9035850167274475
pwbegjvvgm.mp4,0.9736834168434143
pwbifbezht.mp4,0.8866086006164551
pwbpbksysm.mp4,0.8934036493301392
pwdakyifzk.mp4,0.6661627888679504
pwdvfmaywo.mp4,0.493973970413208
pwdyxmhngn.mp4,0.8682214021682739
pwgbzxpmgt.mp4,0.9483869671821594
pwglpxzofe.mp4,0.0700489953160286
pwgpewfjvf.mp4,0.5402710437774658
pwgtdgnidb.mp4,0.9492349028587341
pwhfyhiylv.mp4,0.9293873906135559
pwhiztzjqx.mp4,0.9767228960990906
pwhtfnrmhu.mp4,0.1629035770893097
pwihptsjpa.mp4,0.07879426330327988
pwixhhbnpy.mp4,0.9060579538345337
pwnfyidcej.mp4,0.8794560432434082
pwnydczknu.mp4,0.9601650238037109
pwomjjcxft.mp4,0.9295971393585205
pwplooonzr.mp4,0.941153347492218
pwqcfklfqn.mp4,0.16825103759765625
pwqrhnzwak.mp4,0.9413067102432251
pwrudpreyl.mp4,0.9128915071487427
pwswsvzyaf.mp4,0.9399372339248657
pwvidqwogv.mp4,0.922076404094696
pwvpfttgsf.mp4,0.8907817006111145
pwwdehqvoc.mp4,0.9225462079048157
pwwgiqiybt.mp4,0.2929985821247101
pwwjdomzxi.mp4,0.946955144405365
pwyhucpuec.mp4,0.8595012426376343
pwykrfsnwi.mp4,0.9038214683532715
pwyouvrckw.mp4,0.9625641703605652
pwzbbarjex.mp4,0.751666247844696
pwzeckclkl.mp4,0.8623573184013367
pwztmwvivr.mp4,0.3323446214199066
pwzzorrlkk.mp4,0.9661234021186829
pxbztcqpio.mp4,0.971889317035675
pxcjdwfpga.mp4,0.8686054944992065
pxdkjopwcv.mp4,0.16321009397506714
pxdmdyvkul.mp4,0.8203739523887634
pxdwcuxvjv.mp4,0.43019336462020874
pxegpancna.mp4,0.6607803702354431
pxgcsltbuo.mp4,0.12969599664211273
pxgeaiygef.mp4,0.969645619392395
pxgnazvpjg.mp4,0.8627074360847473
pxhcfbebvr.mp4,0.9016864895820618
pxhwgskonh.mp4,0.13363100588321686
pxikipycvd.mp4,0.9371315240859985
pxjepyolrx.mp4,0.5638508200645447
pxjsnrepmv.mp4,0.9565867185592651
pxjtropsqz.mp4,0.9201184511184692
pxklenwixy.mp4,0.9897691607475281
pxkzujgyio.mp4,0.07425136864185333
pxlbxfvijw.mp4,0.9103346467018127
pxmqbfgrrg.mp4,0.9360191226005554
pxmyzylodg.mp4,0.8951084017753601
pxnaxnviej.mp4,0.8401185274124146
pxoflohafi.mp4,0.7364049553871155
pxpbqjnvfb.mp4,0.8197704553604126
pxpgpipzko.mp4,0.9014456272125244
pxphjgbuan.mp4,0.9900000095367432
pxpzbkubiw.mp4,0.8936402797698975
pxqbgycgke.mp4,0.8333479166030884
pxqfxrmrvq.mp4,0.9008115530014038
pxqvoaocjc.mp4,0.9104110598564148
pxrxonthng.mp4,0.835741400718689
pxstpntfik.mp4,0.6880967617034912
pxtcqbkjxh.mp4,0.9594215154647827
pxtfzcgygo.mp4,0.8985872864723206
pxtmceyexo.mp4,0.7993708252906799
pxttorxdsz.mp4,0.9513557553291321
pxtwhbaxjq.mp4,0.059430334717035294
pxtzoehded.mp4,0.8997789025306702
pxugccqdyw.mp4,0.8128069043159485
pxvfrpedgb.mp4,0.7230627536773682
pxvhejkhal.mp4,0.9532723426818848
pxwbdfwpis.mp4,0.9131676554679871
pxwhwijmwu.mp4,0.9448913335800171
pxwsxsqrxo.mp4,0.0788019523024559
pxwsyikzhk.mp4,0.931829571723938
pxxgfubfbq.mp4,0.8672157526016235
pxxguhagfn.mp4,0.8391497731208801
pxxopnfcws.mp4,0.9416258335113525
pxxuiipgyj.mp4,0.9230272769927979
pxyagrehlm.mp4,0.049012865871191025
pxybdhuebe.mp4,0.09907114505767822
pxyhugggrw.mp4,0.966498613357544
pxyobrqczs.mp4,0.5
pxzvashwaj.mp4,0.8750595450401306
pyadjhgwwg.mp4,0.9471642374992371
pyakbfrsrg.mp4,0.8736582398414612
pyatfykggq.mp4,0.5846842527389526
pyblvfivrb.mp4,0.7862348556518555
pybzhyijuj.mp4,0.951814591884613
pyddtnougq.mp4,0.9731208086013794
pydicxfaui.mp4,0.8951868414878845
pydxemoazo.mp4,0.9261289834976196
pyfdoezmny.mp4,0.9819661974906921
pyfefgwgbv.mp4,0.9492132663726807
pyfsongfdl.mp4,0.8874474167823792
pyhdqhvfmi.mp4,0.9650206565856934
pyhwajmxej.mp4,0.9894529581069946
pyiknfgqnm.mp4,0.8372203707695007
pyiokgdmtn.mp4,0.9022747874259949
pyirqybluh.mp4,0.8270412087440491
pyiuwbshfp.mp4,0.07091572880744934
pyivwtgcrm.mp4,0.8584405779838562
pyizpldjtt.mp4,0.9564761519432068
pykaqukcdj.mp4,0.9152924418449402
pykqvcgxnw.mp4,0.9796948432922363
pylwstofpv.mp4,0.6374158263206482
pymgphyzhr.mp4,0.278109610080719
pymszauioy.mp4,0.06329701840877533
pyomnllkvj.mp4,0.09914208948612213
pyoxnqhzqq.mp4,0.9897477030754089
pyphimtais.mp4,0.9342173933982849
pypxedrzav.mp4,0.3771570324897766
pypxrwqgaq.mp4,0.6566421985626221
pyqjzlzvko.mp4,0.8609663844108582
pyqsgndnrw.mp4,0.8280629515647888
pyqtbypnqg.mp4,0.7791808843612671
pyrdmilads.mp4,0.8559910655021667
pyrhvfzopv.mp4,0.12026116251945496
pyrllhzvyu.mp4,0.981637179851532
pysigszjgo.mp4,0.9315440058708191
pysjedccrf.mp4,0.821801483631134
pyskxmbfpg.mp4,0.4555736482143402
pysrzmolcv.mp4,0.817833662033081
pywrgddeca.mp4,0.9459897875785828
pywweersld.mp4,0.8151668906211853
pywxdairkd.mp4,0.9480119943618774
pyxhwbzyrg.mp4,0.8078270554542542
pyyaxsbbbp.mp4,0.7617319226264954
pyyxxpegwi.mp4,0.26119932532310486
pyzepotmxt.mp4,0.7178983092308044
pyzgaiiyxu.mp4,0.9615435600280762
pzahcjixkg.mp4,0.772013247013092
pzakekzhfi.mp4,0.9016323089599609
pzamxhibmn.mp4,0.6339159607887268
pzavvsvgcx.mp4,0.9277650713920593
pzbpgfmroj.mp4,0.9100037217140198
pzcdutquno.mp4,0.9075469374656677
pzcglyxlwk.mp4,0.9075632095336914
pzckrglsvu.mp4,0.949515163898468
pzcmgsmatm.mp4,0.9109523296356201
pzcxyzdmiv.mp4,0.5019004940986633
pzdmbizzii.mp4,0.12765328586101532
pzdoevuzwv.mp4,0.8438408374786377
pzdpebciok.mp4,0.9203092455863953
pzdzczpiox.mp4,0.9492879509925842
pzebzpasgj.mp4,0.9155784845352173
pzecurkcxx.mp4,0.9403864741325378
pzercnfmug.mp4,0.7557867765426636
pzfhcgandq.mp4,0.4407334327697754
pzfhfsydwy.mp4,0.29371994733810425
pzgagecgnf.mp4,0.9631776809692383
pzgcgbulgl.mp4,0.9388309717178345
pzgeyymivj.mp4,0.9228570461273193
pzgsrmdlvz.mp4,0.9050868153572083
pziarhvygf.mp4,0.8178062438964844
pzimoyoury.mp4,0.8961902856826782
pzirdftiaz.mp4,0.6468664407730103
pziufroodg.mp4,0.9148175120353699
pzivjwhqov.mp4,0.9099442958831787
pzjryvkrpk.mp4,0.060298528522253036
pzlpudvjix.mp4,0.27863115072250366
pzlwkpdahw.mp4,0.9263868927955627
pzmmdpmshf.mp4,0.9383620619773865
pzmoqduqjq.mp4,0.8312697410583496
pzmutdcadh.mp4,0.7934531569480896
pzomelmnrp.mp4,0.9512272477149963
pzowceokcd.mp4,0.09053962677717209
pzpwphlnxu.mp4,0.1361926943063736
pzqaygzvjf.mp4,0.9158928394317627
pzqxzikhwm.mp4,0.8438613414764404
pzsocepgmv.mp4,0.07736507058143616
pzspgkvlll.mp4,0.7143915295600891
pzspkxtant.mp4,0.5890364646911621
pzsuborsgk.mp4,0.25161004066467285
pzsxcaflwj.mp4,0.9572772979736328
pztbkrlqor.mp4,0.9073559045791626
pztxqnhvae.mp4,0.851688027381897
pzufavdbfv.mp4,0.9406157732009888
pzumrlxamm.mp4,0.4797738790512085
pzwlyqggah.mp4,0.7977928519248962
pzwoxlterv.mp4,0.9656640887260437
pzwqfnobtp.mp4,0.8774221539497375
pzwtizynzc.mp4,0.5500301122665405
pzxleueqvr.mp4,0.9162218570709229
pzycnmhhfn.mp4,0.900587797164917
pzyhjedqpq.mp4,0.8836436867713928
pzykicgewh.mp4,0.9114411473274231
pzymesrkiw.mp4,0.06813617050647736
pzzsoygjrt.mp4,0.07406783849000931
pzzzekfocy.mp4,0.6452896595001221
qaaljoehxg.mp4,0.913287878036499
qabasbfbvq.mp4,0.9257234930992126
qabiffosed.mp4,0.4589628577232361
qacdnclndl.mp4,0.7836946845054626
qacskiibcp.mp4,0.5503211617469788
qacvhhqluv.mp4,0.055356115102767944
qadbnbiycj.mp4,0.5225796103477478
qadjptxmws.mp4,0.8710092306137085
qaemextuyi.mp4,0.8714054226875305
qaetdhiuwm.mp4,0.7772982716560364
qafakioflg.mp4,0.9201086759567261
qagitrexta.mp4,0.07668077200651169
qagxvohvxo.mp4,0.9260532259941101
qahcngjhej.mp4,0.3988229036331177
qahtfludkl.mp4,0.9341304302215576
qaiozzeueb.mp4,0.6686643958091736
qaitolgfpi.mp4,0.18180155754089355
qaizpjityn.mp4,0.8627022504806519
qajvbvmsyx.mp4,0.06550581753253937
qakawyiuci.mp4,0.9830618500709534
qakdnzxzfi.mp4,0.9849651455879211
qakejlwwve.mp4,0.9049012660980225
qakelecikv.mp4,0.8698976039886475
qakilppebo.mp4,0.8954769372940063
qaknxageki.mp4,0.09188079833984375
qakprhrdpo.mp4,0.3729000985622406
qakyqobzcl.mp4,0.9532455205917358
qalehnebou.mp4,0.8227183222770691
qalfxhcyun.mp4,0.7016687393188477
qaltnoczta.mp4,0.05159442871809006
qalzzdwwpp.mp4,0.38821113109588623
qambtseykx.mp4,0.9695844650268555
qamskblnuz.mp4,0.8948196768760681
qanupcllau.mp4,0.7736049890518188
qaoevtvccu.mp4,0.8590017557144165
qaojhmwxnh.mp4,0.07791373133659363
qaoxmcakyq.mp4,0.28462302684783936
qaozfttguh.mp4,0.7350537776947021
qapzukzocc.mp4,0.867893636226654
qaqeyfsjzt.mp4,0.11762421578168869
qaqselfmvk.mp4,0.889924168586731
qarbtmjwhm.mp4,0.9144905805587769
qarpewfwec.mp4,0.1365756243467331
qasegxokhd.mp4,0.7114468216896057
qasuvdzvve.mp4,0.11845863610506058
qathnxbqyg.mp4,0.7429702877998352
qatpflatwm.mp4,0.936586320400238
qaubhdsftl.mp4,0.8626562356948853
qavfnunwko.mp4,0.8277416229248047
qavkaanptn.mp4,0.8350438475608826
qavmygtuwp.mp4,0.800603449344635
qavvoguryv.mp4,0.19888056814670563
qavxwrowsr.mp4,0.9572842717170715
qawcrdqhzm.mp4,0.7363761067390442
qawlzyeanh.mp4,0.9064699411392212
qawqquinvi.mp4,0.873082160949707
qawxksvzgg.mp4,0.179758220911026
qawzmmogfi.mp4,0.9387925267219543
qaxlixhfjr.mp4,0.6456559300422668
qayauexvxs.mp4,0.956400990486145
qaydrxmkyy.mp4,0.05375059321522713
qayfduhgrg.mp4,0.4284270107746124
qaykajuehl.mp4,0.05772406980395317
qaymboiwnh.mp4,0.9732455015182495
qazgpjuxaf.mp4,0.9412961006164551
qazhafeotq.mp4,0.8618529438972473
qazliewpdc.mp4,0.9081421494483948
qazoxlmqwq.mp4,0.3294692635536194
qazyugjnac.mp4,0.9424784779548645
qbaezlvfyf.mp4,0.04159563034772873
qbazbfwwfr.mp4,0.08486757427453995
qbbfmjxrky.mp4,0.6165992021560669
qbbxoavbkn.mp4,0.958835780620575
qbcfkasycp.mp4,0.08033698052167892
qbclqicpvo.mp4,0.7478179335594177
qbcqqpfiio.mp4,0.9115504622459412
qbctptvuka.mp4,0.8963935971260071
qbcwxidpbe.mp4,0.9001594185829163
qbearsyziz.mp4,0.1573813259601593
qbewiycpda.mp4,0.9005634784698486
qbfdtumuct.mp4,0.9337210655212402
qbfeehccgm.mp4,0.0744757205247879
qbffpkpmkf.mp4,0.933160126209259
qbfxidkjyc.mp4,0.5491774082183838
qbfxwbmzvn.mp4,0.9840435981750488
qbgcdjndjv.mp4,0.8291793465614319
qbgegquhcv.mp4,0.9621342420578003
qbgxbcbdsy.mp4,0.930057942867279
qbgziwaytb.mp4,0.9125034213066101
qbhoufagsa.mp4,0.9419687390327454
qbhqvurazh.mp4,0.24584028124809265
qbhwgtoxtw.mp4,0.07277780026197433
qbhwlloqtk.mp4,0.9573674201965332
qbickdrspc.mp4,0.591633677482605
qbigcxlref.mp4,0.8836351633071899
qbiqbalfjw.mp4,0.2284826636314392
qbitwemclz.mp4,0.7540522217750549
qbjkfyxndy.mp4,0.8917102217674255
qbktkqpxpg.mp4,0.6463039517402649
qbkzflbjmg.mp4,0.9224399328231812
qblixmliay.mp4,0.9097446203231812
qbmfahfsjf.mp4,0.17357097566127777
qbmrcveaty.mp4,0.8653280735015869
qboebijfdo.mp4,0.9009928107261658
qbolqxeymc.mp4,0.8000230193138123
qboupinbkg.mp4,0.947699248790741
qboxvhjwkv.mp4,0.8093663454055786
qbqimiiqil.mp4,0.9414042830467224
qbqiripjiw.mp4,0.9093090295791626
qbqpmnxlzo.mp4,0.9421376585960388
qbrhnfuqik.mp4,0.06741213798522949
qbrspkkntl.mp4,0.942558228969574
qbruzfywhk.mp4,0.8767222762107849
qbrydvysxr.mp4,0.0755080133676529
qbspgynfev.mp4,0.060604728758335114
qbuifwjeya.mp4,0.9778531789779663
qbukkfjscz.mp4,0.9225050210952759
qbwgzkomsh.mp4,0.05877966061234474
qbwmzlyqkk.mp4,0.09077677130699158
qbwogsfwmm.mp4,0.8751142621040344
qbwzfmddmg.mp4,0.7430660724639893
qbxmrfmazf.mp4,0.9894905686378479
qbxpyhzacb.mp4,0.4164390563964844
qbygrzcpev.mp4,0.8951884508132935
qcakjqbslu.mp4,0.9303045272827148
qcarktkmfw.mp4,0.9685285687446594
qcaxjegmms.mp4,0.09590455889701843
qcbbixyego.mp4,0.43519145250320435
qcbcypifeo.mp4,0.8511069416999817
qcccdaicit.mp4,0.9871255159378052
qcciietoau.mp4,0.9150105118751526
qcciqakhhx.mp4,0.9019238948822021
qccyrzyylf.mp4,0.09346798062324524
qceqxoeuhv.mp4,0.9320982694625854
qcewpdldym.mp4,0.6952828764915466
qcgtwpyxth.mp4,0.10860337316989899
qchgluoajg.mp4,0.13156279921531677
qcijdjhhgd.mp4,0.9773030281066895
qcisdurnzt.mp4,0.9145350456237793
qcjgabgrmm.mp4,0.9634383916854858
qckawgxxme.mp4,0.8649998903274536
qckgsogoli.mp4,0.853793203830719
qckjihxoze.mp4,0.9002670049667358
qckndouuwc.mp4,0.17643682658672333
qclhbfpyzh.mp4,0.9410644173622131
qclxjhdxwy.mp4,0.66639643907547
qcmmdedmfx.mp4,0.8976328372955322
qcmqhyrdff.mp4,0.8452051877975464
qcnbbxhbxx.mp4,0.8177593350410461
qcnjqaeoyy.mp4,0.9517065286636353
qcnkgyvxnj.mp4,0.3125517666339874
qcohlfrfzb.mp4,0.04746729135513306
qcoswscyff.mp4,0.9686209559440613
qcpbapccjf.mp4,0.915617823600769
qcqbzfczbs.mp4,0.43982410430908203
qcqduqlzgl.mp4,0.1208774745464325
qcrkeithwj.mp4,0.6328327059745789
qcrofjquht.mp4,0.8439323902130127
qcrqpfsepo.mp4,0.9364610314369202
qcrrlmsbxe.mp4,0.8894668221473694
qctdmbxpkl.mp4,0.5104591846466064
qctpzulzfb.mp4,0.8573320508003235
qctwmqwixb.mp4,0.8590442538261414
qctzpmzrmm.mp4,0.3184660077095032
qcucdrolwk.mp4,0.9162336587905884
qcuobsfbgz.mp4,0.9631110429763794
qcusoawsce.mp4,0.9093540906906128
qcusznoptm.mp4,0.8848891854286194
qcvaewqluc.mp4,0.8540040254592896
qcvctfwlam.mp4,0.7797046899795532
qcvfnunaii.mp4,0.9153342843055725
qcvxqjcjop.mp4,0.8965843915939331
qcwhkhxsxp.mp4,0.1635371744632721
qcwicuoutm.mp4,0.9761777520179749
qcwnjxtwkx.mp4,0.8672962188720703
qcwxkavpma.mp4,0.9564254879951477
qcwxyaedgo.mp4,0.44518640637397766
qcwynifwtv.mp4,0.8876241445541382
qcxmaefecu.mp4,0.9283345341682434
qcyggexcva.mp4,0.9241619110107422
qcyjwpyzre.mp4,0.9007280468940735
qcyrdgigaj.mp4,0.3481724262237549
qcyvmkzmkn.mp4,0.781487762928009
qczjnkzuds.mp4,0.716282308101654
qdalidxckj.mp4,0.9338443279266357
qdamwtliks.mp4,0.1284739077091217
qdantvtdji.mp4,0.06472197920084
qdatmkjpel.mp4,0.9423272013664246
qdbiwougrn.mp4,0.10796891152858734
qdchvtrjnx.mp4,0.9217765927314758
qdctvtvvhu.mp4,0.7607038021087646
qdcytygejy.mp4,0.8083685636520386
qddptxyuis.mp4,0.9476099610328674
qdeddghxvf.mp4,0.8420402407646179
qdedmpcthy.mp4,0.07925738394260406
qdeoczzuri.mp4,0.9116790294647217
qdeoocmxki.mp4,0.862026572227478
qdfmiqozpn.mp4,0.1258871853351593
qdgkxwjeuw.mp4,0.9490517973899841
qdgrrfeazr.mp4,0.07801536470651627
qdgxsfkqiu.mp4,0.9899998903274536
qdhcklxqhv.mp4,0.9268074631690979
qdhloyonpq.mp4,0.8982917070388794
qdhzxxckjo.mp4,0.11656729131937027
qdiclkoxze.mp4,0.07459648698568344
qdiufdxior.mp4,0.7452181577682495
qdjdzkhnnk.mp4,0.23635362088680267
qdjkbhhkch.mp4,0.8126617074012756
qdjrghdsss.mp4,0.9398422837257385
qdkcjwbzek.mp4,0.581709623336792
qdkkmvsjnv.mp4,0.8523716330528259
qdkpphviay.mp4,0.7730187177658081
qdmlbvbqjr.mp4,0.9491437077522278
qdmmbyksot.mp4,0.918662965297699
qdmvzknbua.mp4,0.6458267569541931
qdmziefhyk.mp4,0.87990403175354
qdngwwhqhr.mp4,0.7896638512611389
qdomnebwdz.mp4,0.965576708316803
qdonojiofl.mp4,0.9117308855056763
qdpsfnrtiq.mp4,0.3259769082069397
qdqaqufmft.mp4,0.9651591181755066
qdqbgaselz.mp4,0.9409144520759583
qdqgwpnhur.mp4,0.8711575865745544
qdqopybovr.mp4,0.6001265645027161
qdsemavzrz.mp4,0.9439736604690552
qdsoatwrfm.mp4,0.3258877992630005
qdtarwtswk.mp4,0.8322023153305054
qdtcxywgnm.mp4,0.9848049283027649
qdtgqujwjj.mp4,0.8297571539878845
qdtjdlzsqq.mp4,0.9246171712875366
qdtsfjcrok.mp4,0.9358726143836975
qdumndmniy.mp4,0.9261625409126282
qdvaogedny.mp4,0.9769944548606873
qdvkuwavxh.mp4,0.07167784869670868
qdvwtjmpzd.mp4,0.9695887565612793
qdvzaxpbbc.mp4,0.8118284940719604
qdvzovpzxz.mp4,0.6115773916244507
qdwcydrmpl.mp4,0.16246691346168518
qdwudkptxp.mp4,0.09186949580907822
qdwuhbpvep.mp4,0.6217759251594543
qdwvvoimhk.mp4,0.954717755317688
qdxmxypccp.mp4,0.9458030462265015
qdzpvshylg.mp4,0.1806090772151947
qdzwfutwtr.mp4,0.8542114496231079
qeaenmeqch.mp4,0.9022483825683594
qeaidqxbcr.mp4,0.9316978454589844
qeapomuzvr.mp4,0.8098242282867432
qeaptjerog.mp4,0.6988640427589417
qeazdknzss.mp4,0.1905449479818344
qebmvcnrci.mp4,0.9265474081039429
qebpsryhmk.mp4,0.20805856585502625
qedweideez.mp4,0.09890451282262802
qegspyzueh.mp4,0.9349384903907776
qehhvbqcqb.mp4,0.865310788154602
qehjebtcnd.mp4,0.9094799757003784
qeihozmlzy.mp4,0.9837331771850586
qeiieirdew.mp4,0.8224917054176331
qeisrntpof.mp4,0.21090254187583923
qeixbflvlm.mp4,0.8982242941856384
qejbkgrhhc.mp4,0.597216010093689
qejcjbqktv.mp4,0.8747180700302124
qejykotkmu.mp4,0.9323176741600037
qeksmemriz.mp4,0.08228544145822525
qeldxuikby.mp4,0.5266390442848206
qelebriybu.mp4,0.8947269320487976
qeliekmpgw.mp4,0.36773931980133057
qelncdmypn.mp4,0.12246499210596085
qelyibfked.mp4,0.8052565455436707
qemdkwwbrt.mp4,0.9682854413986206
qemnbegrho.mp4,0.6291273236274719
qemsqijsia.mp4,0.8905272483825684
qemtpanxez.mp4,0.3693698048591614
qemuphggwx.mp4,0.8480414152145386
qenfcfpnyu.mp4,0.36760851740837097
qenmgitlwr.mp4,0.9077481031417847
qeohiqsvtr.mp4,0.18927092850208282
qepgiaxgpc.mp4,0.9266747236251831
qepouweoaa.mp4,0.10437864065170288
qepydkyjsp.mp4,0.7852064371109009
qeqhrejxbu.mp4,0.938037633895874
qeqirjftzj.mp4,0.8698049783706665
qeqismarzh.mp4,0.9386988282203674
qeqwigwfho.mp4,0.589126706123352
qerfvwacdh.mp4,0.92281574010849
qersvgvzxy.mp4,0.9442850351333618
qerzuiktae.mp4,0.8314230442047119
qesiggdoxo.mp4,0.5550878643989563
qesmxvzqug.mp4,0.9103460311889648
qetcosphde.mp4,0.831063985824585
qetspshozl.mp4,0.8049197793006897
qeurndelvm.mp4,0.05093277990818024
qewhficabz.mp4,0.9186452627182007
qexbrbnpvk.mp4,0.925859808921814
qexgjiiepq.mp4,0.9591552019119263
qexywkebun.mp4,0.49060842394828796
qeyfuwvgry.mp4,0.07847234606742859
qeysxtnltj.mp4,0.9543696641921997
qezaswxjjc.mp4,0.8329748511314392
qezdfuypuk.mp4,0.5342476963996887
qezedhmcby.mp4,0.7304612398147583
qfalftifws.mp4,0.13678063452243805
qfbjbbyggl.mp4,0.856843888759613
qfbktumuyy.mp4,0.8288348913192749
qfbyocchwl.mp4,0.9471583962440491
qfcnafbfcf.mp4,0.9271354079246521
qfdictbypd.mp4,0.5774267911911011
qfdywqdzlj.mp4,0.9373759627342224
qfeeomcnkt.mp4,0.9379473328590393
qffnrfvdrv.mp4,0.9153155088424683
qfghdrjlwf.mp4,0.9399992823600769
qfgnlxibpa.mp4,0.9881184697151184
qfhbsyjana.mp4,0.9193038940429688
qfhczvsdro.mp4,0.20361532270908356
qfignkscqm.mp4,0.9336135983467102
qfivssvisf.mp4,0.6617761254310608
qfiwnyhkqc.mp4,0.8087295889854431
qfjsamulau.mp4,0.2947043478488922
qfjtmqetlk.mp4,0.1252571940422058
qfjxksudna.mp4,0.8808126449584961
qfmajvthzz.mp4,0.9642890691757202
qfmcmnajyq.mp4,0.8687257170677185
qfmyjptlse.mp4,0.9462291598320007
qfnbjfaiog.mp4,0.9868782162666321
qfogmbqkpx.mp4,0.9422866702079773
qfqkqwpdzz.mp4,0.9034913778305054
qfqrbspvml.mp4,0.08715283870697021
qfqxmlnwgg.mp4,0.8659493923187256
qfrjidpspj.mp4,0.45210665464401245
qfrsnwsqhh.mp4,0.7334585189819336
qfrxxdiimw.mp4,0.2282695770263672
qfsfuccmaw.mp4,0.5295588970184326
qftfxdlguy.mp4,0.05344662815332413
qfthkysoex.mp4,0.9671310782432556
qftwzgqden.mp4,0.8079391717910767
qfudvgtsvb.mp4,0.9237393140792847
qfufdlvwmm.mp4,0.936348021030426
qfvhfbvusv.mp4,0.9100130796432495
qfviucsqdg.mp4,0.9024327993392944
qfvooavkif.mp4,0.6619873046875
qfvwjynnqm.mp4,0.8880795240402222
qfwgvhiiib.mp4,0.9078100323677063
qfxbywuyon.mp4,0.5846495032310486
qfxcxwtxjn.mp4,0.9056057929992676
qfxjflovbm.mp4,0.925711989402771
qfxoqjbsin.mp4,0.9207404255867004
qfxqqhaagl.mp4,0.9000440239906311
qfyhcgcwax.mp4,0.08629756420850754
qfynhcomcc.mp4,0.4329846203327179
qfyoeodvek.mp4,0.7713391184806824
qfzlclsckz.mp4,0.880166232585907
qfzxalrbch.mp4,0.9199877977371216
qfzylqortq.mp4,0.1710854172706604
qgabaegfth.mp4,0.9390074014663696
qgauinldgq.mp4,0.7974331378936768
qgbbcbddkw.mp4,0.06437810510396957
qgbrqvxrvg.mp4,0.8944977521896362
qgceqqxgdy.mp4,0.965395987033844
qgebtgsjgp.mp4,0.8523767590522766
qgeexzvica.mp4,0.3196251690387726
qgeflumyqt.mp4,0.6308474540710449
qgegnisbuy.mp4,0.8602814674377441
qgenivlwxx.mp4,0.8707199096679688
qggfpdkyzi.mp4,0.6637356877326965
qggoaluomc.mp4,0.9858269691467285
qggorpxlar.mp4,0.18476790189743042
qghmhdqihp.mp4,0.781135618686676
qghmmyafhm.mp4,0.6625921130180359
qghuclzrkb.mp4,0.9496515989303589
qghxomiqga.mp4,0.8482986092567444
qgioqjfncl.mp4,0.8819393515586853
qgjehqhned.mp4,0.07123089581727982
qgjmwsjewa.mp4,0.49388331174850464
qgjsymcviq.mp4,0.8239266872406006
qgjtjtybfe.mp4,0.8603251576423645
qgjwebhigi.mp4,0.9871255159378052
qgklsksocd.mp4,0.9646974802017212
qgkngvwbjk.mp4,0.9572872519493103
qgktqfhjav.mp4,0.8177217245101929
qglvmhycuz.mp4,0.8922145366668701
qgmhchlepr.mp4,0.23937135934829712
qgmtytfqrs.mp4,0.9429134726524353
qgnfirqiia.mp4,0.6672976613044739
qgpabkriss.mp4,0.06399954110383987
qgpdybvbgt.mp4,0.9109416604042053
qgpeqdwejy.mp4,0.7679053544998169
qgpgoaebqm.mp4,0.6943575739860535
qgqdlhcpli.mp4,0.87342768907547
qgrejnsnfh.mp4,0.5612568259239197
qgrlklhrhy.mp4,0.6799442768096924
qgrmsdxdzq.mp4,0.6649572849273682
qguauknhcp.mp4,0.935871422290802
qguogqrstd.mp4,0.9736484885215759
qguojjuoik.mp4,0.09539804607629776
qguqtlgwlq.mp4,0.9540500640869141
qgvbolqcnx.mp4,0.8408416509628296
qgvfnphfqc.mp4,0.7104949355125427
qgvoxogmsk.mp4,0.961406409740448
qgvpayyowv.mp4,0.9477996826171875
qgwjcftfwn.mp4,0.8457733392715454
qgwsgxxbvh.mp4,0.7021036148071289
qgwzddqsxa.mp4,0.9030336737632751
qgydgdfexo.mp4,0.8721758127212524
qgyftraasm.mp4,0.8340439200401306
qgylbcujuz.mp4,0.5200976729393005
qgylpvnvfo.mp4,0.917320728302002
qgzsxiivsh.mp4,0.9506478309631348
qhanuectob.mp4,0.03662421926856041
qharxzhzpl.mp4,0.4426993429660797
qhbbvqwrlf.mp4,0.14319956302642822
qhbwmeuvlk.mp4,0.051644422113895416
qhcrglyfcc.mp4,0.389883816242218
qhdqhjbujm.mp4,0.9336082935333252
qhenulofmh.mp4,0.9320129156112671
qhescyhiyc.mp4,0.9344800710678101
qheuupgvbr.mp4,0.9325598478317261
qhfmkiduph.mp4,0.9483289122581482
qhgatctqbg.mp4,0.5
qhgwzcngjl.mp4,0.34560149908065796
qhhcyzinds.mp4,0.884571373462677
qhhdapwbnq.mp4,0.8058789372444153
qhhghykaji.mp4,0.9128987193107605
qhhuilcdfg.mp4,0.0766875222325325
qhhwmxnbuy.mp4,0.9872491955757141
qhkbseidwc.mp4,0.6835454702377319
qhkkwmfeou.mp4,0.9242570400238037
qhkpconctz.mp4,0.8780133724212646
qhkzosvlzx.mp4,0.7107294797897339
qhlodwkmyh.mp4,0.20230253040790558
qhlsraccva.mp4,0.4588751792907715
qhlybfsdsr.mp4,0.900812566280365
qhmpvfydoy.mp4,0.9416959881782532
qhnnhpzaas.mp4,0.7256379723548889
qhnxbdjpma.mp4,0.8834452033042908
qhofqthgwz.mp4,0.7532517313957214
qhozgfjkma.mp4,0.8879623413085938
qhpcrojqpe.mp4,0.9174665808677673
qhppjfvvnd.mp4,0.8603468537330627
qhqiarfckg.mp4,0.8917611837387085
qhqtbeahkh.mp4,0.9733716249465942
qhtommnsyr.mp4,0.7771227359771729
qhtynlhtjf.mp4,0.9513478875160217
qhuavqhohe.mp4,0.9196236729621887
qhukhgopvk.mp4,0.888503909111023
qhuklcsudv.mp4,0.43583837151527405
qhvjhqerbn.mp4,0.6138461828231812
qhvrgrjvaw.mp4,0.9029150009155273
qhvsxatale.mp4,0.8676204681396484
qhwdfvhfji.mp4,0.39440059661865234
qhwkphcmhx.mp4,0.09519033879041672
qhwvegmmkh.mp4,0.9165375232696533
qhwzhtpmeh.mp4,0.8254241347312927
qhynsxlqfk.mp4,0.9067846536636353
qhzdqyhcxi.mp4,0.9889845252037048
qhzdxuntiq.mp4,0.8297884464263916
qhzlgrtgto.mp4,0.07343628257513046
qhzotbmmwx.mp4,0.9017640352249146
qhzsjgdnmi.mp4,0.9047299027442932
qhzszqjbky.mp4,0.21224071085453033
qiavmjzzoo.mp4,0.8542998433113098
qibqfptxxa.mp4,0.9662916660308838
qibykrrjbm.mp4,0.989563524723053
qiccukosrw.mp4,0.9179090261459351
qicmcrfkuw.mp4,0.49559342861175537
qictduddwj.mp4,0.6737006902694702
qicwnwunsy.mp4,0.9152231216430664
qiczijfwzc.mp4,0.9027154445648193
qidllqhcmn.mp4,0.9524908661842346
qiecarkcbo.mp4,0.8705392479896545
qiedeatkdn.mp4,0.8658379912376404
qieejdykzq.mp4,0.8935956954956055
qiencoqvif.mp4,0.8656774163246155
qifncvpzyr.mp4,0.3590833842754364
qigelwcwpj.mp4,0.8912259936332703
qigskimisr.mp4,0.77191162109375
qigxibvhit.mp4,0.900326669216156
qigxtdctsr.mp4,0.7763702869415283
qigyfjakmj.mp4,0.7671545147895813
qiiigtcpft.mp4,0.916905403137207
qiioediphr.mp4,0.9697906374931335
qiklmoeita.mp4,0.05206682160496712
qilsdbinay.mp4,0.9457806944847107
qilwdrtnzl.mp4,0.8023954033851624
qimqbyybxc.mp4,0.8795832395553589
qimrefcrsq.mp4,0.5225655436515808
qinaurlkvw.mp4,0.21839876472949982
qinpkkfegb.mp4,0.9396629333496094
qinyhsxbgf.mp4,0.6792022585868835
qiosphoted.mp4,0.49246588349342346
qipvtesjat.mp4,0.9024845361709595
qiqctsoubc.mp4,0.6964467167854309
qiqdfujmpi.mp4,0.8390445709228516
qiqieplpxn.mp4,0.9190509915351868
qiqonryknn.mp4,0.6820980906486511
qirdqgprcg.mp4,0.9674261212348938
qirerpsggs.mp4,0.9286562204360962
qirlrtrxba.mp4,0.5252655744552612
qirxhqkusg.mp4,0.08422952145338058
qisjkztwii.mp4,0.7940421104431152
qiskqhdpzu.mp4,0.8918436765670776
qitiabilhn.mp4,0.0722607970237732
qitjfirxhv.mp4,0.8248621821403503
qitjmadsok.mp4,0.7181583642959595
qiuvlhixsm.mp4,0.08843735605478287
qivnumuetu.mp4,0.05808301270008087
qivscggdxa.mp4,0.09039375931024551
qiwwbbfnfx.mp4,0.45316532254219055
qixjbbvhfz.mp4,0.5080187320709229
qixvgwxtsu.mp4,0.07965598255395889
qixxwvudhj.mp4,0.646506667137146
qiyfmmstkg.mp4,0.902037501335144
qiykbribkj.mp4,0.4979240298271179
qizdwvhwvj.mp4,0.9138898849487305
qizehpisuk.mp4,0.7554765939712524
qiziibfhqv.mp4,0.6064178347587585
qjastnhahm.mp4,0.9716325402259827
qjbajyxjrl.mp4,0.6442098021507263
qjbkgngvjm.mp4,0.07100655883550644
qjbwmqfnyo.mp4,0.7757189273834229
qjcbjujnim.mp4,0.07001905888319016
qjcmkbqshg.mp4,0.972355306148529
qjcnnmpipq.mp4,0.8608227968215942
qjcsboclei.mp4,0.15500204265117645
qjdnvnboja.mp4,0.948800265789032
qjdoivqffx.mp4,0.9849428534507751
qjdvogjflt.mp4,0.9660724401473999
qjfmlltkin.mp4,0.8034889101982117
qjfqgmiaii.mp4,0.7340489029884338
qjgwplghku.mp4,0.09158025681972504
qjhgmqzjxi.mp4,0.9233205914497375
qjhhpmzdht.mp4,0.6814368367195129
qjilklnynm.mp4,0.08112414926290512
qjiotjvrcd.mp4,0.47014403343200684
qjivvtfbyy.mp4,0.8004478216171265
qjjqrwcpqj.mp4,0.9647570848464966
qjjqwmxmwp.mp4,0.944890558719635
qjlirsyyuf.mp4,0.8962576389312744
qjlwxtgfkb.mp4,0.9885651469230652
qjmqiyatjh.mp4,0.9200868606567383
qjmvtrvzmh.mp4,0.9421387910842896
qjnkguwzga.mp4,0.06425894796848297
qjpctcyecg.mp4,0.7692821025848389
qjphwyykjf.mp4,0.062098901718854904
qjpjsbuowe.mp4,0.11108842492103577
qjpuunrrkx.mp4,0.9446735978126526
qjpxpkpnju.mp4,0.9059780836105347
qjqetocnmy.mp4,0.9342453479766846
qjqwxdfwyf.mp4,0.9605791568756104
qjqxkytcfi.mp4,0.2703607678413391
qjrehkhxft.mp4,0.9403228759765625
qjskzoczau.mp4,0.8849039077758789
qjstyfsobe.mp4,0.9583340883255005
qjszghlgdt.mp4,0.09445880353450775
qjtbhtgrar.mp4,0.2797413766384125
qjtwwkgdkm.mp4,0.9262404441833496
qjustchaja.mp4,0.9303237199783325
qjvorprquk.mp4,0.6374156475067139
qjvufjcirw.mp4,0.8985205888748169
qjvwhzoaek.mp4,0.1150677427649498
qjvzhisszu.mp4,0.8567221164703369
qjwcddsnoa.mp4,0.7187333703041077
qjwdojkcng.mp4,0.9519643187522888
qjwujikrmf.mp4,0.08028697222471237
qjxhhdxktb.mp4,0.9233848452568054
qjxsbswtnc.mp4,0.9418978095054626
qjxukectwt.mp4,0.6200999617576599
qjxvtpxhxw.mp4,0.9740530848503113
qjyykerdmj.mp4,0.9531003832817078
qkaqmybrgw.mp4,0.9874494671821594
qkatcnxayz.mp4,0.9718748331069946
qkayepnyep.mp4,0.9279216527938843
qkbgohclnp.mp4,0.5374385118484497
qkbkvjaijr.mp4,0.8923725485801697
qkbnmdxliw.mp4,0.9774272441864014
qkbowpmjpj.mp4,0.9525105357170105
qkbtcymbvd.mp4,0.9340600371360779
qkchcuiljp.mp4,0.8625970482826233
qkdfluzasa.mp4,0.947107195854187
qkdhsyavds.mp4,0.9644483923912048
qkdihcaufr.mp4,0.9865784049034119
qkdqgtlifi.mp4,0.8483160138130188
qkekqjtxus.mp4,0.9836322665214539
qkewkrmwtj.mp4,0.936850905418396
qkfpkofngs.mp4,0.7091973423957825
qkfyrhvkul.mp4,0.8668746948242188
qkgicklwyn.mp4,0.30705833435058594
qkgjlvkxtj.mp4,0.5171591639518738
qkhgbszhwh.mp4,0.8816612958908081
qkhnqcilhv.mp4,0.8616933822631836
qkhqtedugp.mp4,0.4132545292377472
qkhwkgevey.mp4,0.9309527277946472
qkicqzirnd.mp4,0.5019832253456116
qkjdawzkvu.mp4,0.14424218237400055
qkkzignpbc.mp4,0.07432162016630173
qklcfndqwg.mp4,0.5789669156074524
qkliebaumg.mp4,0.9676504135131836
qklrtcpnfa.mp4,0.08530168980360031
qkmhohutfl.mp4,0.8916652798652649
qkmixzfeit.mp4,0.8716268539428711
qkmzesolsi.mp4,0.9044657945632935
qknolltspg.mp4,0.35325247049331665
qknsdfybhj.mp4,0.8946008086204529
qknujpiibr.mp4,0.9192826151847839
qkoqclvwex.mp4,0.9502452611923218
qkpceyfxya.mp4,0.9632047414779663
qkptrvsobe.mp4,0.15926454961299896
qkqgbbpphm.mp4,0.893944263458252
qkqhovigyz.mp4,0.8920857906341553
qkqmaxgnlq.mp4,0.9059656262397766
qkqopqpxtm.mp4,0.0794423446059227
qkqtzfkiqq.mp4,0.665449321269989
qkqzqsvvpx.mp4,0.9155604839324951
qkrbqtpdpn.mp4,0.861901044845581
qkrficezjn.mp4,0.9716423153877258
qkromhcvfm.mp4,0.10780458897352219
qkrpkmoigh.mp4,0.8926604986190796
qkrumcvepk.mp4,0.3817163407802582
qkrydvcmsa.mp4,0.7695799469947815
qksxgjvpex.mp4,0.9209950566291809
qkszfitgii.mp4,0.9133746027946472
qktbokxwrr.mp4,0.9453548789024353
qktgqwwxpq.mp4,0.9038317799568176
qkvhjisfka.mp4,0.912400484085083
qkvomxkjun.mp4,0.8902025818824768
qkvybvlifk.mp4,0.8577420115470886
qkwklxtgus.mp4,0.6814997792243958
qkxwgctvyr.mp4,0.9217621684074402
qkycekbvxz.mp4,0.989836573600769
qkypyxxorb.mp4,0.8169645667076111
qkzhcmlvjj.mp4,0.5750278234481812
qkzkhoigbo.mp4,0.09395276010036469
qlaogvtstw.mp4,0.9741933941841125
qlarnqliwe.mp4,0.8674470782279968
qlbapiibba.mp4,0.10404732823371887
qlbfklnrfc.mp4,0.8759692907333374
qlbhyfplkh.mp4,0.9222206473350525
qlcbfvbjoe.mp4,0.9017215371131897
qlczyutmml.mp4,0.9304513335227966
qleawlggxr.mp4,0.7152251601219177
qlejqhjtpc.mp4,0.06019635125994682
qlfddsdesx.mp4,0.9093762040138245
qlffmdnveh.mp4,0.8951296210289001
qlfiutdsqu.mp4,0.5405199527740479
qlgwfcomin.mp4,0.36760851740837097
qlhkakbrbl.mp4,0.9418837428092957
qlhzwkknbk.mp4,0.8852961659431458
qlineszgvu.mp4,0.8556743860244751
qlininxlhl.mp4,0.4624488651752472
qlitejizqt.mp4,0.8558616638183594
qlizhzamzj.mp4,0.9406585693359375
qljnhratda.mp4,0.8874292373657227
qljththfso.mp4,0.9015512466430664
qlkatwftet.mp4,0.4649886190891266
qlknkxzsjx.mp4,0.9041880965232849
qlkqkosvap.mp4,0.4791550636291504
qlkuhkkpkx.mp4,0.19533130526542664
qlkzcdofbw.mp4,0.49507150053977966
qllhpepyum.mp4,0.21667969226837158
qlllruitwc.mp4,0.9714041352272034
qlltgzkjyt.mp4,0.9167563319206238
qlnfexfowr.mp4,0.7648963332176208
qlruueasjr.mp4,0.9156109094619751
qlrwofdstn.mp4,0.9876981973648071
qlslwvpsbh.mp4,0.9209305644035339
qlsvoedlsj.mp4,0.16632825136184692
qlszzijehf.mp4,0.9681351780891418
qltjkhlmjo.mp4,0.8647145628929138
qltolwckdw.mp4,0.9225477576255798
qlucicvvst.mp4,0.9567578434944153
qluebrnvej.mp4,0.056623995304107666
qluekvmuuu.mp4,0.8813276290893555
qlvdrusajh.mp4,0.9159095883369446
qlvsczvzsp.mp4,0.8735529184341431
qlvzzxaalc.mp4,0.8073883056640625
qlwapziczb.mp4,0.8364779949188232
qlwekbyqql.mp4,0.9616677165031433
qlxtcakhnu.mp4,0.7441710233688354
qlxthplibo.mp4,0.9062365889549255
qlxyddpujh.mp4,0.9443058371543884
qlytukkgbl.mp4,0.7467934489250183
qmaehrupub.mp4,0.12249379605054855
qmajtoiqoj.mp4,0.933739960193634
qmasntuhuz.mp4,0.9432807564735413
qmbhopeksv.mp4,0.986397922039032
qmbjxqtgdm.mp4,0.9239327311515808
qmbzovoorj.mp4,0.9771114587783813
qmcayvmezs.mp4,0.9152511358261108
qmcjofgpso.mp4,0.06921131908893585
qmcowinuvi.mp4,0.13732227683067322
qmcrfhgbsn.mp4,0.8550412654876709
qmdvgkxpdg.mp4,0.8850305676460266
qmecpgloub.mp4,0.9075906872749329
qmfumjrmir.mp4,0.7020304799079895
qmggllewyw.mp4,0.9422410726547241
qmggrtevft.mp4,0.914522647857666
qmgkqdvmfl.mp4,0.41060128808021545
qmhcpivqct.mp4,0.9285956621170044
qmhepooczx.mp4,0.8663837313652039
qmhjedcfbb.mp4,0.9415616989135742
qmiqxayknw.mp4,0.6290672421455383
qmjffjebve.mp4,0.8420782089233398
qmkhxkkdla.mp4,0.24433299899101257
qmlkqfwxoy.mp4,0.9442169070243835
qmllagrlqh.mp4,0.9091888070106506
qmnavfujpk.mp4,0.069462351500988
qmobnwdmpo.mp4,0.13289952278137207
qmofvlylbv.mp4,0.9697312116622925
qmohlplkhq.mp4,0.9039106965065002
qmomfbzxyn.mp4,0.9048053622245789
qmotssycti.mp4,0.8895967602729797
qmoxippfmp.mp4,0.8950796127319336
qmpbladznr.mp4,0.5474856495857239
qmpgekcwer.mp4,0.9147611260414124
qmpixcbcic.mp4,0.9489874243736267
qmpmuxtfsn.mp4,0.791370689868927
qmpsjnkngn.mp4,0.8749138712882996
qmqeegyqct.mp4,0.9305486083030701
qmqgfjgnji.mp4,0.6970299482345581
qmqgmozyjm.mp4,0.398964524269104
qmqjoqbfcn.mp4,0.6792678236961365
qmqlgobfhn.mp4,0.8900484442710876
qmqoprzuhw.mp4,0.08142751455307007
qmqraeuuxo.mp4,0.9734141826629639
qmqylztxuk.mp4,0.9365112781524658
qmqyqblejn.mp4,0.8679795861244202
qmraflnpfv.mp4,0.9692084193229675
qmrofeopey.mp4,0.8156274557113647
qmsxwsqsqn.mp4,0.9559519290924072
qmtchqhakj.mp4,0.07106489688158035
qmtjlksrbs.mp4,0.9049093127250671
qmuhbyclhk.mp4,0.8878249526023865
qmwfkqpzht.mp4,0.12933538854122162
qmwjjozruz.mp4,0.9067710041999817
qmworbjopm.mp4,0.3484341502189636
qmwwmyirzr.mp4,0.9334744811058044
qmxljrjjrs.mp4,0.7827476859092712
qmyvdcrrmg.mp4,0.6128401756286621
qnaaropcyi.mp4,0.673108696937561
qnaqcjmssv.mp4,0.21185508370399475
qnavkdckzr.mp4,0.7776467204093933
qnbadxgzqm.mp4,0.8246065974235535
qnbehhanzz.mp4,0.2750099301338196
qnbjuzyvgi.mp4,0.7513298988342285
qnbnlmpqpu.mp4,0.10872172564268112
qndirwgpxt.mp4,0.9201500415802002
qndzhbrbds.mp4,0.9857092499732971
qnenlegpxk.mp4,0.9114915132522583
qnesvosgbr.mp4,0.9210340976715088
qnfuuxtify.mp4,0.9569116234779358
qnfzvbdsbk.mp4,0.9893465042114258
qngaddilqt.mp4,0.9631762504577637
qngveotoav.mp4,0.1047823578119278
qnhcmscgzg.mp4,0.3523035943508148
qnhwftiogd.mp4,0.8797470331192017
qnhyvrwthb.mp4,0.719913899898529
qnielttwwe.mp4,0.9416077733039856
qnifatwznk.mp4,0.17987948656082153
qnioelzjxr.mp4,0.342762291431427
qnjkelywea.mp4,0.7670992612838745
qnjxnkncoh.mp4,0.47700151801109314
qnjzruxibf.mp4,0.9428161382675171
qnlepsrqph.mp4,0.5039559006690979
qnllzpnmjl.mp4,0.8904885053634644
qnlmlqisdo.mp4,0.9128085374832153
qnlnghmgkw.mp4,0.9282676577568054
qnnbrplkon.mp4,0.8224500417709351
qnonqqblue.mp4,0.7352297902107239
qnpqyazrfq.mp4,0.9817867279052734
qnqqlhpktl.mp4,0.9157476425170898
qnrmeedsey.mp4,0.9670915007591248
qnrqxcyjea.mp4,0.35670122504234314
qnrxvoxrxz.mp4,0.17857278883457184
qnskfcawdb.mp4,0.7340381145477295
qnslgeajnt.mp4,0.8888753056526184
qntpalcjor.mp4,0.8943474888801575
qnvipsinla.mp4,0.7142713665962219
qnvjmuhqif.mp4,0.8975335955619812
qnvpzdhfyc.mp4,0.9886681437492371
qnxgwttuzv.mp4,0.857915461063385
qnxqnoausv.mp4,0.11927898228168488
qnxrxflnou.mp4,0.7823159694671631
qnxsrvcyxp.mp4,0.8432783484458923
qnxthlwtnd.mp4,0.971244215965271
qnyprujmbv.mp4,0.02521541528403759
qnypwrzkwi.mp4,0.973761260509491
qnyxdmsuyf.mp4,0.4459342062473297
qnzlzrntkx.mp4,0.2751411199569702
qnznfiqpmi.mp4,0.08193062245845795
qoanpyvmaw.mp4,0.5784177780151367
qoasfzksgo.mp4,0.9693564176559448
qoavoxkwfn.mp4,0.925911545753479
qoccrnafqj.mp4,0.7639595866203308
qochkdutxy.mp4,0.8593217730522156
qoddkufnto.mp4,0.056651245802640915
qodhawquub.mp4,0.12728466093540192
qoejwusmgs.mp4,0.9199862480163574
qoewcpprkw.mp4,0.06879091262817383
qoeyikcmnc.mp4,0.8536417484283447
qoezejzwtf.mp4,0.9490377902984619
qofgcsmeqp.mp4,0.859711229801178
qofgicylsa.mp4,0.2492799162864685
qofsyeabhp.mp4,0.846608579158783
qohdhuuhxr.mp4,0.09972124546766281
qohhhhkzyw.mp4,0.6797434091567993
qohlimlizt.mp4,0.8840582966804504
qohqennihb.mp4,0.9347217679023743
qohtjkzity.mp4,0.09442572295665741
qoienvsltv.mp4,0.7017197012901306
qoixdznnyf.mp4,0.8322061896324158
qojekebyww.mp4,0.9713587164878845
qojycogodr.mp4,0.08719199895858765
qokisvxfsj.mp4,0.3108569383621216
qolmlyecjj.mp4,0.9493743777275085
qolsrevzid.mp4,0.9127376675605774
qonoflvgou.mp4,0.9132390022277832
qonorwhmkk.mp4,0.9012394547462463
qonxvjqguv.mp4,0.72179114818573
qoomojjzps.mp4,0.84861820936203
qooqfrnije.mp4,0.9769831895828247
qopzjdzapa.mp4,0.866864025592804
qoqiztyyvg.mp4,0.7105831503868103
qoquiszdvo.mp4,0.9292315244674683
qorekzqhle.mp4,0.6968072652816772
qorxoylihq.mp4,0.8406389951705933
qosfozkrro.mp4,0.7898983955383301
qosgkfxfuv.mp4,0.9864801168441772
qosynfrcih.mp4,0.4853818416595459
qouibdtenz.mp4,0.0789421796798706
qousvzlqvn.mp4,0.9031765460968018
qovooqrinp.mp4,0.9581964015960693
qovpidorer.mp4,0.09594503045082092
qowtrgujpd.mp4,0.7223155498504639
qowwbxhjos.mp4,0.08712205290794373
qoxjeaywhv.mp4,0.8300698399543762
qoxjqdxwxk.mp4,0.963787317276001
qoxjrysuxg.mp4,0.7259641289710999
qoxnjztdty.mp4,0.9743591547012329
qoxpedkjyn.mp4,0.9514420032501221
qoxpqghyaj.mp4,0.8869709968566895
qoyabvyiiu.mp4,0.9001290798187256
qoywhyrcjw.mp4,0.057169925421476364
qozxffebjc.mp4,0.892037034034729
qozzzicozo.mp4,0.9157213568687439
qpawsjhhrt.mp4,0.8936684727668762
qpbrjjfhyx.mp4,0.9267030954360962
qpbssjlbgf.mp4,0.10213811695575714
qpcngtbrkh.mp4,0.97499680519104
qpcvbyixyu.mp4,0.9135038256645203
qpcwnuqpvo.mp4,0.11104457080364227
qpcxurbqbw.mp4,0.9560002088546753
qpdulmrqzo.mp4,0.9689759612083435
qpeldtspzn.mp4,0.765652596950531
qpevfrkxbn.mp4,0.6072454452514648
qpfgjhbgub.mp4,0.6605511903762817
qpftobdznt.mp4,0.9268755316734314
qpfxypliml.mp4,0.9579716920852661
qpgdcsfnqx.mp4,0.9737890362739563
qpgfhsmrnl.mp4,0.9178532361984253
qphmrbybfy.mp4,0.9363451600074768
qpidodqzhy.mp4,0.6225371360778809
qpiivfetmk.mp4,0.8854215145111084
qpioktwuue.mp4,0.9684538245201111
qpjdazinjc.mp4,0.8924355506896973
qpjjgcmpnl.mp4,0.9728003144264221
qpjldfksqp.mp4,0.8798289895057678
qpjsxkfncj.mp4,0.9657498598098755
qpjuficohz.mp4,0.09736370295286179
qpkfrvfuhv.mp4,0.9525673985481262
qpkqxppgbs.mp4,0.8137304782867432
qplyzcfavt.mp4,0.8489859104156494
qpmepdhqlv.mp4,0.20018406212329865
qpmilbhwuu.mp4,0.9054040908813477
qpmlotpzww.mp4,0.9297367930412292
qpncfrjtdv.mp4,0.9351186752319336
qpnhhjazya.mp4,0.7376003265380859
qpopfoykiv.mp4,0.8966236710548401
qpqpmaqhtj.mp4,0.711578905582428
qprrlvwpxn.mp4,0.6121589541435242
qpssfjytgk.mp4,0.9030794501304626
qptbhixmql.mp4,0.3915843963623047
qpthjnyuuz.mp4,0.3968440890312195
qptnyduigz.mp4,0.925754964351654
qptogrvbcp.mp4,0.8976445198059082
qpuejqfxgr.mp4,0.972578227519989
qpuhhveyoj.mp4,0.9698357582092285
qpuuoebket.mp4,0.15478092432022095
qpuvmliiad.mp4,0.8426480889320374
qpvusdcyzn.mp4,0.7141798138618469
qpxicfhtms.mp4,0.9300441741943359
qpykonptfx.mp4,0.7371739149093628
qpzzzncyza.mp4,0.9584583044052124
qqagsgedni.mp4,0.9862784743309021
qqaugefeit.mp4,0.9471251368522644
qqavuffanf.mp4,0.6640593409538269
qqbsgnmpko.mp4,0.8837726712226868
qqbwqetyta.mp4,0.9068117141723633
qqcodichfr.mp4,0.049282506108284
qqdobobila.mp4,0.9090186357498169
qqdrmpzcqr.mp4,0.9772337079048157
qqedzczizc.mp4,0.9587836861610413
qqeiydqswz.mp4,0.6228965520858765
qqeysoevjt.mp4,0.9648042917251587
qqfmqogypv.mp4,0.5689043402671814
qqgashfzig.mp4,0.43215489387512207
qqgbdhrjcf.mp4,0.9163378477096558
qqgbiwevcp.mp4,0.9180156588554382
qqjfbzewvy.mp4,0.980223536491394
qqjntwygwa.mp4,0.9106743335723877
qqklpwukuf.mp4,0.804667055606842
qqkpszkrqm.mp4,0.9796810746192932
qqkvcggekq.mp4,0.9235047101974487
qqlwrbdvrl.mp4,0.886387288570404
qqmdtfmife.mp4,0.9625259637832642
qqmobtuenw.mp4,0.7729235291481018
qqmrhyftwz.mp4,0.8019067645072937
qqmwalyugi.mp4,0.8990733027458191
qqnhgtftxw.mp4,0.34756216406822205
qqohmvgqhg.mp4,0.9708738923072815
qqokpshvil.mp4,0.9195828437805176
qqpxqqwyzt.mp4,0.6157267689704895
qqqfrgcnsb.mp4,0.8776687383651733
qqqvmcwnrc.mp4,0.760270893573761
qqqwvktntk.mp4,0.9059807658195496
qqqyeipyhu.mp4,0.9249127507209778
qqraqwhjoh.mp4,0.9153535962104797
qqrbrktugb.mp4,0.966614842414856
qqrnrgqvbn.mp4,0.8911516666412354
qqrpauxfqn.mp4,0.4695841670036316
qqrvyhjznq.mp4,0.10265452414751053
qqtkxotuqs.mp4,0.9253575801849365
qqtlwnfjwt.mp4,0.9761756658554077
qqtyxwfhpa.mp4,0.9085720777511597
qqvdlzfqib.mp4,0.21155878901481628
qqvlvuouft.mp4,0.9190563559532166
qqwpvqxnqg.mp4,0.9712360501289368
qqwsabrgxh.mp4,0.08281122893095016
qqxelyjmmw.mp4,0.8794388175010681
qqxzbhmqnk.mp4,0.9051621556282043
qqyhdcrsqc.mp4,0.46893030405044556
qqykkzbcol.mp4,0.7413902878761292
qqzfwbguzo.mp4,0.08868757635354996
qrajtbrmqf.mp4,0.8278223276138306
qrapcrmpgr.mp4,0.7706721425056458
qraxizidol.mp4,0.9345844984054565
qrbdowyzrp.mp4,0.9846994876861572
qrbjzzpunu.mp4,0.12185510247945786
qrbravowxo.mp4,0.07841972261667252
qrccnamwfv.mp4,0.5161770582199097
qrdfjbbqkp.mp4,0.8713656067848206
qrdkajruxs.mp4,0.9191531538963318
qreeovjmfd.mp4,0.05085112527012825
qresptsjop.mp4,0.8740428686141968
qrffxlivhp.mp4,0.6957502365112305
qrfxgrivwa.mp4,0.0901767909526825
qrgfafwmvb.mp4,0.631896436214447
qrgilgikga.mp4,0.9129207730293274
qrgnctxitp.mp4,0.20195654034614563
qrhsnefequ.mp4,0.7950485944747925
qrjhrwibwc.mp4,0.32544195652008057
qrlaplhufl.mp4,0.8440289497375488
qrluazojdx.mp4,0.8117359280586243
qrnbmdgynf.mp4,0.9270849823951721
qrnjmhzfth.mp4,0.6782419681549072
qrnvgyznns.mp4,0.5691832304000854
qrnwrjqfbv.mp4,0.9531508088111877
qroyvjcvhd.mp4,0.983453094959259
qrphrcohbk.mp4,0.9672935009002686
qrpzlxhcwu.mp4,0.9051541686058044
qrqdfjsxcs.mp4,0.6732422709465027
qrqpvuqgld.mp4,0.9648244380950928
qrrheadxbj.mp4,0.9168832302093506
qrrlicqepo.mp4,0.0705389603972435
qrrpghwqxj.mp4,0.7081098556518555
qrrydlbefo.mp4,0.17241314053535461
qrskwfuerk.mp4,0.962074875831604
qrsvsbpjze.mp4,0.07929354161024094
qrtbuyiaas.mp4,0.9135105609893799
qrtoobohkm.mp4,0.9704031348228455
qrubhcdcou.mp4,0.690666913986206
qruifuklcy.mp4,0.8371528387069702
qrupnzlffr.mp4,0.6440445184707642
qruuruircl.mp4,0.8242442011833191
qrwcrrbnjt.mp4,0.797906219959259
qrwlohihfc.mp4,0.9807624816894531
qrwzemzyqa.mp4,0.7736058831214905
qrxdvknfga.mp4,0.9634702801704407
qrybiyyfdw.mp4,0.9124946594238281
qryroqnlhm.mp4,0.9293832182884216
qryvuoivrl.mp4,0.8498594760894775
qrzldfwjbo.mp4,0.5219593644142151
qsabzugwtz.mp4,0.5783765316009521
qsakhvaram.mp4,0.4297773241996765
qsapwncedv.mp4,0.7636544704437256
qsbvgcswyt.mp4,0.43966713547706604
qscczuokhe.mp4,0.8102463483810425
qscqqfmzyx.mp4,0.9643094539642334
qsctrdoklk.mp4,0.9753380417823792
qsdeohsvlg.mp4,0.9134652018547058
qsdjfqmrxs.mp4,0.8901705145835876
qselhammzc.mp4,0.546230137348175
qseoarxfgo.mp4,0.983330249786377
qseyxprzee.mp4,0.8606873750686646
qsfeacqytt.mp4,0.9459087252616882
qsftqxkogo.mp4,0.370013564825058
qsgouuaxjd.mp4,0.7050542831420898
qsgwdetqmx.mp4,0.91990727186203
qsgwkdkdvi.mp4,0.9387868046760559
qsinmfgooy.mp4,0.958670973777771
qsiprbwaay.mp4,0.880608081817627
qsiujezpwk.mp4,0.8923922181129456
qsjludwqli.mp4,0.7446025609970093
qsjxldnssl.mp4,0.9546564817428589
qsknsrpoue.mp4,0.8976013660430908
qskrjjgupy.mp4,0.8875306248664856
qslehpmrzx.mp4,0.949910044670105
qsmhuoclie.mp4,0.19781216979026794
qsnyqpwdex.mp4,0.2011895477771759
qsowmsiyxd.mp4,0.9639995098114014
qspzboydnc.mp4,0.9148763418197632
qsqgvwwvqk.mp4,0.8360823392868042
qsrdyqvkza.mp4,0.8804527521133423
qssaubrnrz.mp4,0.7085179090499878
qssqmsbneb.mp4,0.8318041563034058
qssrehhwfw.mp4,0.9232236742973328
qstdrlmcuf.mp4,0.7649497389793396
qstwkxxdor.mp4,0.7118672728538513
qsugvnmrwj.mp4,0.7715874910354614
qsuiuigxlo.mp4,0.9174491763114929
qsunabnqru.mp4,0.9384769201278687
qsvahbeumm.mp4,0.9148709177970886
qswyavoxzc.mp4,0.9404333829879761
qsxifntntg.mp4,0.13136887550354004
qsxxrzrssy.mp4,0.7430087327957153
qsyczeclwu.mp4,0.8882855772972107
qszcbjsryb.mp4,0.8666542768478394
qszcdvuhdc.mp4,0.845267653465271
qszwjftvcm.mp4,0.7409148812294006
qtahsmphdv.mp4,0.8959668874740601
qtahzsqvgw.mp4,0.4199984669685364
qtanleedpd.mp4,0.4904022216796875
qtaojfvwse.mp4,0.41058626770973206
qtborprvvl.mp4,0.7655064463615417
qtcfeioduu.mp4,0.8845584392547607
qtcjbmwcge.mp4,0.9531211853027344
qtdudlgzbx.mp4,0.17221257090568542
qtdyhcwdyi.mp4,0.331087201833725
qtdyuihpvh.mp4,0.6177278757095337
qtetwhbqjw.mp4,0.8539182543754578
qtffcaxrck.mp4,0.6241282820701599
qtfoizwxkr.mp4,0.8722671270370483
qtftvismyz.mp4,0.7611680030822754
qtgnlnozth.mp4,0.8894193768501282
qthgemsgsj.mp4,0.9423782229423523
qtijptvonr.mp4,0.9533367156982422
qtiqkcjuod.mp4,0.9210343360900879
qtiripqwir.mp4,0.9257393479347229
qtjigaxcqf.mp4,0.8841982483863831
qtjqtzvnvi.mp4,0.6690781712532043
qtjuhlppot.mp4,0.9161400198936462
qtkewdoqqe.mp4,0.8897875547409058
qtkslflbvm.mp4,0.8788875937461853
qtlazhsxry.mp4,0.43349549174308777
qtlcdhmtzh.mp4,0.9369041323661804
qtlcsanaoz.mp4,0.8880218863487244
qtlequpmtj.mp4,0.9516445398330688
qtletddfik.mp4,0.13453958928585052
qtlgvftgpt.mp4,0.09311976283788681
qtllouinrd.mp4,0.9574136734008789
qtlvhjktmf.mp4,0.6907884478569031
qtmfbdnoxh.mp4,0.9767024517059326
qtmmzetbse.mp4,0.3081604838371277
qtmxmllllw.mp4,0.9325306415557861
qtnikivnig.mp4,0.9668392539024353
qtnshwprau.mp4,0.9547946453094482
qtopybgnyl.mp4,0.8525372743606567
qtqyglbdem.mp4,0.12999944388866425
qtrhlbhdjt.mp4,0.9182164072990417
qtrurtupfl.mp4,0.9136072397232056
qtryoazkjv.mp4,0.8827244639396667
qtsywszhmv.mp4,0.7510858178138733
qtumgbdagm.mp4,0.08657892048358917
qturxbjqxl.mp4,0.9511106014251709
qtvactlygz.mp4,0.5998631119728088
qtvbhylcsp.mp4,0.5273537039756775
qtvhpmoukj.mp4,0.9756460785865784
qtvyypdgsc.mp4,0.9166392087936401
qtwqkkmmyt.mp4,0.7334391474723816
qtxraeaxeh.mp4,0.09390069544315338
qtymkcrnph.mp4,0.9182255268096924
qtyndvpmdb.mp4,0.8962403535842896
qtyvhcjqwd.mp4,0.2181280255317688
qtzhupcuap.mp4,0.8863706588745117
qtzsfdjhau.mp4,0.9227364659309387
quacjxezar.mp4,0.5388818383216858
quajsnhtpk.mp4,0.855928361415863
qubbhilnwi.mp4,0.8488819003105164
qubncwyamy.mp4,0.06514814496040344
qucamnjqqf.mp4,0.9084104895591736
qucelvhhbb.mp4,0.8946642279624939
qucmffhkfa.mp4,0.9256280660629272
qudctgzkel.mp4,0.9380207061767578
quejgdzzbo.mp4,0.97901451587677
qufwulvfmc.mp4,0.8946542143821716
qufzdwetss.mp4,0.2702702581882477
qugdksqaia.mp4,0.2783437967300415
qugdzpssrk.mp4,0.5550569891929626
qugxygzplb.mp4,0.3910728991031647
quhxbmhosd.mp4,0.9340972900390625
qujvdegxjv.mp4,0.9235644340515137
qukhfelsei.mp4,0.8645450472831726
qukjfhjisw.mp4,0.7898244857788086
qukrtwnqui.mp4,0.9242023825645447
qulhjxhrtj.mp4,0.8845940828323364
qumwfrunqq.mp4,0.9220391511917114
qunjehlsff.mp4,0.8721421957015991
qunpwgbnsa.mp4,0.9510882496833801
qunqhwcxzp.mp4,0.9037219285964966
quoncyglpc.mp4,0.12484265118837357
qupekbkiux.mp4,0.8975268602371216
qupucojlwo.mp4,0.10094904899597168
qurpdihwxi.mp4,0.11051774770021439
qusajxrbya.mp4,0.8452537059783936
qusebhvbba.mp4,0.8415472507476807
quswtlxyci.mp4,0.9154354333877563
quutalyuik.mp4,0.6575515270233154
quutldbrrr.mp4,0.6663339734077454
quuzylrdna.mp4,0.8662802577018738
quvgenpffl.mp4,0.9843825101852417
quwauoauwx.mp4,0.6019014120101929
quwcmcazbu.mp4,0.501015305519104
quwulxonta.mp4,0.6617172956466675
quwwzmlnqa.mp4,0.08139482140541077
quwzfzflrc.mp4,0.9389816522598267
quxdpokjmu.mp4,0.9171087145805359
quycttumrg.mp4,0.9779627919197083
quygtqxadv.mp4,0.7544686198234558
quzugnyxdh.mp4,0.6939873099327087
quzzdiyktt.mp4,0.9196287989616394
qvdrjnvmht.mp4,0.8883001804351807
qvdxlyoybr.mp4,0.9276758432388306
qvekqcngrz.mp4,0.9463735222816467
qveozlbddv.mp4,0.9889699220657349
qveslosusc.mp4,0.06295298039913177
qvfdryghjx.mp4,0.9357518553733826
qvftdvvslk.mp4,0.9671170115470886
qvgutokvct.mp4,0.14491398632526398
qviszdxcxf.mp4,0.8948489427566528
qviyebwxba.mp4,0.6575189828872681
qvjuaposvh.mp4,0.8677679300308228
qvkeqtgupt.mp4,0.8809023499488831
qvkgdonrcg.mp4,0.8338481187820435
qvkxmjftzb.mp4,0.13882651925086975
qvlfubybxh.mp4,0.14052534103393555
qvmctxubuo.mp4,0.9112263321876526
qvnffjwzil.mp4,0.06337633728981018
qvngqavofg.mp4,0.09431979805231094
qvojhlzyqg.mp4,0.04441244527697563
qvokqyqyyy.mp4,0.8935201168060303
qvovojyrea.mp4,0.8796195983886719
qvqwftakqo.mp4,0.9095497727394104
qvrgoabojk.mp4,0.91298508644104
qvrhatuqdo.mp4,0.9285244345664978
qvrmuzebup.mp4,0.9388474225997925
qvrnribeyr.mp4,0.8022869229316711
qvrtpfuamq.mp4,0.5773281455039978
qvrtsdskgn.mp4,0.07825552672147751
qvsskinsyi.mp4,0.8591973781585693
qvtlbitbrd.mp4,0.8857354521751404
qvtxdznisg.mp4,0.9409375786781311
qvtylkszka.mp4,0.8841094970703125
qvuaaakphs.mp4,0.8887505531311035
qvwaescihs.mp4,0.1340792328119278
qvwzyydjtt.mp4,0.8956006169319153
qvxeecdqoa.mp4,0.4924725294113159
qvxgbkggcp.mp4,0.619096040725708
qvxuzqovtk.mp4,0.39232775568962097
qvxvgnoopq.mp4,0.9220951795578003
qvyozhwbaj.mp4,0.9371580481529236
qvyrlitoka.mp4,0.26799142360687256
qvyxncyhua.mp4,0.04745888710021973
qvznjhppvt.mp4,0.9183904528617859
qvzshtmnig.mp4,0.18697798252105713
qvzvpmhqic.mp4,0.8949111700057983
qwabudetug.mp4,0.9433296918869019
qwajxqtpjm.mp4,0.9733821153640747
qwcbzwpvqd.mp4,0.9835809469223022
qwchzldmrv.mp4,0.07914146780967712
qwcictvrdp.mp4,0.08482280373573303
qwcrwumbht.mp4,0.9700744152069092
qwcwytogit.mp4,0.8244638442993164
qwdihfkpyi.mp4,0.532103955745697
qwdmpavusl.mp4,0.8621764183044434
qwdxwsnwrr.mp4,0.9065200686454773
qwecszcbxn.mp4,0.9133392572402954
qweglkmxpp.mp4,0.8516702651977539
qwehdvohas.mp4,0.3859029710292816
qwenaoymth.mp4,0.9424434304237366
qweoocwxqn.mp4,0.9086449146270752
qwezztawyv.mp4,0.637890100479126
qwfjxnwjqm.mp4,0.8471568822860718
qwgenjluof.mp4,0.9388184547424316
qwggbnikmh.mp4,0.974474310874939
qwgmdbnovi.mp4,0.8027728199958801
qwhjcwwbld.mp4,0.9763515591621399
qwiuacrzwd.mp4,0.7448365092277527
qwiwkepytf.mp4,0.32355815172195435
qwizaphcwo.mp4,0.942619264125824
qwjnaskhau.mp4,0.9006711840629578
qwjskopakn.mp4,0.166331484913826
qwkeprkbjy.mp4,0.9352433681488037
qwkhktdtjj.mp4,0.824845552444458
qwksbqhmbo.mp4,0.7759948372840881
qwmnqvcdcr.mp4,0.4622933864593506
qwmuepplrx.mp4,0.862504243850708
qwpmjozvki.mp4,0.8616532683372498
qwqefbalkv.mp4,0.9596657752990723
qwqidbbiyz.mp4,0.8730939030647278
qwqoyrabox.mp4,0.6051439642906189
qwqsyeppwg.mp4,0.9034151434898376
qwqwuoijeh.mp4,0.1161072626709938
qwrpagiovn.mp4,0.8023125529289246
qwsgzllqxl.mp4,0.16274119913578033
qwsudzyusb.mp4,0.9318252205848694
qwtcmikhmd.mp4,0.942995011806488
qwtljvjnge.mp4,0.7083704471588135
qwvkiibqeo.mp4,0.8503994345664978
qwvscgtvrj.mp4,0.9170665740966797
qwvxniksvq.mp4,0.8922727704048157
qwwcgypoia.mp4,0.8959030508995056
qwwimruaqy.mp4,0.8503075242042542
qwwsckvxma.mp4,0.9282447099685669
qwwxsmdfid.mp4,0.9506968855857849
qwxivpwxee.mp4,0.9885501265525818
qwxlekgzml.mp4,0.8322665691375732
qwxmblgcmj.mp4,0.8442002534866333
qwxyxyxiwf.mp4,0.964678943157196
qwzhtjigbe.mp4,0.7904488444328308
qwzirmuiaf.mp4,0.05938953161239624
qwzrlkkwsa.mp4,0.8390941023826599
qxaeivbwjt.mp4,0.08920653164386749
qxahagktng.mp4,0.9621332287788391
qxakwwjdsa.mp4,0.7344540953636169
qxaywtmmnn.mp4,0.9368896484375
qxbhxtuvmv.mp4,0.909112811088562
qxbretbcgs.mp4,0.973935067653656
qxbsowxdyv.mp4,0.88651442527771
qxcgsvitrh.mp4,0.9412444233894348
qxdblontfc.mp4,0.844563901424408
qxdsuhbtiq.mp4,0.919406533241272
qxekuoxjox.mp4,0.8406592607498169
qxepjyrtiu.mp4,0.8360480070114136
qxfnacrxyj.mp4,0.9262807965278625
qxfopjptut.mp4,0.841065526008606
qxfxhgikxo.mp4,0.8111030459403992
qxfzozylcl.mp4,0.8822982907295227
qxggfpnbml.mp4,0.8984643816947937
qxgghpfsil.mp4,0.9012182354927063
qxgrmwwpif.mp4,0.9282382726669312
qxguvdlkql.mp4,0.8340756297111511
qxgwcsugvd.mp4,0.974390983581543
qxhfetfjyf.mp4,0.9789348840713501
qxhpkztmbp.mp4,0.44350260496139526
qxhyhhkywc.mp4,0.9796395301818848
qxiosifzzt.mp4,0.8496121168136597
qxjvqhwevt.mp4,0.9128934741020203
qxjxtfbsyc.mp4,0.8104403614997864
qxkdcrkiuk.mp4,0.13079500198364258
qxkjmggdtx.mp4,0.6921895146369934
qxlmkrptxn.mp4,0.7647954821586609
qxninqhwbc.mp4,0.9338275194168091
qxnwbnplav.mp4,0.43882298469543457
qxobwvomwm.mp4,0.9183248281478882
qxoxlmeafu.mp4,0.9227384328842163
qxplesvocj.mp4,0.8900769352912903
qxpyekaknf.mp4,0.914254367351532
qxqbixdpmd.mp4,0.9144773483276367
qxqghulgoi.mp4,0.8932506442070007
qxqnvsdjaw.mp4,0.5439894199371338
qxqqthpujj.mp4,0.8888201117515564
qxqtwricad.mp4,0.9631088972091675
qxrutfkith.mp4,0.8727010488510132
qxsltlzxyc.mp4,0.9118728637695312
qxsorkbpxk.mp4,0.9098116755485535
qxsshsgosm.mp4,0.8889302611351013
qxsyrjyuxs.mp4,0.31168824434280396
qxsziseqly.mp4,0.9458423256874084
qxtboblspn.mp4,0.8019911646842957
qxtdsnnosy.mp4,0.8759726285934448
qxtedpsliv.mp4,0.948533296585083
qxtwjuhisv.mp4,0.9044695496559143
qxubnxabpu.mp4,0.8365814089775085
qxusaokrer.mp4,0.873325765132904
qxuwpyespq.mp4,0.4640640914440155
qxuzpfrtbc.mp4,0.9147253036499023
qxvhoajcrc.mp4,0.702596127986908
qxvkqvzldh.mp4,0.7005463242530823
qxvppuoeeo.mp4,0.9564006924629211
qxvyagavul.mp4,0.5541502833366394
qxvzphuqgg.mp4,0.8363918662071228
qxwisvccpi.mp4,0.08014068752527237
qxwmamefgj.mp4,0.5376834273338318
qxwqaplewk.mp4,0.9809224009513855
qxwqqhruvz.mp4,0.9034603238105774
qxylkwsijy.mp4,0.846186101436615
qxzqnnfaii.mp4,0.08431727439165115
qxzstqrvcg.mp4,0.951262891292572
qxztjtnbwh.mp4,0.8631297945976257
qxzvifodqn.mp4,0.06034637242555618
qxzxjjcamh.mp4,0.9354366064071655
qxzzwarths.mp4,0.3007422685623169
qyaiavfdcv.mp4,0.6726894974708557
qyarbnrrvk.mp4,0.9196990132331848
qybcxegimz.mp4,0.6772527694702148
qybienvved.mp4,0.9406862258911133
qyblmkwjjc.mp4,0.983119010925293
qybyarppgc.mp4,0.9412786960601807
qycfkcfbdy.mp4,0.9882224202156067
qycgqfqoql.mp4,0.04512184485793114
qycjisbrwf.mp4,0.9707174301147461
qyclzcggqj.mp4,0.47838354110717773
qycmrgkppq.mp4,0.969771683216095
qydaqpouib.mp4,0.8612362742424011
qydkustmdn.mp4,0.901151716709137
qydlzwwvzc.mp4,0.9552491903305054
qydoetemno.mp4,0.05900882929563522
qyehiscxbr.mp4,0.05284735560417175
qyenuecjgh.mp4,0.20566970109939575
qyffyttbrc.mp4,0.11788732558488846
qyfkgwbubi.mp4,0.11120335012674332
qyfozoqcig.mp4,0.6137428283691406
qygwcooksi.mp4,0.929861307144165
qyhiyrikrh.mp4,0.9421848654747009
qyhlzalxzm.mp4,0.58316570520401
qyhntxeyxi.mp4,0.908291220664978
qyhuunvlal.mp4,0.9637143611907959
qyiwevbmce.mp4,0.22064363956451416
qyjbhkeqes.mp4,0.857166588306427
qyjqyxfznb.mp4,0.9342277646064758
qykcjkjxsd.mp4,0.17632925510406494
qyksotcywq.mp4,0.7920300960540771
qylffyykeu.mp4,0.2642550468444824
qylogqsvxq.mp4,0.7634729146957397
qylpueqddb.mp4,0.9524046182632446
qymqwsvnow.mp4,0.7256067991256714
qymvdsiwop.mp4,0.9672067761421204
qynbslvuha.mp4,0.7790042757987976
qynzrujsnj.mp4,0.9214959144592285
qyofhfaazs.mp4,0.23845110833644867
qypdgcexcr.mp4,0.8933775424957275
qypnegfoxe.mp4,0.9680043458938599
qyrbwunbae.mp4,0.6111543774604797
qyrejadrtf.mp4,0.7444036602973938
qyrzyfrvmx.mp4,0.8519880175590515
qyscponfaf.mp4,0.051763664931058884
qysxiqdpqz.mp4,0.2552119195461273
qysxmvrtsc.mp4,0.9050849676132202
qysxqoredd.mp4,0.8751508593559265
qytaiboeep.mp4,0.44740113615989685
qytcvvxvsb.mp4,0.9891144633293152
qyufvpqgct.mp4,0.9700838923454285
qyvkpkqdwh.mp4,0.8833716511726379
qyvldozdqi.mp4,0.9510670900344849
qyvqrtscbk.mp4,0.057483211159706116
qywebapqhk.mp4,0.8999067544937134
qywtzjmxlp.mp4,0.95372474193573
qywumoyjqg.mp4,0.8747814297676086
qyxidkesez.mp4,0.11309496313333511
qyynaedwil.mp4,0.08232992142438889
qyyrnydpub.mp4,0.8873565196990967
qyyvmdcwxc.mp4,0.9549399614334106
qyzdgaltuz.mp4,0.8227778077125549
qzaqqnsoeb.mp4,0.14317885041236877
qzcrvxlrmc.mp4,0.5888627767562866
qzcsywocvv.mp4,0.057681966572999954
qzcwimwasx.mp4,0.16222910583019257
qzdirjlxbw.mp4,0.06946305185556412
qzeniplmgh.mp4,0.15457335114479065
qzfjkhplot.mp4,0.9540475010871887
qzfmctgxcs.mp4,0.09700957685709
qzfsrkstzo.mp4,0.9373877048492432
qzfuytbexm.mp4,0.04195600748062134
qzgdazqwzy.mp4,0.7174489498138428
qzgivlglua.mp4,0.4069593548774719
qzgjayabdn.mp4,0.9023122787475586
qzgoehdssy.mp4,0.8198664784431458
qzgzphskcf.mp4,0.6912140250205994
qzhawqgpuf.mp4,0.9167705178260803
qzhipvoqgc.mp4,0.9278822541236877
qzhmbvmqtc.mp4,0.9299829006195068
qzhrdqxpax.mp4,0.6956124901771545
qzhwjnbxkw.mp4,0.934514045715332
qzjpjnnjyr.mp4,0.9277412295341492
qzjstjlebf.mp4,0.6378915905952454
qzkjuamfkf.mp4,0.9572346210479736
qzkzlywhts.mp4,0.7531389594078064
qzlezuamfa.mp4,0.8163486123085022
qzlnazgsto.mp4,0.2956228256225586
qzlokfoexi.mp4,0.866385817527771
qzlzbnbkmr.mp4,0.3924623429775238
qznhyuycnu.mp4,0.6365280747413635
qznnndswcf.mp4,0.9498192071914673
qznqdsoenc.mp4,0.9604979157447815
qznvkzpjwp.mp4,0.8102138638496399
qzodlzyvbn.mp4,0.8048014044761658
qzqbfdkuyn.mp4,0.421080619096756
qzqhzloabq.mp4,0.8718843460083008
qzrbnevmtn.mp4,0.8612048625946045
qzrddhkthd.mp4,0.9381044507026672
qzrhwbvigt.mp4,0.34866863489151
qzrsogvhcj.mp4,0.9116753935813904
qztkxneejm.mp4,0.9252903461456299
qztngflhgi.mp4,0.8944346904754639
qzucqrxmaj.mp4,0.055577486753463745
qzuhjrhozy.mp4,0.9106865525245667
qzvdogaagq.mp4,0.7830902338027954
qzwanmhryw.mp4,0.986121416091919
qzwtswjatz.mp4,0.06132525950670242
qzxjirkysy.mp4,0.8481901288032532
qzxjoblkui.mp4,0.7010314464569092
qzxrxwpqip.mp4,0.8271881341934204
qzyaijdbfe.mp4,0.9030581116676331
qzyhlwwpyi.mp4,0.31626221537590027
qzzqyaortf.mp4,0.48436227440834045
raahwubhxa.mp4,0.8995177745819092
rabiwjlmuw.mp4,0.9642203450202942
rablbufbvg.mp4,0.05240825191140175
rabwasyxpa.mp4,0.08089879155158997
raccuygcih.mp4,0.9023771286010742
raciwiczgn.mp4,0.9486280679702759
racuddkpzl.mp4,0.7753244638442993
raekzabcrw.mp4,0.8910096287727356
raeuxwwtrt.mp4,0.26130491495132446
raezrmclul.mp4,0.35244113206863403
rafkckikvh.mp4,0.5760935544967651
rafqexdapt.mp4,0.5173153281211853
ragcfauznz.mp4,0.8643308281898499
ragjclplkx.mp4,0.1656196564435959
rahuzbbulq.mp4,0.8295164704322815
raiilwewfd.mp4,0.9755733609199524
raijzpxwpz.mp4,0.9562596678733826
raiqzffikb.mp4,0.8919695019721985
rakqwcmoxi.mp4,0.8914090991020203
rakzdfejpz.mp4,0.19793927669525146
raltjbvzov.mp4,0.09578344970941544
ralvymdrrf.mp4,0.9108913540840149
ramdkgiccm.mp4,0.0733039453625679
ramwyfdaxt.mp4,0.771497905254364
ranligugpq.mp4,0.9233993887901306
ranltctdti.mp4,0.7496652603149414
raoksnpnna.mp4,0.029350025579333305
raonuulael.mp4,0.9002013802528381
rapdkmvnjm.mp4,0.5867065191268921
rapdvylmce.mp4,0.928968608379364
rapfwfntyj.mp4,0.8363917469978333
raqdscgbwg.mp4,0.9023917317390442
raqnrcaxfs.mp4,0.969225287437439
raqpiusrxc.mp4,0.9550444483757019
raqpthrkuy.mp4,0.14620238542556763
raqvunnvrg.mp4,0.4845602512359619
rasmcvlsvz.mp4,0.6483578681945801
rassraqafy.mp4,0.8837173581123352
ratjvamsbu.mp4,0.842807412147522
ratpzflzau.mp4,0.9418733716011047
ratrgupddt.mp4,0.8436262011528015
ratriscfqg.mp4,0.7657288908958435
raukfbfdpj.mp4,0.48735523223876953
ravwrpompl.mp4,0.9312076568603516
ravwxtbkgt.mp4,0.8545876145362854
rawfeilrtu.mp4,0.881831169128418
rawsvtxeqe.mp4,0.7958004474639893
raxupverqg.mp4,0.6927657723426819
raxuvqdivm.mp4,0.9291545748710632
rayglprivb.mp4,0.9363008141517639
rayhrvqorn.mp4,0.07027913630008698
rayxtqfosv.mp4,0.9502707719802856
rayyvdfaea.mp4,0.6865829825401306
rayzefcjvj.mp4,0.9793660044670105
razacdewcv.mp4,0.6855630874633789
raznzfrxql.mp4,0.6970217823982239
rbakeasslx.mp4,0.9628351926803589
rbawfgnenw.mp4,0.9597703218460083
rbbhchyouc.mp4,0.5650508999824524
rbdelwycos.mp4,0.9646989703178406
rbdtfebawd.mp4,0.8905304074287415
rbeizqzgno.mp4,0.8395239114761353
rbfczyohxf.mp4,0.07107118517160416
rbfpylzics.mp4,0.9352579712867737
rbgjsoiind.mp4,0.823657751083374
rbhcgtpcuu.mp4,0.2773932218551636
rbhtlmgqqa.mp4,0.9670665264129639
rbhuoccrdv.mp4,0.6604836583137512
rbhwnxqfbc.mp4,0.8946602940559387
rbinrjroaa.mp4,0.6989927291870117
rbinvfhzdg.mp4,0.8316499590873718
rbjvhykhfq.mp4,0.10609396547079086
rbjxztkahh.mp4,0.8257262110710144
rbkcpkwhjn.mp4,0.06836634129285812
rbkhnyougu.mp4,0.8367921113967896
rbkkdrobxw.mp4,0.9687101244926453
rbkxjcwygf.mp4,0.8248590230941772
rbliyjiyeh.mp4,0.0836658701300621
rbmhzcuqrk.mp4,0.7189278602600098
rbmstejuot.mp4,0.936547040939331
rbofxrojxq.mp4,0.5598339438438416
rboggzhtjs.mp4,0.15989403426647186
rbolsifybo.mp4,0.9005504250526428
rbpdgkvpxf.mp4,0.9396708011627197
rbplupfpkq.mp4,0.8520563244819641
rbqlwkmggj.mp4,0.7304606437683105
rbqribawxt.mp4,0.9665947556495667
rbqufczjbc.mp4,0.9615235328674316
rbqvxwonjp.mp4,0.8881806135177612
rbrdkudfpz.mp4,0.08090232312679291
rbrpwbvbbh.mp4,0.9306793808937073
rbrxameydz.mp4,0.9325035214424133
rbsacuwtcx.mp4,0.9599982500076294
rbsoczbsdu.mp4,0.9090791344642639
rbsznefhpr.mp4,0.14743073284626007
rbttksdaen.mp4,0.8401121497154236
rbufvipinj.mp4,0.3890039324760437
rbukttezjq.mp4,0.5061028003692627
rbummlbqdr.mp4,0.3726487159729004
rbuteckzgh.mp4,0.9073032140731812
rbuvrwajvo.mp4,0.921025812625885
rbvqghnbez.mp4,0.1275523602962494
rbvsiqjnqd.mp4,0.8109309673309326
rbvuowntbo.mp4,0.6750547885894775
rbwjthghwl.mp4,0.8316649794578552
rbwuopkhsx.mp4,0.8372427225112915
rbwxfaloaw.mp4,0.07134726643562317
rbwzfypxen.mp4,0.857580840587616
rbxhgulnvi.mp4,0.8763614296913147
rbyclpfzhl.mp4,0.9899483323097229
rbyhazdpsj.mp4,0.8266906142234802
rbylzcdzyl.mp4,0.8800539374351501
rbymfthdfa.mp4,0.9668152332305908
rbyrwvsgeb.mp4,0.8916106224060059
rbzdjrvjnk.mp4,0.9440732598304749
rcawttvtrp.mp4,0.9133881330490112
rcazvdadti.mp4,0.8789422512054443
rcbbnnxhsg.mp4,0.039408862590789795
rcbzoqddhg.mp4,0.8459849953651428
rccpsnfotz.mp4,0.9645838737487793
rccsvcinoz.mp4,0.9155936241149902
rccxjxzaaw.mp4,0.8580633401870728
rcdrotflax.mp4,0.8692322969436646
rcdvcnsatq.mp4,0.9684134721755981
rcdxwvmjnu.mp4,0.9359635710716248
rcejudmaru.mp4,0.723995566368103
rcfaokeusr.mp4,0.788978099822998
rcfcitfwmy.mp4,0.9604751467704773
rcfdabcwoj.mp4,0.6376120448112488
rcfjfkmpxi.mp4,0.8892515897750854
rcfqjdyrsl.mp4,0.9387951493263245
rcfztfrouh.mp4,0.22383777797222137
rcgdrsvfke.mp4,0.12814363837242126
rcgjaofhgt.mp4,0.9259957075119019
rcgwksttwk.mp4,0.7762053608894348
rchmsaoeyi.mp4,0.025264723226428032
rchrcsiwkv.mp4,0.22886556386947632
rchsrzntnv.mp4,0.9241114258766174
rcixkdiuds.mp4,0.9569722414016724
rcizjhtxuf.mp4,0.9304593205451965
rcjkpbmtmu.mp4,0.7597418427467346
rcjpzgnrsn.mp4,0.08702689409255981
rclpjrzvrt.mp4,0.8704001307487488
rclslgzjay.mp4,0.9366099238395691
rcmwrmuyuc.mp4,0.9456425905227661
rcooasixes.mp4,0.9530239105224609
rcpcvijghn.mp4,0.8245264887809753
rcplsrtsub.mp4,0.9556035399436951
rcpodulvkm.mp4,0.2771816849708557
rcpvportuy.mp4,0.12535063922405243
rcqignemkt.mp4,0.9618094563484192
rcqwfgbzyj.mp4,0.9602338075637817
rcsdwyosav.mp4,0.9093109965324402
rcsgzcough.mp4,0.8335340619087219
rcsrgoacvi.mp4,0.880199134349823
rctkmvjnaw.mp4,0.8716112971305847
rcvngveexh.mp4,0.5484984517097473
rcvotlpusf.mp4,0.8995732665061951
rcxeisjfaz.mp4,0.9568391442298889
rcxohmfwhl.mp4,0.9404721260070801
rdauhpvwpl.mp4,0.8914676904678345
rdaztcqhbj.mp4,0.3544931709766388
rdbpzmutyq.mp4,0.6604208946228027
rdbyppomvp.mp4,0.9233095049858093
rdckswmwsm.mp4,0.7853188514709473
rdcsqjipgr.mp4,0.9561881422996521
rdcxxbvkfh.mp4,0.1298360526561737
rddmpvgagi.mp4,0.9596245884895325
rddsjnntya.mp4,0.917921245098114
rdfmibakjm.mp4,0.1100778728723526
rdfwvhoagh.mp4,0.5980153679847717
rdfyrycggk.mp4,0.8292332887649536
rdhdhxszuc.mp4,0.05989561229944229
rdhfttmktp.mp4,0.8406286835670471
rdhltwxkwk.mp4,0.8837735056877136
rdiegzplvf.mp4,0.9510492086410522
rdieogexpi.mp4,0.1439751386642456
rdiqugbboo.mp4,0.04063127189874649
rdiyhpvqcq.mp4,0.9264937043190002
rdjhzdocul.mp4,0.5374497771263123
rdjwlvvwtv.mp4,0.9005732536315918
rdkefshrty.mp4,0.6059246063232422
rdklsoqzxu.mp4,0.9699296355247498
rdmfzozfgi.mp4,0.6056751608848572
rdmuhuiepx.mp4,0.8515066504478455
rdobrtuvqk.mp4,0.9316024780273438
rdojtcccdw.mp4,0.9572502374649048
rdpausigpg.mp4,0.9265686273574829
rdpdlgeywm.mp4,0.47402140498161316
rdpuptnhrw.mp4,0.5854672193527222
rdqapigsyb.mp4,0.9681898951530457
rdqfwzpzlg.mp4,0.7858827710151672
rdqysxdoko.mp4,0.7892071604728699
rdrtpuszmy.mp4,0.9216455817222595
rdsnmcvgyk.mp4,0.14199447631835938
rdtcetmywq.mp4,0.10687944293022156
rdtevevmua.mp4,0.918189287185669
rduaawcqpp.mp4,0.8093655705451965
rdundildsa.mp4,0.8602940440177917
rdvmpcuhvd.mp4,0.9378136396408081
rdwenayiqb.mp4,0.9232462048530579
rdxhieurnc.mp4,0.0442674346268177
rdznzbnxyo.mp4,0.861591637134552
rdzyzyccwv.mp4,0.865405797958374
reamgsosuu.mp4,0.8437963724136353
rebaioocax.mp4,0.9363194108009338
rebajepjaf.mp4,0.6319830417633057
recbbtqpbu.mp4,0.7113744020462036
reclcicerz.mp4,0.38183581829071045
redeywjpuw.mp4,0.9389045834541321
reepsdjbie.mp4,0.8685932755470276
refasbqxrh.mp4,0.19918186962604523
refdoaazmz.mp4,0.45924004912376404
refnrunbag.mp4,0.9371345639228821
refrkbeeym.mp4,0.9031036496162415
refwonexvz.mp4,0.8466808199882507
regcuyroaa.mp4,0.04155989736318588
regiyqjuoh.mp4,0.6246610283851624
regkrsafpf.mp4,0.8937867879867554
reglrriuri.mp4,0.940261721611023
rehflwrnyo.mp4,0.6535329818725586
reicagumns.mp4,0.8251237273216248
reidnpqmqn.mp4,0.9178107976913452
reikncunht.mp4,0.8610987663269043
rejmrurgnf.mp4,0.6665312647819519
rejxllylip.mp4,0.6398754715919495
rekoxqsexe.mp4,0.9032626748085022
relkjgoblh.mp4,0.06086178869009018
relqsupkti.mp4,0.12702499330043793
relrfifywa.mp4,0.06842394173145294
relukgpngy.mp4,0.9560568928718567
remfraaykj.mp4,0.9294462203979492
remxshuflu.mp4,0.47271856665611267
reojwapmic.mp4,0.8738898634910583
reptpdidos.mp4,0.9611605405807495
repufoluci.mp4,0.9378260970115662
reqopfzfju.mp4,0.5903608202934265
rerhbfqvdz.mp4,0.676474392414093
reslpowdbv.mp4,0.3673518896102905
retnipyswj.mp4,0.08196446299552917
retwcfaujx.mp4,0.8502734899520874
reuveljibk.mp4,0.9057812690734863
reuyimrqxg.mp4,0.09165244549512863
reuzxamqxx.mp4,0.9227315187454224
revncvbvbv.mp4,0.07455126196146011
revzcyldgc.mp4,0.9040935635566711
rewlvzaoit.mp4,0.9418510794639587
rewmhexmno.mp4,0.9232769012451172
rexaqfaowd.mp4,0.9049511551856995
rexgunpmvz.mp4,0.9346521496772766
reyjdnlcej.mp4,0.6760239005088806
rezhkfqzpc.mp4,0.9664177894592285
rezjkpxzpk.mp4,0.9613122940063477
rfaedgbfib.mp4,0.6952213644981384
rfatjcnbju.mp4,0.8902891278266907
rfbhmfkysx.mp4,0.9048750400543213
rfbpamuuxb.mp4,0.38921982049942017
rfbwlgmiup.mp4,0.3596867322921753
rfbwukxpye.mp4,0.17592830955982208
rfgkhremwh.mp4,0.06990761309862137
rfgknbzfrv.mp4,0.7784642577171326
rfgzgrsdel.mp4,0.88981693983078
rfhhwnicyq.mp4,0.09798238426446915
rfhwnzuihr.mp4,0.909722089767456
rfhztjztat.mp4,0.9660849571228027
rfjvjoycgr.mp4,0.9121612310409546
rfkvceigfk.mp4,0.9832181334495544
rfkybcpfxo.mp4,0.06349378824234009
rflghteuxx.mp4,0.8447678089141846
rflnmkwrmi.mp4,0.9419852495193481
rfmmvhkqus.mp4,0.23282961547374725
rfoeydlrvv.mp4,0.15717259049415588
rfojosxqcn.mp4,0.8103280663490295
rfqhpayvga.mp4,0.9608154892921448
rfqkpuctnz.mp4,0.9568127989768982
rfqqtszrdj.mp4,0.2425335794687271
rfqyxalbmz.mp4,0.7119344472885132
rfrcwmnpdk.mp4,0.9604542851448059
rfrhzqfbwa.mp4,0.957358181476593
rfsjfghjef.mp4,0.9291530847549438
rfsjhjwwtf.mp4,0.7334314584732056
rfsukgulqd.mp4,0.7645375728607178
rfsuolriur.mp4,0.965211033821106
rftgfdduft.mp4,0.8999888300895691
rfuhnmpclz.mp4,0.5262203216552734
rfujtrhnga.mp4,0.8650791049003601
rfuugyfcfk.mp4,0.9104508757591248
rfuvdyrose.mp4,0.9820445775985718
rfvbziooub.mp4,0.8237162828445435
rfvcqrfvsq.mp4,0.6868689656257629
rfvojczcnx.mp4,0.9663893580436707
rfwekwegqi.mp4,0.26547786593437195
rfwixigmps.mp4,0.8949876427650452
rfwwmusvah.mp4,0.8522182703018188
rfxgqjrjnz.mp4,0.8843249678611755
rfxogycbbi.mp4,0.8670132160186768
rfxvqpkvzt.mp4,0.9497965574264526
rfykxekxer.mp4,0.888545572757721
rfysbajarq.mp4,0.8105599284172058
rfywczujdb.mp4,0.8588982224464417
rfyzkkjnrz.mp4,0.92043536901474
rfzisdvpdt.mp4,0.8637349009513855
rgasvymjrj.mp4,0.9181318879127502
rgbsqmzjht.mp4,0.9334271550178528
rgcluqvueg.mp4,0.9738085269927979
rgeenmnicf.mp4,0.9493022561073303
rgfcghlcuv.mp4,0.9030382037162781
rgfypgfozg.mp4,0.803554892539978
rggchknust.mp4,0.3797440230846405
rggiaaozlm.mp4,0.7454564571380615
rggnvwizgh.mp4,0.9235959649085999
rggxmtabqi.mp4,0.8620243072509766
rghirbnsvt.mp4,0.9173907041549683
rghtqvqyel.mp4,0.9315814971923828
rghxapzhkj.mp4,0.21377405524253845
rgjgkxordy.mp4,0.5853511691093445
rgjmlvwiig.mp4,0.9890979528427124
rgjphbslsj.mp4,0.08048970997333527
rgkgeurmky.mp4,0.12508513033390045
rgksdbawuc.mp4,0.2435811161994934
rgkvzthnhr.mp4,0.7261908650398254
rglbeyhbai.mp4,0.9591256976127625
rglfdnekjv.mp4,0.951219916343689
rglfmhxhwo.mp4,0.954386830329895
rgmdqlpukt.mp4,0.7072142958641052
rgouxvqauk.mp4,0.9718690514564514
rgowwuybit.mp4,0.7607307434082031
rgoxwoofkw.mp4,0.8750733733177185
rgpdkaijyc.mp4,0.7736473679542542
rgppjevnpn.mp4,0.7755022644996643
rgpwvpxzgl.mp4,0.930902898311615
rgqcygqsjz.mp4,0.8149737119674683
rgrqhjtoby.mp4,0.0457572303712368
rgtkdxwebb.mp4,0.9367073178291321
rgtlvoskty.mp4,0.9769847393035889
rgvpeunazx.mp4,0.9001067280769348
rgvspxurey.mp4,0.9408890008926392
rgvuaskhwj.mp4,0.49821722507476807
rgvvvzgsxr.mp4,0.9862138032913208
rgwflpowfv.mp4,0.8790768980979919
rgxbivulnj.mp4,0.41881924867630005
rgxhztngwi.mp4,0.06973228603601456
rgxpzevrsp.mp4,0.6490764617919922
rgyfloxnff.mp4,0.9150488376617432
rgyidsgwgv.mp4,0.9179649949073792
rgyseheqcn.mp4,0.92927485704422
rgyypohipo.mp4,0.33589842915534973
rgzaaigzgk.mp4,0.7332453727722168
rgzrtypdxv.mp4,0.8361195921897888
rgzvjfpwlo.mp4,0.8637932538986206
rgzydsstqm.mp4,0.9327445030212402
rhayeawnsq.mp4,0.8206613063812256
rhbchjrums.mp4,0.8349027633666992
rhccwstztr.mp4,0.8287675976753235
rhcifqslqe.mp4,0.9202612638473511
rhcspbranh.mp4,0.9317901730537415
rhcvhpxkbg.mp4,0.984271228313446
rhcyvdfomq.mp4,0.8697953224182129
rhdnckvctt.mp4,0.4778779447078705
rhegyzoyet.mp4,0.9634870290756226
rheivzupzg.mp4,0.920181155204773
rhewtlbnwa.mp4,0.9342024922370911
rhfmjnlvvj.mp4,0.8972971439361572
rhgcuwjojf.mp4,0.8690432906150818
rhhdeovjjc.mp4,0.9560985565185547
rhhyonwjyg.mp4,0.28935307264328003
rhiorgxahb.mp4,0.6558623313903809
rhjrndafnu.mp4,0.8460868000984192
rhkeuhtgpt.mp4,0.9475487470626831
rhkrchpycn.mp4,0.8221968412399292
rhkxewmfec.mp4,0.7564792037010193
rhlerhvthk.mp4,0.9252460598945618
rhmhlfyxjg.mp4,0.8487381935119629
rhnihakgig.mp4,0.9890689849853516
rhnlbwsyyz.mp4,0.7137661576271057
rhobpvgzij.mp4,0.9340859651565552
rhojtobzuj.mp4,0.972948431968689
rhonujrrtj.mp4,0.7866536974906921
rhotsujndc.mp4,0.9415367245674133
rhotzsptag.mp4,0.9742274880409241
rhpkxybsqu.mp4,0.6738510727882385
rhpnsrypay.mp4,0.5780593752861023
rhqgdkpfbt.mp4,0.552681565284729
rhqrpbygxy.mp4,0.40946170687675476
rhqrsyewgg.mp4,0.9099212884902954
rhrutmynym.mp4,0.9266887903213501
rhrykauqqy.mp4,0.8711316585540771
rhstovhynw.mp4,0.951056957244873
rhtowksqbd.mp4,0.9543585181236267
rhtwwixphj.mp4,0.8998382091522217
rhuhjrguel.mp4,0.9729858636856079
rhvdrqlhxe.mp4,0.5430358052253723
rhweihtjlk.mp4,0.11081397533416748
rhwiigokes.mp4,0.4969998002052307
rhwnodoydg.mp4,0.8054327964782715
rhwqsuuqsr.mp4,0.8649617433547974
rhwstdvlsb.mp4,0.569858729839325
rhxgcqmcuh.mp4,0.6183475852012634
rhxifbofoc.mp4,0.7876107692718506
rhxsvscfpu.mp4,0.6800315380096436
rhyjkoobby.mp4,0.8527739644050598
rhynzlttmu.mp4,0.8894134759902954
rhyxgxuwhd.mp4,0.9177032113075256
rhyzpxqgbd.mp4,0.45408716797828674
rhzhhszfss.mp4,0.15766315162181854
riadnybysl.mp4,0.8848066329956055
riagxfntkf.mp4,0.9102316498756409
riajyjbhmx.mp4,0.8893492221832275
ribewasyjd.mp4,0.0738806501030922
ribgusctec.mp4,0.7976962327957153
ribhvopifx.mp4,0.8957291841506958
richkklwsj.mp4,0.8853743672370911
ricjiupsse.mp4,0.9744651913642883
riclmjgoqu.mp4,0.8134013414382935
ricpbuzctz.mp4,0.8291273713111877
ridcuyswqu.mp4,0.9870001077651978
ridpsnuevu.mp4,0.72373366355896
ridtjjnatr.mp4,0.8986760377883911
riebrjdlqq.mp4,0.9325153231620789
rielxbrjup.mp4,0.9603863954544067
rifgebvnli.mp4,0.9637675881385803
rifiyadulj.mp4,0.6492639780044556
rignbxgswt.mp4,0.2541854977607727
rigvpugoip.mp4,0.13471107184886932
rihgjplyfb.mp4,0.8717857599258423
rihmmvubqq.mp4,0.6757228970527649
rihzypkzjd.mp4,0.7202180624008179
riiasslukr.mp4,0.05991319194436073
riiwlkkert.mp4,0.866969645023346
riizlqngim.mp4,0.7723718285560608
rijdjarigk.mp4,0.9562797546386719
rijhrkkvkw.mp4,0.9721182584762573
rijqaijfad.mp4,0.9291734099388123
rijudscyuc.mp4,0.9053952693939209
rikiylalwk.mp4,0.9152344465255737
riktdgneac.mp4,0.22924137115478516
rikxkfkhsx.mp4,0.8489857316017151
rilowfufdo.mp4,0.7772234082221985
rilyevizdk.mp4,0.33107897639274597
rimccnquim.mp4,0.9271662831306458
rimgarlgod.mp4,0.3051680028438568
rimmvyebhj.mp4,0.06345943361520767
rimpjuzxdw.mp4,0.988215446472168
riopdiqieg.mp4,0.8996973037719727
rioxyowqkb.mp4,0.3127833306789398
rippuedwzs.mp4,0.8916087746620178
ripvajoeue.mp4,0.793350338935852
riqasfedlc.mp4,0.6753402948379517
riqjqnyrlo.mp4,0.1023438572883606
riqscqxedk.mp4,0.926861047744751
riqsogxost.mp4,0.9516573548316956
rirebmjwyw.mp4,0.9190869331359863
riskowbvrb.mp4,0.6981726288795471
riugzzscau.mp4,0.8285902142524719
riukrufpgh.mp4,0.11117880791425705
riulgghtea.mp4,0.9857732653617859
riuxfayrdo.mp4,0.9553419947624207
rivffvdsst.mp4,0.8679574728012085
rivptoxgke.mp4,0.9024990797042847
rivyxgixod.mp4,0.9787446856498718
rivzzbaxqv.mp4,0.9055919647216797
riwklzijip.mp4,0.9349288940429688
riwnlgahzk.mp4,0.9532649517059326
riwvkzboar.mp4,0.9294053316116333
rixhcjkapl.mp4,0.8173081874847412
rixjixvthd.mp4,0.2819323241710663
rixkkyppdm.mp4,0.18404506146907806
rixrsqftcj.mp4,0.9581370949745178
rizkegptmw.mp4,0.9303311109542847
rjazicvdco.mp4,0.7007251381874084
rjbrjxlatq.mp4,0.9000610709190369
rjcjcdkzkw.mp4,0.2673557698726654
rjdghgsrqy.mp4,0.8789926767349243
rjdnwvynxk.mp4,0.36174914240837097
rjfikssvxj.mp4,0.9566923379898071
rjfjbjxqcw.mp4,0.664212167263031
rjgcicnjbi.mp4,0.896139919757843
rjgqugfvfd.mp4,0.9180095195770264
rjhocbovjz.mp4,0.1933058202266693
rjhqryrfmb.mp4,0.9444230198860168
rjhswebbst.mp4,0.1282220184803009
rjjquzcape.mp4,0.9877902269363403
rjkrejuatj.mp4,0.6690448522567749
rjkumofcvi.mp4,0.7214289903640747
rjmpltcntc.mp4,0.8103166222572327
rjnzjvfaiz.mp4,0.9602904915809631
rjohqqxzyh.mp4,0.828577995300293
rjozjwvmku.mp4,0.32564643025398254
rjpbjigjcc.mp4,0.9192586541175842
rjqatoncop.mp4,0.9212740659713745
rjqauvxxzp.mp4,0.6058961749076843
rjrfrverfx.mp4,0.7814014554023743
rjrufwsmob.mp4,0.8949605226516724
rjrvnjybgg.mp4,0.9516506195068359
rjsxqhnzqq.mp4,0.9068630337715149
rjtdjjfxzi.mp4,0.044047508388757706
rjtsbdysdz.mp4,0.8565539121627808
rjtwbhiaxx.mp4,0.07463560998439789
rjtxmfklwi.mp4,0.7895883917808533
rjuddimxce.mp4,0.8021244406700134
rjuxhxrjfd.mp4,0.9566210508346558
rjvvqnyetx.mp4,0.11419405788183212
rjwbmzksiz.mp4,0.8591655492782593
rjxmorolsj.mp4,0.9116966724395752
rjxtsiycme.mp4,0.08592458069324493
rjxyzmwsqm.mp4,0.7216782569885254
rjyamsinkv.mp4,0.8174222707748413
rjyxdsjlen.mp4,0.06009815260767937
rjzhmuindb.mp4,0.7803347706794739
rjzjxbhhxf.mp4,0.8572607040405273
rjzouvtgvg.mp4,0.9866153597831726
rjzvgihmuu.mp4,0.14808662235736847
rkadsvtyfd.mp4,0.7688108682632446
rkaxetzemd.mp4,0.49058592319488525
rkbnxzufqe.mp4,0.9002814292907715
rkbrbxhywo.mp4,0.11848817765712738
rkbrqfzpvk.mp4,0.2692507207393646
rkbtwjeyeb.mp4,0.841360330581665
rkbugznaub.mp4,0.9320525527000427
rkbwhvciej.mp4,0.8709414601325989
rkbxgozdju.mp4,0.9026886224746704
rkbxybizvj.mp4,0.16502679884433746
rkcggmqsdo.mp4,0.9712492227554321
rkdfqxsjfi.mp4,0.9616503119468689
rkdheztcht.mp4,0.6585677862167358
rkdhthhfdf.mp4,0.9343597888946533
rkdhwnzpzx.mp4,0.36349746584892273
rkdjyszkae.mp4,0.880933403968811
rkdoczwqky.mp4,0.20887701213359833
rkdxatjvqe.mp4,0.045089349150657654
rkettrjjhi.mp4,0.6506816148757935
rkezgzxnoo.mp4,0.43374139070510864
rkfduxmdrc.mp4,0.9443956017494202
rkfimbwyir.mp4,0.6894598007202148
rkgejsqhcf.mp4,0.6535773277282715
rkgxnoppto.mp4,0.7923961877822876
rkhbofdrvp.mp4,0.444375216960907
rkhlwuybxn.mp4,0.9726908802986145
rkhpwllwbc.mp4,0.8454117178916931
rkhyonaypy.mp4,0.8529980182647705
rkjhxvdnsv.mp4,0.0457959920167923
rkkdenjfrr.mp4,0.9847334623336792
rkldstosuu.mp4,0.6303699612617493
rklhljcpwt.mp4,0.8758895993232727
rkmafjxdve.mp4,0.8530325293540955
rkmsxwhpui.mp4,0.4941236972808838
rkmyglwkgi.mp4,0.9794254302978516
rkmyulpjuo.mp4,0.9627161026000977
rkmzdldobl.mp4,0.897363543510437
rknnkxwjhl.mp4,0.8946759700775146
rknrpqjmtg.mp4,0.9602793455123901
rkojuygepw.mp4,0.9360812902450562
rkpdbkapfv.mp4,0.9819592833518982
rkpjcqewbj.mp4,0.9635215401649475
rkpzrrqiwu.mp4,0.48389923572540283
rkqqgwurqt.mp4,0.07813797146081924
rkqzmjzzsg.mp4,0.19440896809101105
rkrizcgzgt.mp4,0.12497719377279282
rkrpbbuwmr.mp4,0.7286390662193298
rksowurrwf.mp4,0.9858860969543457
rktbrmrgpj.mp4,0.8642452359199524
rktdlafmma.mp4,0.8286300301551819
rkwdttbfcc.mp4,0.6056616306304932
rkwomxrhnl.mp4,0.9106978178024292
rkwqyenzxk.mp4,0.1867683231830597
rkwxdgemup.mp4,0.9435091614723206
rkxepdkger.mp4,0.045990511775016785
rkxvniszwy.mp4,0.9627964496612549
rkygzeyegz.mp4,0.8097531795501709
rkyheqgits.mp4,0.08046460896730423
rkykeovyes.mp4,0.92287677526474
rkytpdhnxz.mp4,0.9391789436340332
rkzabzjtbv.mp4,0.7512022256851196
rkzfxgrluh.mp4,0.823125422000885
rlanlrwraj.mp4,0.8863996863365173
rlatrksjpf.mp4,0.1052432432770729
rlbmtsewjr.mp4,0.9891393780708313
rlcczepaol.mp4,0.7329117059707642
rldbmzntrp.mp4,0.7410972118377686
rlerxsnsid.mp4,0.900970458984375
rlffjyqing.mp4,0.8894895911216736
rlgumwinrx.mp4,0.09416738897562027
rlhmppiklf.mp4,0.3026248514652252
rlhocrystt.mp4,0.9712226986885071
rlhpnehlal.mp4,0.726013720035553
rlibyiywym.mp4,0.9164570569992065
rlijcagqpg.mp4,0.9415468573570251
rljmwhopju.mp4,0.792284369468689
rlkueiemkf.mp4,0.06686072796583176
rllcorzadx.mp4,0.9388472437858582
rllevpaqrk.mp4,0.56915283203125
rllwhliuxp.mp4,0.8656491041183472
rlnvwfcnek.mp4,0.8575430512428284
rlooeyoxfs.mp4,0.9397740960121155
rloviuuxky.mp4,0.2302210032939911
rlpkfdyaho.mp4,0.8480164408683777
rlpncrnxjv.mp4,0.5290199518203735
rlpukzycni.mp4,0.9064132571220398
rlqotzcvyi.mp4,0.1997520923614502
rlqvjnfsqt.mp4,0.7741475105285645
rlqwurjdwa.mp4,0.10718835145235062
rlrtjcvlqz.mp4,0.40573835372924805
rlrwqiragp.mp4,0.9493065476417542
rlsighguhz.mp4,0.6811029314994812
rlspukkkmb.mp4,0.8473474383354187
rlsxupuvol.mp4,0.36283665895462036
rlvaxiqant.mp4,0.9005095362663269
rlvfsudzvh.mp4,0.18089492619037628
rlvgpdrgvi.mp4,0.8913479447364807
rlvsrjqfey.mp4,0.8629977703094482
rlvvppfrpc.mp4,0.9773569703102112
rlwafcctmp.mp4,0.9342297315597534
rlwkdhgoqw.mp4,0.8652645945549011
rlwlrvoojl.mp4,0.39072927832603455
rlxenjzsdo.mp4,0.8605496883392334
rlxmmsmenp.mp4,0.9606517553329468
rlyuzkzxlv.mp4,0.8888105154037476
rmahstfeke.mp4,0.055093538016080856
rmantvehsv.mp4,0.9321525692939758
rmayjzerxw.mp4,0.8380619287490845
rmbiuunnfm.mp4,0.7419048547744751
rmbqcgzcfl.mp4,0.9702690243721008
rmbrgigdxl.mp4,0.9666418433189392
rmcoritpow.mp4,0.0466717928647995
rmcumidsoz.mp4,0.9487090706825256
rmcwnpvsdq.mp4,0.8514680862426758
rmdagcivrq.mp4,0.9657273888587952
rmeazmvqhm.mp4,0.9370183348655701
rmeevdmpkq.mp4,0.9195178151130676
rmendzfbmz.mp4,0.956798791885376
rmfpdtabww.mp4,0.38877278566360474
rmgbphzipt.mp4,0.8804562091827393
rmgmravhdx.mp4,0.959026575088501
rmguqcorxp.mp4,0.9311689734458923
rmjdbbhhog.mp4,0.939755916595459
rmjfmgcqbb.mp4,0.9690347909927368
rmkdrzlgod.mp4,0.10535938292741776
rmkllkgxxd.mp4,0.14751115441322327
rmkncdvpdu.mp4,0.2887159585952759
rmldoykgzt.mp4,0.14583496749401093
rmllhhppjh.mp4,0.9477114081382751
rmlqyndocv.mp4,0.2094116508960724
rmmektgipe.mp4,0.9326908588409424
rmmnxxhcrk.mp4,0.6840454936027527
rmmyceqpgn.mp4,0.1464042067527771
rmndwrumtv.mp4,0.9248492121696472
rmnrvrqbky.mp4,0.9243279099464417
rmnvkdnruz.mp4,0.9564490914344788
rmovankcux.mp4,0.9194614291191101
rmpwmbbzot.mp4,0.9291294813156128
rmqajbgjsy.mp4,0.9516216516494751
rmqaqhkpsd.mp4,0.9652060270309448
rmqfuhvhlx.mp4,0.4648846983909607
rmqinzojuv.mp4,0.5341605544090271
rmqngnuqau.mp4,0.4964148998260498
rmskuissxs.mp4,0.1916462928056717
rmspnlyqmw.mp4,0.9547600746154785
rmtuocxuuf.mp4,0.9854212403297424
rmuojgvjra.mp4,0.8472859859466553
rmuthxsdjq.mp4,0.8324127197265625
rmuucuytfi.mp4,0.8480480909347534
rmuxdcnpng.mp4,0.909433901309967
rmvoyhhbiz.mp4,0.9722217917442322
rmvraortuw.mp4,0.940097451210022
rmvypmuucs.mp4,0.6824702620506287
rmwbrucyvz.mp4,0.9380514025688171
rmwjfrmqjh.mp4,0.9080633521080017
rmygsfjyvt.mp4,0.18835929036140442
rmypklpcjw.mp4,0.8331912159919739
rmzcimrbkt.mp4,0.9860692024230957
rmztfignml.mp4,0.5455549359321594
rnbufwpxda.mp4,0.9898952841758728
rncgmmcdtd.mp4,0.9625040292739868
rndfvvcxik.mp4,0.673852264881134
rndlhczhdm.mp4,0.8710521459579468
rndrqkdndn.mp4,0.9419291615486145
rndrzdtvzx.mp4,0.9435377717018127
rnemedxvyr.mp4,0.894629716873169
rnenyahilx.mp4,0.9005866050720215
rnerozzwam.mp4,0.9600481390953064
rneucagbvg.mp4,0.6846359372138977
rnfiirxyve.mp4,0.9281029105186462
rngupntsot.mp4,0.1788131594657898
rngzwsothz.mp4,0.9052974581718445
rnhmavtmgy.mp4,0.8556718230247498
rnhqcoqucw.mp4,0.8794440031051636
rnhstrkmie.mp4,0.7793652415275574
rnhtvzkfqv.mp4,0.5019202828407288
rnijxqmmpb.mp4,0.548069179058075
rniqxpdsoz.mp4,0.9828641414642334
rnkkemwhfq.mp4,0.9222480058670044
rnkksjxasm.mp4,0.8536819219589233
rnkpunqxas.mp4,0.9408947825431824
rnlcnbdcdf.mp4,0.8327028751373291
rnmgxrxckb.mp4,0.8353012204170227
rnmsjlemec.mp4,0.9347937107086182
rnnjsqroat.mp4,0.9300230741500854
rnoaglzwbo.mp4,0.12534870207309723
rnozzrfhkq.mp4,0.9149584174156189
rnpbbkzaux.mp4,0.9395758509635925
rnpsnnbrwu.mp4,0.0639195442199707
rnpwccbhlr.mp4,0.9481207132339478
rnpwrkqgmz.mp4,0.1298559159040451
rnpzpgncvx.mp4,0.1696019023656845
rnqtouthbt.mp4,0.9639298915863037
rnqtslhcka.mp4,0.9173566699028015
rnrcrhiqqw.mp4,0.949865460395813
rnreddssfe.mp4,0.9308955073356628
rnrqjbysxn.mp4,0.9152194261550903
rnspxjflyf.mp4,0.7802117466926575
rntcritstr.mp4,0.7367685437202454
rntjtobier.mp4,0.7757024168968201
rnxnzkttat.mp4,0.839387059211731
rnxqalxtgi.mp4,0.903689980506897
rnxyofoodj.mp4,0.9020417332649231
rnzynmbfed.mp4,0.8933993577957153
roabvhmgnb.mp4,0.7099502682685852
roahztgdju.mp4,0.9320349097251892
roaubbdctl.mp4,0.14640045166015625
robpzrdojw.mp4,0.32007673382759094
robzalqcge.mp4,0.8922673463821411
rocaqylpqv.mp4,0.964978039264679
roccuyjydl.mp4,0.8902384042739868
rocqqpawck.mp4,0.5863253474235535
rocqtecrsj.mp4,0.8068072199821472
rocuzbwswd.mp4,0.9597684741020203
rocwecmgxc.mp4,0.9343001842498779
rodgsmgued.mp4,0.5539649128913879
rodiinftvq.mp4,0.8809580206871033
rofgoeqfbf.mp4,0.8283155560493469
rofgychiss.mp4,0.9093170166015625
rofisthyxs.mp4,0.9862266778945923
rogbffkenw.mp4,0.10331208258867264
rogcxjnekn.mp4,0.21680302917957306
rogmwncrkp.mp4,0.8750903010368347
rohorrggyx.mp4,0.9193212389945984
rohuegtohf.mp4,0.1403995156288147
rohwvmkvjg.mp4,0.11722046136856079
roiayixtdf.mp4,0.9510967135429382
roikafzzpf.mp4,0.7832568883895874
roinluqcyy.mp4,0.9430729150772095
roivdutkrz.mp4,0.9621304273605347
rojcacrxbm.mp4,0.9087741374969482
rojsigziqf.mp4,0.9861414432525635
rolcvttgte.mp4,0.9466050267219543
romchuiymq.mp4,0.859628438949585
ronuccpona.mp4,0.7198765873908997
roomncorbj.mp4,0.9672060012817383
ropifziheq.mp4,0.1511954963207245
ropvwnbrzn.mp4,0.9484410881996155
roqcnydjbf.mp4,0.4371062219142914
roqkadbbap.mp4,0.0975826308131218
roroqidyua.mp4,0.14035141468048096
rorxilcmqb.mp4,0.921919584274292
rosgqjjnnb.mp4,0.942420244216919
rosuouoepg.mp4,0.6711927056312561
roszmjbioz.mp4,0.9122046828269958
rotkssssyn.mp4,0.9790931344032288
rottyedvaw.mp4,0.8886426091194153
rovikudkjj.mp4,0.9353249073028564
rovrreexlc.mp4,0.10168527066707611
roxiealfig.mp4,0.9487696290016174
roxnlqvqbb.mp4,0.9437528252601624
roxuqecolx.mp4,0.8923225402832031
royyjnijng.mp4,0.6404639482498169
rpamtneasj.mp4,0.9720941185951233
rpawgezjby.mp4,0.11822570115327835
rpaxlrwkkc.mp4,0.8618848919868469
rpbbkbtcfq.mp4,0.30377548933029175
rpbeznpkke.mp4,0.07480179518461227
rpchgqmxbm.mp4,0.988851010799408
rpcvgsuozm.mp4,0.037232931703329086
rpczjptpat.mp4,0.9033031463623047
rpdidqtifj.mp4,0.7090684771537781
rpdknjdhxa.mp4,0.6614928841590881
rpdqtwfgeh.mp4,0.9628233313560486
rpdvuoovqd.mp4,0.8381062746047974
rpechqrcug.mp4,0.6940491199493408
rpekmbrfrc.mp4,0.9269962310791016
rpfculimra.mp4,0.939538300037384
rpfpyxmlbb.mp4,0.15094436705112457
rpfzebwhtb.mp4,0.7487552762031555
rpgwsltfcj.mp4,0.9483686685562134
rphdtleagg.mp4,0.1372085064649582
rphjvqgjys.mp4,0.9113247394561768
rpjizcvdte.mp4,0.08577213436365128
rpjppjjzsm.mp4,0.9552285075187683
rplkffclru.mp4,0.840750515460968
rplompjhkv.mp4,0.9401929378509521
rplxdenqzv.mp4,0.9493019580841064
rpmqhlcbcu.mp4,0.9097649455070496
rpnenirvva.mp4,0.8128423690795898
rpoavokdsf.mp4,0.9860522150993347
rpoffvvbgp.mp4,0.8224412202835083
rpojlagpxg.mp4,0.27659329771995544
rpounthunx.mp4,0.9264868497848511
rpouwonovm.mp4,0.2886562943458557
rpovhltcyq.mp4,0.9051068425178528
rppioltzqd.mp4,0.6615429520606995
rpponnsvvr.mp4,0.8962210416793823
rppsooovbw.mp4,0.7509424686431885
rppydlkzmu.mp4,0.6869981288909912
rpqglkacpf.mp4,0.9419448375701904
rpqpopztwh.mp4,0.8642050623893738
rprciljzjr.mp4,0.6596968770027161
rpriyeauyn.mp4,0.8867205381393433
rpsjeiqugg.mp4,0.7130661606788635
rpsncogkpm.mp4,0.9202800989151001
rpsttrnmql.mp4,0.7175207138061523
rpszieknsa.mp4,0.9763303399085999
rptgltzwek.mp4,0.12083865702152252
rptpdrmwkk.mp4,0.9570190906524658
rpuwfxgteu.mp4,0.7866689562797546
rpuxnnqmln.mp4,0.11336525529623032
rpvfnbwjct.mp4,0.9460627436637878
rpvhsmtanu.mp4,0.7842810153961182
rpwqeunuvn.mp4,0.07469336688518524
rpxdemxjku.mp4,0.9437757134437561
rpxilobmtf.mp4,0.9291242957115173
rpynhhdirq.mp4,0.875919759273529
rpywnvrxga.mp4,0.8779879212379456
rpzgbhzswt.mp4,0.8711587190628052
rqahpvvgmz.mp4,0.09739768505096436
rqamawdvhn.mp4,0.9198307991027832
rqbupxjvvp.mp4,0.9272828102111816
rqbuugcjgn.mp4,0.8111968636512756
rqcgsldlxh.mp4,0.8818598985671997
rqdcnbyqeo.mp4,0.133257657289505
rqdxztvzlh.mp4,0.9169777035713196
rqfbuwfiqx.mp4,0.705230176448822
rqgprxvris.mp4,0.6068821549415588
rqgrrifxnn.mp4,0.9614143967628479
rqgvpvogqv.mp4,0.6769244074821472
rqhnjzpixl.mp4,0.03202132508158684
rqhwomvkrx.mp4,0.8955502510070801
rqiawtigky.mp4,0.9122199416160583
rqigtggvee.mp4,0.5827757716178894
rqixtupxso.mp4,0.1507503241300583
rqjkmkaasg.mp4,0.8826586604118347
rqjnyealsn.mp4,0.7593197226524353
rqjytvbrjg.mp4,0.9499845504760742
rqkfesufqh.mp4,0.8652318120002747
rqkmvkyjzr.mp4,0.8995885848999023
rqknnwbdei.mp4,0.0892551839351654
rqkqxkwecu.mp4,0.9729659557342529
rqlsllnzjx.mp4,0.9155232906341553
rqmwrqpcnk.mp4,0.8212157487869263
rqnoirnlnd.mp4,0.955085039138794
rqoiikyyon.mp4,0.9381356239318848
rqomealtxk.mp4,0.9803493022918701
rqpdpfewfi.mp4,0.09929738938808441
rqpkgnnxcv.mp4,0.07443731278181076
rqpqlyrren.mp4,0.8919265270233154
rqqrsbjhyl.mp4,0.17708750069141388
rqraatghrg.mp4,0.7377119660377502
rqrhixmkhz.mp4,0.8765520453453064
rqrkbgtfot.mp4,0.8602571487426758
rqrnngwqyu.mp4,0.7932060956954956
rqrqfuxyvr.mp4,0.9261305928230286
rqrtqjbwmu.mp4,0.9500311017036438
rqrxpvmjyj.mp4,0.8808287978172302
rqsfmrqnbx.mp4,0.13005973398685455
rqsoelyedy.mp4,0.3564111888408661
rqstvaluvg.mp4,0.7959656119346619
rqtxvhlizt.mp4,0.9476721882820129
rqufsxbocb.mp4,0.06051947548985481
rqviqcsbzw.mp4,0.8415684103965759
rqvthsszcw.mp4,0.06418707221746445
rqwilveqiv.mp4,0.5335630774497986
rqwjfdvndt.mp4,0.11482059955596924
rqxbxfssrz.mp4,0.05330868810415268
rqxfewkmvw.mp4,0.051567863672971725
rqxtwlfhey.mp4,0.09868993610143661
rqxvqkmoaw.mp4,0.13615895807743073
rqxzciscnu.mp4,0.09248059242963791
rqyiyuufkd.mp4,0.9606505632400513
rqzhbznhrx.mp4,0.5951353907585144
rqzqdbxzbt.mp4,0.9345903396606445
rracbzrsmc.mp4,0.9060929417610168
rrarnepsqt.mp4,0.8818051815032959
rrasaheeex.mp4,0.9001761078834534
rrasxcwooh.mp4,0.8806731700897217
rrbpoptnfc.mp4,0.36971697211265564
rrcmzjlrux.mp4,0.839971661567688
rrdldjamrn.mp4,0.028032617643475533
rrdqahbwvb.mp4,0.11405552923679352
rrduwkwpsi.mp4,0.5642290115356445
rrfgwswboq.mp4,0.8330852389335632
rrfkxcvqvn.mp4,0.8911006450653076
rrfxmoxtqn.mp4,0.9460462331771851
rrfyrpbttx.mp4,0.13152803480625153
rrgmkciwnk.mp4,0.13531218469142914
rrhhjyvayb.mp4,0.3007795810699463
rrhqfbkwtx.mp4,0.0884024128317833
rrhyhkqgzq.mp4,0.8994153738021851
rriczyaaut.mp4,0.9130151867866516
rrkkhkeddu.mp4,0.8368645906448364
rrkklrkwil.mp4,0.9452677369117737
rrlxcxpxsa.mp4,0.9121719598770142
rrmbizcdwv.mp4,0.17506954073905945
rrmcolhbnc.mp4,0.9071118235588074
rrmhobgxhe.mp4,0.6528002619743347
rrmprmgsha.mp4,0.7372149229049683
rrmrjwosxc.mp4,0.9496024250984192
rrnkukxlax.mp4,0.6857674717903137
rrnmhbkcvz.mp4,0.9498868584632874
rrnqlzzqft.mp4,0.8194813132286072
rrntjexhcs.mp4,0.8282682299613953
rrofistwhq.mp4,0.9636556506156921
rrpingynbu.mp4,0.14730678498744965
rrqlhknsmh.mp4,0.8216005563735962
rrrhlnrqhc.mp4,0.7655894160270691
rrrnzvksri.mp4,0.9362503886222839
rrswbwmkma.mp4,0.9689459204673767
rrsynqjeoj.mp4,0.06976862251758575
rrufovofvy.mp4,0.9030337929725647
rrvbcljjhe.mp4,0.9139041900634766
rrwajtxojs.mp4,0.8656415343284607
rrwcwerktl.mp4,0.9066015481948853
rrwwaccajb.mp4,0.8850832581520081
rrxlxmamzz.mp4,0.8889379501342773
rrxulbsppi.mp4,0.8024606704711914
rrxvooolxi.mp4,0.058937765657901764
rrygkjskib.mp4,0.4626530110836029
rryjfrillp.mp4,0.8312495350837708
rryjtivktt.mp4,0.9638715982437134
rrytrtjloc.mp4,0.3380201756954193
rryueaqkgh.mp4,0.9476561546325684
rrzabwture.mp4,0.9553235173225403
rsampqohud.mp4,0.2255459725856781
rsbblpurhw.mp4,0.20293541252613068
rsbhiwnkpl.mp4,0.9560865163803101
rsbipeqima.mp4,0.8829899430274963
rsbovwekev.mp4,0.6641649007797241
rscwiihmmr.mp4,0.8317716121673584
rscwogqlai.mp4,0.6326942443847656
rsdkithrxw.mp4,0.14038869738578796
rsdlmvrhoe.mp4,0.0716388002038002
rsdrjnkqkj.mp4,0.9526640772819519
rsedztueyj.mp4,0.9698543548583984
rseeidxoll.mp4,0.895988404750824
rsegdldhtt.mp4,0.8802862763404846
rsezdyovap.mp4,0.5440340638160706
rsfbgrqpmm.mp4,0.3902723491191864
rsfdnmxerg.mp4,0.6298017501831055
rsghvfqkhz.mp4,0.9375909566879272
rsgkuvzjvt.mp4,0.8620254397392273
rshncuwqhx.mp4,0.9519725441932678
rshrdzinvu.mp4,0.6218346357345581
rshyczrcil.mp4,0.8153037428855896
rshypywiyo.mp4,0.9462114572525024
rsiivaccnc.mp4,0.8931488990783691
rsipcvyltc.mp4,0.08611893653869629
rsjexexuzw.mp4,0.8927934765815735
rsjhmrvdwg.mp4,0.9168618321418762
rsjnzpgrfb.mp4,0.976950466632843
rsjosqxzoq.mp4,0.4358001947402954
rsjqvihqtz.mp4,0.5883683562278748
rsjvfwvfem.mp4,0.8741312026977539
rskepponez.mp4,0.5105867981910706
rskxtzudpj.mp4,0.840230405330658
rslxpafeir.mp4,0.07855971157550812
rslyfjpqup.mp4,0.24334716796875
rsmfvnwjyp.mp4,0.9578878283500671
rsmkhsryhb.mp4,0.8598393201828003
rsmpadmomf.mp4,0.8060290217399597
rsncpveuuz.mp4,0.9638627171516418
rsnkepuopz.mp4,0.9467793703079224
rsnnvworkx.mp4,0.8866208791732788
rsnrcisldc.mp4,0.8508402109146118
rsnuiqbadv.mp4,0.9622448086738586
rsnzkkrodr.mp4,0.9308327436447144
rsokobrkrz.mp4,0.6984843015670776
rsqblsfgli.mp4,0.9715154767036438
rsrkgoxrzz.mp4,0.9571173191070557
rssofmcpuf.mp4,0.4324837028980255
rsssrzjlfl.mp4,0.4875268340110779
rstsuhmzqz.mp4,0.9015884399414062
rsuddxiapl.mp4,0.048579078167676926
rsughpanho.mp4,0.9563557505607605
rsumvjrbor.mp4,0.8595837950706482
rsuwbozmxt.mp4,0.9451907873153687
rsvrohepud.mp4,0.49523910880088806
rswrkccemc.mp4,0.07067693769931793
rswrlshpev.mp4,0.3771713078022003
rswyrgdlaq.mp4,0.692348837852478
rsxipcdpge.mp4,0.9777726531028748
rsxmopdryo.mp4,0.7333253026008606
rsxrtmxvds.mp4,0.9411518573760986
rsyhrnrrsk.mp4,0.07746577262878418
rsyukoalsi.mp4,0.7111768126487732
rszcuxvjtl.mp4,0.8386730551719666
rszdvsayiv.mp4,0.131559818983078
rszfilfvcx.mp4,0.9584989547729492
rszphkzzjs.mp4,0.9387692809104919
rszqqwhnkj.mp4,0.45500749349594116
rtaejfywvc.mp4,0.2810102701187134
rtahwegkfs.mp4,0.37722739577293396
rtauthkfzj.mp4,0.8587080836296082
rtawydpugq.mp4,0.8879448175430298
rtbchvojlv.mp4,0.8830339908599854
rtcdspyolj.mp4,0.20180507004261017
rtcjifrjaw.mp4,0.6409075260162354
rtcvqhoypr.mp4,0.9300395846366882
rtdalobuhl.mp4,0.9514167904853821
rtdogbpems.mp4,0.03240954130887985
rtfxirhldr.mp4,0.9331002831459045
rthgbuzbds.mp4,0.9558687210083008
rthgrenscs.mp4,0.9093596339225769
rtiebmpcty.mp4,0.37068548798561096
rtixqjdqhb.mp4,0.5302426815032959
rtiyduycrn.mp4,0.11505860090255737
rtjmzqmhqa.mp4,0.8567008972167969
rtjtgxdrcn.mp4,0.8712852001190186
rtkuqukvhj.mp4,0.8520095944404602
rtlqnbtrek.mp4,0.8100074529647827
rtlrttqfoz.mp4,0.8313895463943481
rtlsvykino.mp4,0.9687729477882385
rtmuttxbsy.mp4,0.8108764886856079
rtojdasnsq.mp4,0.8125051856040955
rtopzfsanh.mp4,0.3845480680465698
rtphoescwz.mp4,0.18678918480873108
rtpuwtrxsr.mp4,0.6822026968002319
rtqjbgslxg.mp4,0.8368511199951172
rtqovkvmfo.mp4,0.5866214036941528
rtrgtcillv.mp4,0.5770314931869507
rtrjpoepxi.mp4,0.21521523594856262
rtrlqaicxk.mp4,0.908003568649292
rtsdmcdkls.mp4,0.9859001636505127
rtsxrpmbpz.mp4,0.9688319563865662
rttdpnnvpm.mp4,0.9194314479827881
rttusodfgg.mp4,0.8943384885787964
rttwudubuc.mp4,0.9732775092124939
rttxrofrbj.mp4,0.11857138574123383
rtuaxyuvqs.mp4,0.945686399936676
rtvfioxmfg.mp4,0.7142734527587891
rtxwwphaak.mp4,0.7397545576095581
rtygyaqpjb.mp4,0.9225878715515137
rtzqeldqsc.mp4,0.8225245475769043
ruaqtjrcic.mp4,0.9044698476791382
rubhzlddup.mp4,0.6544450521469116
rubozrgvgg.mp4,0.9135351181030273
rubvfzixsr.mp4,0.9334308505058289
rucfeubuev.mp4,0.04905012622475624
rucnlxjnyl.mp4,0.9889724850654602
rucpnkznux.mp4,0.9259452223777771
ruevtebxlf.mp4,0.8267992734909058
ruflbpqcjl.mp4,0.9305662512779236
ruflllykcg.mp4,0.43593189120292664
rugmzrtgha.mp4,0.9505509734153748
rugvatcrhf.mp4,0.8599090576171875
rugyotxxkn.mp4,0.15568019449710846
ruhjnjwokl.mp4,0.1543009877204895
ruifjqbxxk.mp4,0.9501168131828308
ruinmlnbze.mp4,0.9530189633369446
ruiufeetsd.mp4,0.6992225050926208
rujwyrhdka.mp4,0.7811124920845032
rukamuynfx.mp4,0.9360240697860718
rumjubqsdq.mp4,0.21489058434963226
rumvwwwvam.mp4,0.8718552589416504
rumxuyrjjt.mp4,0.08499708771705627
runchrnhwl.mp4,0.8828610181808472
rundvhxkgi.mp4,0.738899827003479
ruojxqsrzk.mp4,0.6994867324829102
ruoqxpevvf.mp4,0.6402231454849243
rupmycdwnn.mp4,0.5286912322044373
rupywiactt.mp4,0.9294853806495667
ruqedmfwoh.mp4,0.8487493395805359
rurhyzsnyi.mp4,0.4730581045150757
rursrvigxm.mp4,0.8783508539199829
rurtndrzcw.mp4,0.25796160101890564
rutpskylur.mp4,0.8654148578643799
ruufnypjin.mp4,0.9427990913391113
ruwdqyecgj.mp4,0.6909903287887573
ruwwxklbpw.mp4,0.7358271479606628
ruwznwdmpo.mp4,0.9304604530334473
ruxepxrfva.mp4,0.9385939836502075
ruxflvkmsu.mp4,0.9224059581756592
ruxttozsgd.mp4,0.9735621213912964
ruyhieoern.mp4,0.8204465508460999
ruyvziayhf.mp4,0.9315038919448853
ruzfgwqxvu.mp4,0.8861527442932129
rvavyaksyx.mp4,0.9752746820449829
rvcalvhoxm.mp4,0.07507903128862381
rvckmbubar.mp4,0.6553592085838318
rvcprdzvxx.mp4,0.9613044857978821
rvdrsfubrl.mp4,0.9047968983650208
rvdundlcho.mp4,0.9376283884048462
rvfhfbutlx.mp4,0.9058278799057007
rvfkompkqt.mp4,0.9164116382598877
rvgedehoeg.mp4,0.17016050219535828
rvggegluxf.mp4,0.9125402569770813
rvgshixbom.mp4,0.9508000612258911
rvgwbqrzdy.mp4,0.9352236986160278
rvgzqoyujl.mp4,0.8601208925247192
rvhgmyilms.mp4,0.07241196930408478
rvhowfwbwr.mp4,0.8088449835777283
rvhrxxkstm.mp4,0.8823745846748352
rvigswfecj.mp4,0.8422839045524597
rvizlqbazq.mp4,0.9467868804931641
rvkdxjfhdp.mp4,0.44266757369041443
rvlyhhwfyr.mp4,0.4811425507068634
rvmnhrokqk.mp4,0.9576106071472168
rvmxjyvavt.mp4,0.8260268568992615
rvngusoeob.mp4,0.9300011992454529
rvnqribuqq.mp4,0.9012842178344727
rvnudmjnqr.mp4,0.9032828211784363
rvqbvfnygr.mp4,0.938313901424408
rvqcqpmaqo.mp4,0.971135675907135
rvqjfxadgn.mp4,0.9709392189979553
rvquxhomxo.mp4,0.8409229516983032
rvrcvcfbog.mp4,0.9364212155342102
rvrhnuhemp.mp4,0.46547386050224304
rvtfddfweu.mp4,0.8620121479034424
rvtrekytyv.mp4,0.06294672936201096
rvuippyzzr.mp4,0.626189649105072
rvumwfklvj.mp4,0.9306273460388184
rvurjokwcw.mp4,0.7694159746170044
rvvcvbzafq.mp4,0.6359847187995911
rvvoayidmf.mp4,0.7550257444381714
rvwcegmugs.mp4,0.06634953618049622
rvwnarheob.mp4,0.7277384996414185
rvwrxtpmrq.mp4,0.9098293781280518
rvxfymgqyw.mp4,0.8599950671195984
rvyhgnrigd.mp4,0.8653411269187927
rvyjdcsatd.mp4,0.6713053584098816
rvynjuegxp.mp4,0.9394406676292419
rvzbysgzir.mp4,0.2509893476963043
rvzmzjdaio.mp4,0.8930211067199707
rwauburhbs.mp4,0.9225558042526245
rwawjevwss.mp4,0.8806242346763611
rwbcaaicxe.mp4,0.927506148815155
rwbvuwcbql.mp4,0.8295496702194214
rwcwopfvax.mp4,0.12558230757713318
rwduxfvfzy.mp4,0.870517373085022
rwdvsphipn.mp4,0.9873953461647034
rwdykjxacb.mp4,0.9218215942382812
rweaihhmdc.mp4,0.4008769392967224
rwehwmmutn.mp4,0.10141099244356155
rwfhnpjegw.mp4,0.9832969903945923
rwfxlwvfth.mp4,0.6812586188316345
rwgiztqciz.mp4,0.8002578616142273
rwgmanlebe.mp4,0.9300928711891174
rwgshbgfot.mp4,0.7109289169311523
rwhghbdnim.mp4,0.8117530345916748
rwhocevtfb.mp4,0.8223811984062195
rwicktrjqr.mp4,0.9179922938346863
rwjdijuspp.mp4,0.7865744233131409
rwjipjzwpn.mp4,0.4307393729686737
rwjmxvjikr.mp4,0.9295223951339722
rwjouirhtm.mp4,0.9168598651885986
rwjrwbzgwh.mp4,0.9702027440071106
rwjtahpfnx.mp4,0.2239011526107788
rwkghritnd.mp4,0.932971715927124
rwmdyqnxmn.mp4,0.962607204914093
rwnjaxsyec.mp4,0.870699405670166
rwnlqryxef.mp4,0.34343674778938293
rwnzmcameu.mp4,0.9499123692512512
rwoelhvtma.mp4,0.18447689712047577
rwoywxdxra.mp4,0.47039759159088135
rwqxhirsgm.mp4,0.582798957824707
rwrlpkrruo.mp4,0.5232683420181274
rwsdcygvef.mp4,0.8653680086135864
rwsewagwav.mp4,0.951633632183075
rwshvgcntx.mp4,0.11519131809473038
rwsplfkqwy.mp4,0.8897904753684998
rwssyzwvsa.mp4,0.05844449996948242
rwsvyxrubl.mp4,0.5366671085357666
rwszlscbgg.mp4,0.8977439403533936
rwthfzmntz.mp4,0.881149172782898
rwvzsgpgej.mp4,0.8708503842353821
rwwqyhovus.mp4,0.722061276435852
rwwwroflwb.mp4,0.6590147018432617
rwxisoajqo.mp4,0.7614597082138062
rwxlfjwhkg.mp4,0.8868500590324402
rwyuvqrsaq.mp4,0.8865500688552856
rwzcczbbmm.mp4,0.07964545488357544
rwzeswqdlr.mp4,0.8420949578285217
rwzqvwznhp.mp4,0.9042263627052307
rwztrsvtoh.mp4,0.8542475700378418
rxagyszsky.mp4,0.7280358672142029
rxbkkayajy.mp4,0.9497642517089844
rxckizrvaq.mp4,0.9135324954986572
rxckyxjana.mp4,0.9216437339782715
rxcqczfxth.mp4,0.06773608177900314
rxcxlwnfji.mp4,0.9306581020355225
rxdajrvleg.mp4,0.09752213209867477
rxdinxhihx.mp4,0.18874472379684448
rxeqlheqtj.mp4,0.9039663076400757
rxevhpcqjy.mp4,0.8746112585067749
rxfawebswj.mp4,0.9506455063819885
rxfbkqeydi.mp4,0.8690143823623657
rxfhpaeebw.mp4,0.963595986366272
rxfqtredtd.mp4,0.9616826772689819
rxfsftinsq.mp4,0.29921218752861023
rxgfhyzsbf.mp4,0.46127212047576904
rxgobmmgtf.mp4,0.8908887505531311
rxgubfqezh.mp4,0.9085724949836731
rxgvzycvzr.mp4,0.8587204813957214
rxgxzjcydj.mp4,0.5107439160346985
rxhmlawrit.mp4,0.8791548609733582
rxhzammrmh.mp4,0.5210334062576294
rxissgjwrr.mp4,0.27340734004974365
rxjpuhenph.mp4,0.927638828754425
rxkgzbdzsj.mp4,0.7158761024475098
rxkreikivx.mp4,0.909304141998291
rxllfvrkzj.mp4,0.763481080532074
rxnxqycacw.mp4,0.2681334912776947
rxogziruza.mp4,0.933789849281311
rxowpchqve.mp4,0.06415489315986633
rxpqdpvtia.mp4,0.8789886832237244
rxptmrjmtx.mp4,0.8579391837120056
rxqetwxrjs.mp4,0.8911287188529968
rxqlkrwqkc.mp4,0.9624627232551575
rxqvqczepk.mp4,0.4557221531867981
rxreozlvxh.mp4,0.7505850791931152
rxrostunit.mp4,0.9651486277580261
rxrumdpwzr.mp4,0.4790332317352295
rxrxxjdmsh.mp4,0.978256344795227
rxsirnxkwu.mp4,0.5522168278694153
rxtbobmeuq.mp4,0.9542956948280334
rxthiqvlgq.mp4,0.9829511642456055
rxtqqoncwj.mp4,0.08488360792398453
rxtrjrious.mp4,0.47940897941589355
rxucdvnmev.mp4,0.9504332542419434
rxufykpyzl.mp4,0.9165295958518982
rxuxzutkjo.mp4,0.8768092393875122
rxvciyzheh.mp4,0.9162513017654419
rxvjjdrevo.mp4,0.9500817060470581
rxvumshkuh.mp4,0.9722204804420471
rxwchpfvbh.mp4,0.973648726940155
rxweyfpeql.mp4,0.9380326271057129
rxwjimqzti.mp4,0.9648581743240356
rxxepfnjzz.mp4,0.9380702972412109
rxxibjqnuj.mp4,0.9162160754203796
rxxifkujnz.mp4,0.9470847845077515
rxxqsjrmno.mp4,0.9627354145050049
rxxwgydcqi.mp4,0.8327264785766602
rxzwqoiiov.mp4,0.9344800114631653
ryadzmmgnf.mp4,0.0695851519703865
ryajloavlf.mp4,0.9417116045951843
ryakgkynpb.mp4,0.829390287399292
ryavbgakmu.mp4,0.9551811814308167
rybyylwzse.mp4,0.9663441181182861
rycgfbvrgc.mp4,0.8665613532066345
ryckahmoey.mp4,0.948937177658081
ryeufmndck.mp4,0.9503366947174072
ryfgnvircw.mp4,0.9707631468772888
rygosdntcc.mp4,0.8882606625556946
rygsyqcjfn.mp4,0.9423545598983765
rygzhgtjfw.mp4,0.9150107502937317
ryhosupltm.mp4,0.8572890162467957
ryhyoslnxj.mp4,0.8841816782951355
ryiphumaay.mp4,0.921872079372406
ryiznrdyct.mp4,0.9495266675949097
ryjtkxdewd.mp4,0.8708789944648743
ryksvwanwl.mp4,0.11307343095541
rykvjfugkj.mp4,0.9101721048355103
rylokfavrg.mp4,0.8560030460357666
ryluptqobt.mp4,0.9629190564155579
rylxfswnpl.mp4,0.9255695939064026
rylzoymlfq.mp4,0.5400115847587585
rymuxggieg.mp4,0.06808566302061081
rynwaixuma.mp4,0.9876426458358765
ryoaeodcux.mp4,0.125600203871727
ryoecaorar.mp4,0.14574536681175232
ryopkcnpqt.mp4,0.7740563154220581
rypilvzsqx.mp4,0.9342072010040283
ryprcddvkg.mp4,0.6052345037460327
rypxbfmato.mp4,0.9633244872093201
ryqunmwalv.mp4,0.9701507091522217
ryrcpewnxg.mp4,0.9302769899368286
ryrnimyzjk.mp4,0.0582670196890831
rysahavxjg.mp4,0.7625439763069153
ryseujrzkv.mp4,0.9681092500686646
ryspsmtomm.mp4,0.8541738986968994
rysqnfbrca.mp4,0.8164909482002258
rysrtoxeip.mp4,0.9246047139167786
rytynpbqih.mp4,0.927437424659729
ryuocfdklj.mp4,0.5423620939254761
ryvbahxrge.mp4,0.9164674878120422
ryvdjxyvgk.mp4,0.6684728264808655
ryvpvojahp.mp4,0.8903717398643494
ryvqkriqum.mp4,0.8936126232147217
ryvspmfzyy.mp4,0.1300986111164093
rywcoyoxtd.mp4,0.9584134817123413
rywibbrenm.mp4,0.9029421210289001
rywngijgtq.mp4,0.8881735801696777
rywpezvuit.mp4,0.09907551854848862
rywrrnzkak.mp4,0.17028917372226715
ryxdvmzafq.mp4,0.8658010959625244
ryxitjlsve.mp4,0.8369471430778503
ryyjrelfkf.mp4,0.29012492299079895
ryzgkivwcj.mp4,0.7358266711235046
rzafutlchx.mp4,0.9104918241500854
rzbbqkrukm.mp4,0.3904329240322113
rzbfrexxfc.mp4,0.94045090675354
rzbgmwtzcx.mp4,0.3110177218914032
rzbrnamzoz.mp4,0.8609949350357056
rzcxwraelu.mp4,0.7610538005828857
rzdkrtzrlz.mp4,0.9060152769088745
rzehecpcqi.mp4,0.08507264405488968
rzezevluka.mp4,0.9241135120391846
rzfdmenmce.mp4,0.7332737445831299
rzfikhhpnc.mp4,0.579823911190033
rzhmdwtttc.mp4,0.9245029091835022
rzihxsmujj.mp4,0.9540505409240723
rzinffqnql.mp4,0.926215410232544
rzinjngqbe.mp4,0.9441131949424744
rzivzpozjr.mp4,0.9474794864654541
rziziscker.mp4,0.9121550917625427
rzjknrnbzh.mp4,0.9750146269798279
rzjokyjnnp.mp4,0.4372471272945404
rzjpckpslj.mp4,0.9287838339805603
rzjsdmslwm.mp4,0.8592955470085144
rzjsfhwyfa.mp4,0.14910736680030823
rzkqrncfyo.mp4,0.8142210841178894
rzlvyzdosp.mp4,0.8824347853660583
rznecommqh.mp4,0.41161227226257324
rznhkfwgib.mp4,0.3905749022960663
rznpqrkcqp.mp4,0.8566303849220276
rznqhqvgue.mp4,0.8768393397331238
rzorgjmkjm.mp4,0.5116075873374939
rzotiimdmc.mp4,0.8760955929756165
rzozakfdjc.mp4,0.9360361099243164
rzpazvyglt.mp4,0.6107413172721863
rzqifnkbmq.mp4,0.9107823371887207
rzqsregbtx.mp4,0.9236031174659729
rzqzpdcust.mp4,0.14619560539722443
rzrtgeudul.mp4,0.938569962978363
rzrydrpdry.mp4,0.9557861089706421
rzrynkejvi.mp4,0.9000891447067261
rzscqwsity.mp4,0.07153613120317459
rztadokvei.mp4,0.7245465517044067
rztckddvwt.mp4,0.6706880927085876
rztfvluvkm.mp4,0.3311959207057953
rztnkepotf.mp4,0.9183838963508606
rztzkkkxqx.mp4,0.9489922523498535
rzumcvcfqa.mp4,0.8671493530273438
rzuojhknyx.mp4,0.6691476106643677
rzuqhttvjm.mp4,0.9019997715950012
rzurwtzrkj.mp4,0.06345552951097488
rzuwmaqfre.mp4,0.4962337017059326
rzvqhfyoyk.mp4,0.8967403173446655
rzwvhesfws.mp4,0.9591171145439148
rzxeyoowdr.mp4,0.30736881494522095
rzxffukyfc.mp4,0.17914387583732605
rzxrlycdbt.mp4,0.6824519634246826
rzxslqqecc.mp4,0.10016515851020813
rzyiutcvei.mp4,0.781745195388794
rzyjmjmzdx.mp4,0.7859750986099243
rzykslnkdi.mp4,0.8397613167762756
rzymphrydg.mp4,0.0954909697175026
rzyscflezv.mp4,0.8721691370010376
saalbotqyo.mp4,0.06598300486803055
saaqklozeb.mp4,0.9510643482208252
saasmevrsw.mp4,0.9354123473167419
saayqqksze.mp4,0.7683020234107971
sabdeisrai.mp4,0.12948913872241974
sabpsmmbwu.mp4,0.8852328658103943
sabrbnceya.mp4,0.9107135534286499
sacjkenugu.mp4,0.06344336271286011
sackkrvhiv.mp4,0.920009970664978
sacrjzfefm.mp4,0.9253111481666565
sadaunifio.mp4,0.9576423764228821
saegbidusa.mp4,0.8920230269432068
saessjulfv.mp4,0.8953938484191895
saewdvwtes.mp4,0.9468607306480408
safkdrudrs.mp4,0.9416729211807251
sahcncjojl.mp4,0.16516870260238647
sahxnezubx.mp4,0.8482807874679565
saiaojszgp.mp4,0.8370484113693237
sailncwlmk.mp4,0.04729089140892029
saiowjrpgj.mp4,0.931931734085083
sajogyommh.mp4,0.8449707627296448
sajuhhqcmi.mp4,0.9157827496528625
sakuogenej.mp4,0.9669429063796997
salaseekxa.mp4,0.8776642680168152
salattzmhs.mp4,0.9355015158653259
saljlsmnet.mp4,0.8543273210525513
salsuwvckq.mp4,0.837002694606781
samdmhcrbz.mp4,0.3517121970653534
samuiteaoh.mp4,0.8885632753372192
sandyafynz.mp4,0.652172863483429
sanhibjnvd.mp4,0.8515428900718689
saniimivsj.mp4,0.9493057727813721
sanofqxbfp.mp4,0.8868436217308044
saohrmpovc.mp4,0.9255795478820801
saohubluvq.mp4,0.8984872102737427
saojbsgqgt.mp4,0.9091658592224121
saoxxmbvub.mp4,0.916029691696167
sapamdjbxc.mp4,0.5631343722343445
saprxfvznw.mp4,0.08795585483312607
sapzqwfbxx.mp4,0.9882634878158569
saqgpunfes.mp4,0.9248905777931213
sarahjxgse.mp4,0.8734952211380005
sarifxktiv.mp4,0.975525975227356
sasomduuei.mp4,0.6660805344581604
sasprkssrp.mp4,0.8564838171005249
sasszrrrgo.mp4,0.7818106412887573
satlkzqitm.mp4,0.6921308636665344
satnjuxrxi.mp4,0.8468190431594849
satnmpebqw.mp4,0.9177488684654236
satsslimef.mp4,0.8843465447425842
satupehxyl.mp4,0.20590396225452423
satxxxlhjl.mp4,0.09367586672306061
saudnnetmi.mp4,0.910193681716919
saurxeoocv.mp4,0.9262369871139526
sausaxtjuv.mp4,0.5363937616348267
sauxlnrmww.mp4,0.9722998142242432
savjqmbswq.mp4,0.7744495868682861
savqrjnncg.mp4,0.061326052993535995
saxbjxsbjf.mp4,0.7011864185333252
saxceiqewl.mp4,0.8509463667869568
saxjjbllvh.mp4,0.9260849356651306
sayltcvsng.mp4,0.0688987523317337
sazcnznkjo.mp4,0.1136397048830986
sazhdeeuxe.mp4,0.9020166993141174
sazygturfl.mp4,0.9467775821685791
sbaghvgpif.mp4,0.9770715236663818
sbanqvulyl.mp4,0.04849911108613014
sbaoikjlnk.mp4,0.3506045937538147
sbcvngabuy.mp4,0.7649581432342529
sbddnndmzk.mp4,0.4959104061126709
sbdhygnktf.mp4,0.751227617263794
sbdoerarrt.mp4,0.10924636572599411
sbeawqslfn.mp4,0.8884565830230713
sbeprggkde.mp4,0.8594169616699219
sbfleznbmc.mp4,0.836542546749115
sbfuddornz.mp4,0.9518970847129822
sbfxzmhzyv.mp4,0.9504407048225403
sbggfpjyfq.mp4,0.9877919554710388
sbghromnxb.mp4,0.07853937149047852
sbgqqmotju.mp4,0.8512936234474182
sbgvomirpr.mp4,0.17032988369464874
sbhmhdhrjo.mp4,0.9877899289131165
sbhsrncybd.mp4,0.7999784350395203
sbidmyijtf.mp4,0.06330756843090057
sbilujylwe.mp4,0.8910187482833862
sbiyangkdy.mp4,0.8041042685508728
sbjauhupne.mp4,0.9753406643867493
sbjwklplsg.mp4,0.868174135684967
sbjyrlbqpm.mp4,0.8730126619338989
sbkesocrlc.mp4,0.8553804755210876
sbketndksn.mp4,0.9117616415023804
sbkupuqxdg.mp4,0.8479607701301575
sbmacpggcj.mp4,0.047884177416563034
sbmndrkqmu.mp4,0.6102999448776245
sbmtiybsrh.mp4,0.5502603054046631
sbofkqoepl.mp4,0.9137449860572815
sbqdnvpevr.mp4,0.11905232816934586
sbqhhclhwi.mp4,0.9747012853622437
sbqmenaejo.mp4,0.7962887287139893
sbqrymkxri.mp4,0.7730575203895569
sbqtdkjmel.mp4,0.9085602760314941
sbrjiwfrtg.mp4,0.5903209447860718
sbslgwiiel.mp4,0.8222109079360962
sbspezimpw.mp4,0.5670706033706665
sbsqzwjwog.mp4,0.8596113324165344
sbsxwovolk.mp4,0.8549194931983948
sburmokfqc.mp4,0.9229777455329895
sbvncmmubs.mp4,0.26310503482818604
sbvvtqulcx.mp4,0.9853246212005615
sbwemwjlsl.mp4,0.8145155906677246
sbwxzcauup.mp4,0.8566535115242004
sbwyljsyld.mp4,0.8627758026123047
sbxlfehzjc.mp4,0.31506216526031494
sbxvmficyn.mp4,0.8486424088478088
sbxwirrias.mp4,0.7265967726707458
sbxxgwrmwa.mp4,0.5284313559532166
sbyhgdnkca.mp4,0.7306926846504211
sbykdtsvxs.mp4,0.8551663160324097
sbyppemigv.mp4,0.9284476637840271
sbypubftlo.mp4,0.4884912073612213
scaljzcpcf.mp4,0.5366618633270264
scavsycbux.mp4,0.790248453617096
scbfkrlytb.mp4,0.6582111120223999
scbifafxla.mp4,0.5
scbjqctmod.mp4,0.6435402631759644
scbuwbnphb.mp4,0.9534658789634705
scchmtbzar.mp4,0.9715844392776489
scclhewfew.mp4,0.052068691700696945
sccqbzyikm.mp4,0.1455514132976532
scdqcszlpq.mp4,0.9487098455429077
scfgnpggvf.mp4,0.9549662470817566
scgmayfgcw.mp4,0.870474100112915
schixuaiok.mp4,0.9634003043174744
schrrunsfk.mp4,0.9577944874763489
scikublujg.mp4,0.606558620929718
scjdkezndi.mp4,0.049242034554481506
scliivqeha.mp4,0.962522566318512
scltvggodu.mp4,0.6396681070327759
sclztagggd.mp4,0.9831659197807312
scmduxmopf.mp4,0.9606481194496155
scnasqkaro.mp4,0.8687981963157654
scngvceiih.mp4,0.9781837463378906
scnmfwidia.mp4,0.9362913966178894
scnylgfkhq.mp4,0.9137459993362427
scobbkpgap.mp4,0.9412407875061035
scojsbrjro.mp4,0.98261559009552
scorolwfhy.mp4,0.5212911367416382
scoyfdnukj.mp4,0.09594693779945374
scpeawtvvz.mp4,0.927219033241272
scrgeupzge.mp4,0.9696929454803467
scrogtfgmn.mp4,0.2207479476928711
scrtkrsojr.mp4,0.8166749477386475
scrwqafuqc.mp4,0.8850735425949097
scrzydajma.mp4,0.9652308225631714
scsbdwawox.mp4,0.9258736371994019
scswhprxwj.mp4,0.14777953922748566
sctphvyvoo.mp4,0.9678440093994141
scuduuoezr.mp4,0.6826029419898987
scuffekebm.mp4,0.8967339396476746
scunminwyb.mp4,0.88148033618927
scunsguqjt.mp4,0.0472303070127964
scutzugpvt.mp4,0.8799350261688232
scvivjzlku.mp4,0.8822864294052124
scvkxznabj.mp4,0.21673306822776794
scvzgusnav.mp4,0.7732650637626648
scxbdbgtkn.mp4,0.19306181371212006
scxeuutngj.mp4,0.6476154327392578
scxhscuvgm.mp4,0.5704640746116638
scxhtxvhsf.mp4,0.9299585819244385
scxqsgpdpw.mp4,0.9457404017448425
scxrriwshy.mp4,0.8100280165672302
scxrwnofhb.mp4,0.12633049488067627
scxukzmuhz.mp4,0.8712832927703857
scymdunydn.mp4,0.16415250301361084
sczbdmybho.mp4,0.8559646010398865
sczhajogqp.mp4,0.9216187596321106
sczotewblh.mp4,0.8790967464447021
sczulsyijo.mp4,0.9215413928031921
sdaczwqohn.mp4,0.8199260234832764
sdaffzzwsb.mp4,0.04856196418404579
sdaqskuweg.mp4,0.6261959671974182
sdbydgsbkf.mp4,0.9845366477966309
sdcgznpwmf.mp4,0.8340075612068176
sdcpqvvfbd.mp4,0.9170598387718201
sdcpxweghq.mp4,0.921959638595581
sddszusumt.mp4,0.9251158237457275
sddzovdsoz.mp4,0.9173445105552673
sdecymtbsh.mp4,0.7998005747795105
sdekftetnp.mp4,0.9149108529090881
sdetnpbgki.mp4,0.9422515630722046
sdewpktsnx.mp4,0.9121913909912109
sdfnakqxov.mp4,0.4571317434310913
sdgeniwnvt.mp4,0.329743355512619
sdgvcuqqee.mp4,0.9684575200080872
sdjeetvczw.mp4,0.533720850944519
sdkzpyuxkr.mp4,0.9487695693969727
sdlvashkzs.mp4,0.46915993094444275
sdmoeirnuh.mp4,0.9568859338760376
sdomnorhme.mp4,0.8307746648788452
sdqjjttckw.mp4,0.9090660214424133
sdrexrgxdv.mp4,0.8381862640380859
sdsbdpexrm.mp4,0.9425778388977051
sdtfloekhb.mp4,0.8918266296386719
sdtpixcmxs.mp4,0.8902541995048523
sdtwbfeofc.mp4,0.9764242172241211
sdtzxdzqww.mp4,0.9027923941612244
sdueikdqxj.mp4,0.9317556619644165
sdukdaykjb.mp4,0.9011217951774597
sdustdkmol.mp4,0.7628759145736694
sdutqxtcxo.mp4,0.31378373503685
sduuqnyuuf.mp4,0.9034062027931213
sdvjwcofdx.mp4,0.981890082359314
sdwbjxblnx.mp4,0.4458293616771698
sdxtqsgcpy.mp4,0.7808616757392883
sdxvdeooxz.mp4,0.9540050625801086
sdyykysbml.mp4,0.9038680791854858
sdzclucfkz.mp4,0.43517082929611206
seabqfiqdj.mp4,0.9089916944503784
sealrxdhla.mp4,0.8617613315582275
sebrejwpaa.mp4,0.11240251362323761
secgswbvsr.mp4,0.7331347465515137
secnvhbdjy.mp4,0.9558748602867126
secteygxse.mp4,0.9059320688247681
secxpiqmlg.mp4,0.8645549416542053
seddkcboce.mp4,0.9810870289802551
seebdoxxxz.mp4,0.31195929646492004
seellwbtdq.mp4,0.9441139101982117
seewwvvzrb.mp4,0.8831647634506226
sefciimtoz.mp4,0.2518846094608307
sefyffsroe.mp4,0.7627042531967163
sehmmawdak.mp4,0.8260560035705566
sehmystfib.mp4,0.876701831817627
sehwhlyqho.mp4,0.9491587281227112
seigpgelwg.mp4,0.9543371200561523
seigtuqzvp.mp4,0.9571340680122375
seinulznhl.mp4,0.8255733847618103
seitzajfsn.mp4,0.8383259177207947
sejuhgvhwo.mp4,0.9834607839584351
sejwhhsaok.mp4,0.8998516201972961
sekdasumtw.mp4,0.9192701578140259
sekstsavtc.mp4,0.66352778673172
semevzkeik.mp4,0.3033522367477417
senctxjvxj.mp4,0.9714826345443726
senxhotyhi.mp4,0.8375056385993958
seohpnkydn.mp4,0.9087977409362793
seomqwrwdi.mp4,0.865943431854248
seoomartef.mp4,0.3908330202102661
seopteeeld.mp4,0.8941452503204346
sepaeanxmk.mp4,0.9577421545982361
sepjgukdti.mp4,0.9488677382469177
sepycohyva.mp4,0.7669907212257385
serijhyfxj.mp4,0.8796426653862
serparxqiw.mp4,0.26365089416503906
sesguawjew.mp4,0.9769736528396606
sesymwhmvn.mp4,0.8985203504562378
setekuwzzn.mp4,0.6726897954940796
setukxcsib.mp4,0.9585518836975098
seuljxvyof.mp4,0.03985396772623062
sevxzulmrk.mp4,0.8546699285507202
seyswbkbup.mp4,0.2545950710773468
sezanwxmkk.mp4,0.8771744966506958
sezddfsbzd.mp4,0.108297199010849
sfaqoacxjg.mp4,0.0745125487446785
sfbpyskkjp.mp4,0.9872347116470337
sfciaiaglt.mp4,0.9553829431533813
sfckrqryip.mp4,0.9419823884963989
sfcumlxfgi.mp4,0.803308367729187
sfdadywxgp.mp4,0.9075160026550293
sfdexwqthl.mp4,0.5783135294914246
sfdhaujswn.mp4,0.9013530611991882
sfewxjuaag.mp4,0.5305894017219543
sfexlnvhfy.mp4,0.8924393653869629
sffcwlhlku.mp4,0.9535118341445923
sfgddstquc.mp4,0.6768571734428406
sfgdliqurl.mp4,0.8255410194396973
sfhduwqkdn.mp4,0.37247219681739807
sfhdynunvw.mp4,0.9476394057273865
sfidefwfhf.mp4,0.9293268918991089
sfiurvnpef.mp4,0.7881907224655151
sfjcqsxoxj.mp4,0.11987386643886566
sfjggmyfuj.mp4,0.9311888813972473
sfjsmbrsnu.mp4,0.907784640789032
sfjualzaic.mp4,0.9306589961051941
sfjvqkywvz.mp4,0.050929535180330276
sfkbbqscfd.mp4,0.937581479549408
sfkihngpxa.mp4,0.8590462803840637
sfknqxketc.mp4,0.9382243156433105
sfkvpiggix.mp4,0.5665076971054077
sfmhpvahzi.mp4,0.7515608668327332
sfmunruqjy.mp4,0.8083145618438721
sfnynmywbl.mp4,0.6707674264907837
sfouebyxvi.mp4,0.0433226078748703
sfovkwrrpf.mp4,0.9640005826950073
sfpqgobgof.mp4,0.22055327892303467
sfqbkemsoz.mp4,0.9325717091560364
sfqsvtbsju.mp4,0.8378134369850159
sfrazvuxlj.mp4,0.827728271484375
sfrcmdrqqv.mp4,0.5752782225608826
sfrtbenmel.mp4,0.8463846445083618
sfrwijmcky.mp4,0.7929649949073792
sfsjgkxvie.mp4,0.98711097240448
sfslnpbvtq.mp4,0.12400827556848526
sfsqzkmnck.mp4,0.7707997560501099
sfsvhjqglo.mp4,0.9481412172317505
sfsyqyeqcc.mp4,0.35845354199409485
sftvafvaxj.mp4,0.8983640074729919
sfuplgvhds.mp4,0.801095724105835
sfvfxbliox.mp4,0.9432694911956787
sfvqcsnima.mp4,0.8499608039855957
sfwvejpaid.mp4,0.863857626914978
sfxkdqzctb.mp4,0.9468572735786438
sfxmqyoahx.mp4,0.9111700057983398
sfyfgmxewo.mp4,0.8845507502555847
sfyvqqovnm.mp4,0.9539691209793091
sfyxlizyly.mp4,0.9464833736419678
sfzbjyskjx.mp4,0.18736867606639862
sgaauagrzn.mp4,0.8418648838996887
sgalwxyrzo.mp4,0.9543386101722717
sgaxkrhijj.mp4,0.7943648099899292
sgbrszbdgo.mp4,0.9257863163948059
sgbwtnzwjk.mp4,0.05544489994645119
sgclbvlypn.mp4,0.910495936870575
sgcmgytgzn.mp4,0.6396600604057312
sgdnbofecu.mp4,0.16378426551818848
sgfdydkoon.mp4,0.9247599244117737
sgfqaytite.mp4,0.9527557492256165
sgfvqkpycp.mp4,0.7628834247589111
sggkwmtcul.mp4,0.44389286637306213
sggryhrkum.mp4,0.2959619462490082
sghdekqnnn.mp4,0.05525235831737518
sghpqfzzyu.mp4,0.5853159427642822
sgidnbtrer.mp4,0.07040205597877502
sgjiauphuh.mp4,0.07578323781490326
sgkebqsuzw.mp4,0.8574327230453491
sglawmtccl.mp4,0.6742942929267883
sglirjvwru.mp4,0.8522663712501526
sglupkczzl.mp4,0.6818013787269592
sgolydgoxx.mp4,0.9024175405502319
sgperyitce.mp4,0.8563252091407776
sgqbgmhzeb.mp4,0.21338601410388947
sgqzvfjtpi.mp4,0.9470760226249695
sgrivzmklt.mp4,0.7735288739204407
sgskgtzowt.mp4,0.9444623589515686
sgsrjchbsh.mp4,0.20746096968650818
sguuydmoav.mp4,0.7697554230690002
sgvgaqcrec.mp4,0.9109519720077515
sgvntscgnc.mp4,0.9673013091087341
sgvsiwydte.mp4,0.7084330916404724
sgwdvuwzvg.mp4,0.36232468485832214
sgxovbbdcb.mp4,0.07613670825958252
sgxqirbgzp.mp4,0.7374621033668518
sgyytfkici.mp4,0.9843445420265198
sgzbxqhles.mp4,0.9845517873764038
sgzthgjrlg.mp4,0.9397425651550293
shajwddgbg.mp4,0.9376587867736816
shbafrmaza.mp4,0.9262328743934631
shbwdodhrg.mp4,0.813164234161377
shcluhsags.mp4,0.9759842157363892
shcwflhqfu.mp4,0.7644472718238831
shdqrmymgu.mp4,0.8671462535858154
shdyuvnxzh.mp4,0.49362435936927795
shedktnxfa.mp4,0.05556798726320267
shenidieml.mp4,0.9621717929840088
shfefddltk.mp4,0.897090494632721
shfsmwxhdm.mp4,0.9700723886489868
shftbthgex.mp4,0.9530841708183289
shgcqnbriu.mp4,0.9070161581039429
shglbyvkny.mp4,0.8054016828536987
shgtlzdzeg.mp4,0.8030065894126892
shgxfwcczl.mp4,0.03941679373383522
shgxlbcywd.mp4,0.7850229740142822
shhijaluey.mp4,0.8414846658706665
shhjiavlvw.mp4,0.11928201466798782
shhoravmgn.mp4,0.5690606832504272
shibxrzlsj.mp4,0.871364414691925
shikzxipov.mp4,0.8015768527984619
shiuhedocv.mp4,0.8344345092773438
shjargirkt.mp4,0.9119822978973389
shjfguaqpo.mp4,0.25509509444236755
shjulwhnlm.mp4,0.3205873668193817
shjvyvtdfx.mp4,0.9553030729293823
shkufpxwqc.mp4,0.6608739495277405
shlxphgmtw.mp4,0.966060996055603
shmmaeinqr.mp4,0.9850515127182007
shmrmyayzg.mp4,0.05914296209812164
shnsjssqqd.mp4,0.8234784007072449
shopbbapgj.mp4,0.9549562931060791
shphhzkequ.mp4,0.9432575106620789
shqazqmydw.mp4,0.9548551440238953
shqgzupjfp.mp4,0.529661238193512
shqiieiyiy.mp4,0.9799870848655701
shquhxqrtj.mp4,0.8809794187545776
shqyaiksak.mp4,0.8276921510696411
shrexvazoa.mp4,0.9302361011505127
shrpamtirw.mp4,0.04956206679344177
shrucywawd.mp4,0.6425594687461853
shsczgecay.mp4,0.6703891158103943
shsgrgvzuz.mp4,0.23547707498073578
shslgpeisw.mp4,0.08201847225427628
shsnskdgpz.mp4,0.7589468955993652
shtnxygjpt.mp4,0.9139613509178162
shulbptmvc.mp4,0.9477742314338684
shuqrvhhaq.mp4,0.8781306147575378
shvfupmrho.mp4,0.052095189690589905
shwkznunyp.mp4,0.9543694257736206
shwrvaktbs.mp4,0.9271035194396973
shwulrbsfx.mp4,0.3215102553367615
shxhsscqnj.mp4,0.8734251856803894
shygmutvzv.mp4,0.0834721252322197
shyjwprsso.mp4,0.29037025570869446
shzhktkbvn.mp4,0.8985114097595215
shzqiovptk.mp4,0.5745974779129028
siadyrvnsi.mp4,0.7898891568183899
sialmitpdk.mp4,0.8703392744064331
sibjrdfshj.mp4,0.8998924493789673
sibkoyqbfo.mp4,0.9324541687965393
sibvnegdqq.mp4,0.9032013416290283
sicixwrnjs.mp4,0.6330828070640564
siczgqjhjv.mp4,0.9293321967124939
sidlthhuxy.mp4,0.7685834169387817
siedibyuqy.mp4,0.9417124390602112
siexafxqln.mp4,0.9183743000030518
sifkmgsqun.mp4,0.0812619999051094
sifohlniaz.mp4,0.8296918272972107
sifsucjmgc.mp4,0.31999024748802185
siggrdjgwd.mp4,0.14288541674613953
sigkkykscq.mp4,0.4006444811820984
sigtxuuutc.mp4,0.6847703456878662
sihwiashxa.mp4,0.5059861540794373
siilnbyjnc.mp4,0.870322048664093
sijcxhjtcp.mp4,0.7830531001091003
sijizvyfxi.mp4,0.07091692835092545
sijlkbmjws.mp4,0.9418598413467407
sijokvhcjl.mp4,0.43829116225242615
silyramuhb.mp4,0.9152618646621704
silyuhawvq.mp4,0.11224637925624847
simamsujuu.mp4,0.799288809299469
simmveubsc.mp4,0.8569812774658203
simmvvxpyp.mp4,0.694306492805481
simredhfhu.mp4,0.9469374418258667
sinekahldk.mp4,0.9746840596199036
sinfhganrv.mp4,0.09981817752122879
sinxhzrhie.mp4,0.7846183776855469
sioagbbntu.mp4,0.9020799994468689
siogvmoxpf.mp4,0.056321464478969574
sioiqldyvy.mp4,0.18407291173934937
siomdmqxni.mp4,0.8916541337966919
sipuxpudya.mp4,0.9629043936729431
sipwdoqlxx.mp4,0.9431939125061035
siqgdrcjqj.mp4,0.8886073231697083
siqyydnfsk.mp4,0.9391178488731384
sirckcjmov.mp4,0.08939480036497116
sisthpviax.mp4,0.6125239729881287
sisymflqba.mp4,0.1663305163383484
sitgykbyzp.mp4,0.9521931409835815
situxkwdjn.mp4,0.8950810432434082
siuxbabsrb.mp4,0.4154396653175354
sivdiyqeli.mp4,0.5215958952903748
sivnraghku.mp4,0.9287042021751404
sivrgbsaog.mp4,0.6993425488471985
sivvpetfdd.mp4,0.8541629910469055
sixdaqjkec.mp4,0.626805305480957
sixiznpihv.mp4,0.48129308223724365
siyfunllmn.mp4,0.8780177235603333
siysxtmtoz.mp4,0.9419069290161133
sizifwwpvf.mp4,0.8664771914482117
sjaaqwgppw.mp4,0.9495329856872559
sjagsjethf.mp4,0.34236955642700195
sjagubkwob.mp4,0.28724125027656555
sjaognjlom.mp4,0.7648290991783142
sjasadttqf.mp4,0.6289260983467102
sjbbazfacg.mp4,0.9589276313781738
sjbeccezmt.mp4,0.8905036449432373
sjbsbaxbxe.mp4,0.9753857851028442
sjcitromod.mp4,0.9790202975273132
sjdelgmcah.mp4,0.7899160981178284
sjdhexvtpc.mp4,0.9502241015434265
sjdirrbrkl.mp4,0.8230794072151184
sjeatjdyad.mp4,0.9073476791381836
sjeujtxgpf.mp4,0.8164922595024109
sjfcvndbks.mp4,0.8723224997520447
sjgkzwbfmz.mp4,0.07468991726636887
sjgmmecazy.mp4,0.08508138358592987
sjhfvydhwq.mp4,0.5579578876495361
sjhvhsfmro.mp4,0.9377169609069824
sjiixxiygu.mp4,0.8400798439979553
sjijcmieny.mp4,0.9642549157142639
sjikbuyuri.mp4,0.05234473571181297
sjjlxqqheh.mp4,0.8696174025535583
sjkcvwllmo.mp4,0.9195201992988586
sjkezsevou.mp4,0.8275976181030273
sjkiqaaqfr.mp4,0.9038766026496887
sjkmxzwiod.mp4,0.8453165888786316
sjktolptzh.mp4,0.9609320163726807
sjmmxrngsy.mp4,0.24557432532310486
sjncxmpaib.mp4,0.9002025723457336
sjocionvvn.mp4,0.9493117928504944
sjooumwlzb.mp4,0.8906012773513794
sjqkqnazyt.mp4,0.8850797414779663
sjqrdyzkgl.mp4,0.12440875172615051
sjrljpcyzr.mp4,0.07327490299940109
sjrxvdbrtu.mp4,0.8199080228805542
sjrzrxttqy.mp4,0.9181773066520691
sjsweftixr.mp4,0.04141382873058319
sjsyrijyvm.mp4,0.6923725008964539
sjthyqzihq.mp4,0.06130676344037056
sjudknssdn.mp4,0.920370876789093
sjutrsymsg.mp4,0.9299728274345398
sjvpgwrbmv.mp4,0.08330763876438141
sjweineqiv.mp4,0.948854923248291
sjwhelhgyl.mp4,0.9124154448509216
sjwhlpivbd.mp4,0.9371576309204102
sjwkkkmaly.mp4,0.826221764087677
sjwsvnowgf.mp4,0.5500448346138
sjwuodezyh.mp4,0.9816804528236389
sjwvvfdfjy.mp4,0.9030781388282776
sjxdmdshzq.mp4,0.9588038921356201
sjygwkiceq.mp4,0.8525530695915222
sjyrdtjddq.mp4,0.2762371003627777
sjzauewezr.mp4,0.9511353969573975
sjzhljyjdq.mp4,0.8895257711410522
sjziqvsvru.mp4,0.9635071158409119
sjzwpqupnm.mp4,0.8968778848648071
skahaiukmy.mp4,0.17009533941745758
skakwwbjdm.mp4,0.877630352973938
skalsyxrln.mp4,0.053376808762550354
skaonlmqhz.mp4,0.044422365725040436
skarkrylhu.mp4,0.05684266984462738
skawlhnjsz.mp4,0.9699311256408691
skdehbnbvj.mp4,0.2775898277759552
skdsektask.mp4,0.887416660785675
skdxovvbku.mp4,0.9736576676368713
skepxzvxnw.mp4,0.15939897298812866
skeucresjq.mp4,0.8578256964683533
skfjaptuon.mp4,0.9685600996017456
skfkkaenwv.mp4,0.8891051411628723
skfnhumwpn.mp4,0.962409257888794
skguzmmvef.mp4,0.27263668179512024
skhwruzxpu.mp4,0.7694804072380066
skihuvavvp.mp4,0.9388145804405212
skipjcgjjv.mp4,0.5000063180923462
skkcothrqz.mp4,0.9714716672897339
skkcsjxtse.mp4,0.6765555143356323
skmatemtcj.mp4,0.33081504702568054
skmwhprvoc.mp4,0.903256893157959
skmzqadsyb.mp4,0.9127183556556702
skniidvyeh.mp4,0.9756932854652405
skntktuabs.mp4,0.903171181678772
sknvycxyan.mp4,0.1071598082780838
skobpbclau.mp4,0.7469213604927063
skoxffalth.mp4,0.5612662434577942
skpftgvojr.mp4,0.965375542640686
skqeqgflvx.mp4,0.8909324407577515
skqkyvogku.mp4,0.9015181660652161
skrqoagxle.mp4,0.9187943339347839
sktnefogwf.mp4,0.802287220954895
skuizldlru.mp4,0.12024901807308197
skunjwijoh.mp4,0.4838886559009552
skussyicyg.mp4,0.7914917469024658
skusxkzfrg.mp4,0.97071373462677
skvnmeboyq.mp4,0.9851042032241821
skvplilbid.mp4,0.9804125428199768
skvzvtmqvw.mp4,0.43886876106262207
skwbzxjptd.mp4,0.8312182426452637
skwdeiwkhv.mp4,0.9382627010345459
skwmrskbtg.mp4,0.050051238387823105
skxbhcoley.mp4,0.9548758268356323
skxbtzvszf.mp4,0.9228854179382324
skxkwpiivm.mp4,0.8096623420715332
skxpvgzpsa.mp4,0.8586428165435791
skxqrexqsp.mp4,0.9000246524810791
skxxieofmi.mp4,0.5480304956436157
skyswnvwfx.mp4,0.8701762557029724
skyyjikwrg.mp4,0.8661451935768127
skzqihmzjp.mp4,0.9566810131072998
slajgzvwzz.mp4,0.9431681036949158
slakzltuxq.mp4,0.3847685158252716
slbbuysyhe.mp4,0.8400213718414307
slbhiftdwk.mp4,0.9602890014648438
slbhraklcc.mp4,0.7146687507629395
slbloafxus.mp4,0.839599609375
sldbbzftyw.mp4,0.18711590766906738
sldhoyqmqo.mp4,0.8543083667755127
sldnhnzehl.mp4,0.047836460173130035
sldpkwpzsc.mp4,0.9759515523910522
sldrngkvwj.mp4,0.8704252243041992
sleakeetov.mp4,0.06144652143120766
slemzgdhro.mp4,0.9129685759544373
slexuatzxj.mp4,0.5035876631736755
sleykxpevy.mp4,0.22377096116542816
slfrhqozlm.mp4,0.7899671792984009
slfrlepduf.mp4,0.8548029065132141
slfwivhnle.mp4,0.9574027061462402
slghgyzahi.mp4,0.943511426448822
slgnpdundj.mp4,0.8885607123374939
slgoaebcqo.mp4,0.12851110100746155
slgylvmzba.mp4,0.9814945459365845
slhibizexb.mp4,0.918184757232666
slhiikrbyx.mp4,0.9389451742172241
slhyfbfdhb.mp4,0.9178243279457092
slidqcvoii.mp4,0.7885034084320068
slillojong.mp4,0.0328887514770031
sliucntfgl.mp4,0.16492824256420135
slixispipy.mp4,0.94636470079422
sljvslcggd.mp4,0.9205953478813171
sljvxlngbn.mp4,0.3333169221878052
slkehjusli.mp4,0.9378871917724609
slkxvzdonv.mp4,0.5048116445541382
slljlqjygl.mp4,0.3266788125038147
slljlunhug.mp4,0.47720664739608765
sllwodvjum.mp4,0.9303015470504761
slncbitmka.mp4,0.34950682520866394
slnkiessak.mp4,0.05948961526155472
slnlvmukiz.mp4,0.7301509380340576
slnlvscqdq.mp4,0.989932656288147
slnqupqyjj.mp4,0.9470516443252563
slnrvwkeaj.mp4,0.854658305644989
slnyhzkrea.mp4,0.21713754534721375
slodzfhvbo.mp4,0.9038165211677551
sloltmctwu.mp4,0.4572448432445526
slpnmekswx.mp4,0.927160918712616
slppdghltj.mp4,0.7249213457107544
slpxqmwuqm.mp4,0.8783404231071472
slqosdknze.mp4,0.7426558136940002
slreuysmqz.mp4,0.6694626808166504
slruxtzosd.mp4,0.8224406242370605
slrzqogyeq.mp4,0.5339080691337585
slsdljxgjy.mp4,0.9308176040649414
slskowjlax.mp4,0.46523141860961914
slsyjvgfpu.mp4,0.871747612953186
slszaqrlte.mp4,0.9370266199111938
sltburykjp.mp4,0.0660090520977974
sltwrisrjk.mp4,0.8822357654571533
sltyddkiak.mp4,0.8412609100341797
sluipdtmdh.mp4,0.2291373461484909
slulwkuggs.mp4,0.3412207067012787
sluspabdog.mp4,0.9333612322807312
sluwywdyip.mp4,0.07370994985103607
slvcfpalev.mp4,0.11352535337209702
slvfmkhsuf.mp4,0.06988488882780075
slwnpiwesu.mp4,0.9305857419967651
slxdynmjqw.mp4,0.08790744096040726
slxeuszqnx.mp4,0.8164735436439514
slyyfctglt.mp4,0.8097686767578125
slzpmvafvy.mp4,0.7817270755767822
smafloqmot.mp4,0.7383662462234497
smahhtkiqd.mp4,0.05156559497117996
smbwklqmca.mp4,0.7879005670547485
smcaedowkf.mp4,0.9396190643310547
smcdunqkaw.mp4,0.7891255021095276
smclyyspli.mp4,0.8981070518493652
smcuubkkig.mp4,0.2876318395137787
smcyybtwrp.mp4,0.04639990255236626
smeawqunuq.mp4,0.9058301448822021
smehtpwbzy.mp4,0.9115609526634216
smemmrfxyd.mp4,0.863317608833313
smeonozvfq.mp4,0.3976843059062958
smevricgci.mp4,0.07657784223556519
smfadvqqlu.mp4,0.43727225065231323
smgbohjurd.mp4,0.966760516166687
smhmwffveg.mp4,0.9436490535736084
smigwcfxxf.mp4,0.8690705299377441
smilxcljmf.mp4,0.9001937508583069
smjbjprumz.mp4,0.8772568106651306
smjvgjlvzh.mp4,0.8623527884483337
smkpttaqlr.mp4,0.9382133483886719
smkxbyrcma.mp4,0.4454629719257355
smkxoeasyl.mp4,0.07896120846271515
smlitsmghh.mp4,0.8487501740455627
smlizabomm.mp4,0.89955735206604
smljfzntha.mp4,0.21287451684474945
smlkevdmyi.mp4,0.9743610620498657
smlthcmbvz.mp4,0.07927864044904709
smmdunggfg.mp4,0.1956888884305954
smmhreaylg.mp4,0.8293871879577637
smmncdmemv.mp4,0.6428856253623962
smnqzesmsk.mp4,0.649543285369873
smowxigmfr.mp4,0.29594725370407104
smplgjukxl.mp4,0.19121108949184418
smpozqlbuo.mp4,0.7307522892951965
smpspdupbh.mp4,0.6571500897407532
smptxlklxc.mp4,0.12688317894935608
smpzwkmmbe.mp4,0.5811488032341003
smqxlvnouf.mp4,0.958411693572998
smrdjziwad.mp4,0.9353789687156677
smsiqaqyer.mp4,0.11012175679206848
smsxazmowk.mp4,0.6553483009338379
smthduyjzz.mp4,0.8803695440292358
smtopnqeiw.mp4,0.9538463354110718
smtvfdewyn.mp4,0.9055878520011902
smuhnskvma.mp4,0.9324034452438354
smvrstqifd.mp4,0.616803765296936
smwnoimfqu.mp4,0.4568254053592682
smwpthfdcd.mp4,0.8225365877151489
smwtoljkcd.mp4,0.9391841888427734
smxftvdptl.mp4,0.9812673330307007
smxhvrjiqk.mp4,0.09089190512895584
smxifhpxtv.mp4,0.8837748765945435
smxmfmyhiy.mp4,0.8907994031906128
smyyyyqrux.mp4,0.8999509811401367
smztqqioaj.mp4,0.8919305801391602
snacjldsed.mp4,0.5936709046363831
snbayparzv.mp4,0.09757226705551147
snbjavluci.mp4,0.3677181303501129
snbprwnjcr.mp4,0.09775085002183914
sncvyenkxe.mp4,0.8830845952033997
sndgthpewi.mp4,0.24749650061130524
sndmvzbufc.mp4,0.9248015880584717
sndxykdojj.mp4,0.25007861852645874
snehddaher.mp4,0.920728325843811
snenbdxyaz.mp4,0.8999877572059631
snervnvqel.mp4,0.9439003467559814
snesygifla.mp4,0.1833317130804062
snfdzaqirq.mp4,0.9180338978767395
snfqbkihqn.mp4,0.8894230127334595
sngcdvisjk.mp4,0.2239963263273239
sngolnoxhz.mp4,0.9042176604270935
snheolxmzs.mp4,0.6755651235580444
snhorjifjz.mp4,0.8956368565559387
snidpujjti.mp4,0.11177554726600647
snjcinquse.mp4,0.771420419216156
snjgutkulg.mp4,0.9795326590538025
snkpjieurz.mp4,0.9851887822151184
snkrtwndpc.mp4,0.826931357383728
snkwzajnab.mp4,0.9475691914558411
snlhedivvu.mp4,0.06136547401547432
snliqflqyq.mp4,0.8271381258964539
snlkormodl.mp4,0.443130761384964
snnimrntco.mp4,0.9354316592216492
snnipswsol.mp4,0.8995916247367859
snodvycutq.mp4,0.12576012313365936
snphwtfljw.mp4,0.9579557776451111
snqfngvbqz.mp4,0.720513641834259
snqseknzpx.mp4,0.11454208940267563
snrgbdpxag.mp4,0.7955751419067383
snrmqmqsfe.mp4,0.057897839695215225
snrpgvxncx.mp4,0.8826043605804443
snrvdywggj.mp4,0.24152112007141113
snsgacnmvy.mp4,0.8572227954864502
snsgnxrygs.mp4,0.5716851949691772
snskjzblqd.mp4,0.12182628363370895
snsrdzneby.mp4,0.9654897451400757
snttyfdjsu.mp4,0.2992751896381378
snucmecdyr.mp4,0.8467144966125488
snugcdumnl.mp4,0.8043038249015808
snupjxpwcy.mp4,0.9569538235664368
snuxbdurdj.mp4,0.09342319518327713
snuznpiumj.mp4,0.8790991902351379
snwvzbrgvg.mp4,0.7824003100395203
snwwydmiyh.mp4,0.9243385791778564
snwzkbimkr.mp4,0.8348286151885986
snxejjcjkx.mp4,0.9534752368927002
snzfbtmchf.mp4,0.09585908055305481
snzgrhwegl.mp4,0.9276628494262695
snzyifwhot.mp4,0.9035388827323914
soafivngii.mp4,0.770956814289093
soamkgxcum.mp4,0.9222279787063599
soauthuntn.mp4,0.7826374769210815
sobgfhhcam.mp4,0.8910528421401978
socandsxpw.mp4,0.6349605321884155
socbtjsjze.mp4,0.11479336768388748
sochasndqj.mp4,0.4337031841278076
socnoafqic.mp4,0.8919751048088074
socvglqdgm.mp4,0.8389025330543518
soegooiqam.mp4,0.2675987482070923
soellqnrep.mp4,0.1279047131538391
soescagcut.mp4,0.7268480658531189
sofgwqaoti.mp4,0.9259829521179199
sofsttmbpk.mp4,0.5817026495933533
sogeignvip.mp4,0.5
sogpjykjlz.mp4,0.7853717803955078
sohvhralvd.mp4,0.8109803199768066
soipgztqut.mp4,0.9136063456535339
soiutmwegq.mp4,0.8201248645782471
sojicsvmej.mp4,0.9406751990318298
sokqvwhjwh.mp4,0.12456086277961731
soladmqunl.mp4,0.9605070948600769
solgarzvhx.mp4,0.8845935463905334
solncvzbgn.mp4,0.4873674809932709
somlurimwl.mp4,0.08373512327671051
somqriispa.mp4,0.07235411554574966
sondipaqyg.mp4,0.03890511021018028
sookyepgdl.mp4,0.8558257818222046
sopashzpkk.mp4,0.4805930256843567
sopmqwhfrn.mp4,0.9612865447998047
sopuwjzgpq.mp4,0.9084911942481995
soqxyqltcn.mp4,0.7729229927062988
sorhdrehkz.mp4,0.9208463430404663
sorxgzzrmg.mp4,0.9425755143165588
sosbijzxbb.mp4,0.9221717715263367
sotclwmskg.mp4,0.7649224400520325
sotfronkgb.mp4,0.0828135758638382
souczoeetc.mp4,0.872622549533844
soufokgujx.mp4,0.9587302803993225
sovawuhact.mp4,0.7524579167366028
sovkehyqry.mp4,0.9591252207756042
sowargwatp.mp4,0.8798521161079407
sowmxypmbs.mp4,0.8938472270965576
sowuyjudky.mp4,0.3812883496284485
soyrktqznj.mp4,0.8678132891654968
sozoqczsux.mp4,0.7142809629440308
sozpcjmebz.mp4,0.9588214755058289
spajtbokup.mp4,0.8907015323638916
spastqbytw.mp4,0.9489296078681946
spccmwkksz.mp4,0.2871055006980896
spcdbvjeir.mp4,0.8566175699234009
spcmarknmw.mp4,0.8549082279205322
spdjblprnu.mp4,0.8348564505577087
spelnjjqqo.mp4,0.818699300289154
spfbdwnnvk.mp4,0.9428492784500122
spgmcfrisi.mp4,0.11104642599821091
spigbvvxgf.mp4,0.05193983018398285
spjhfgahuw.mp4,0.9874823093414307
spjlpgrvwg.mp4,0.9504774808883667
spkgpjvbfh.mp4,0.8479315042495728
spkopdnnkf.mp4,0.9148632287979126
spkorcenyh.mp4,0.8864648938179016
spkpmiozgf.mp4,0.6980509757995605
spnaichhhe.mp4,0.8628302812576294
spnpdtvuyr.mp4,0.9862475395202637
spoushvthu.mp4,0.9287501573562622
spqcmedyou.mp4,0.514832615852356
spqjmzvjtv.mp4,0.17338000237941742
spqqrjvrlf.mp4,0.8173390030860901
sprbzuxvns.mp4,0.9332970380783081
sprejlmapw.mp4,0.8388674259185791
sprylmddah.mp4,0.9423394203186035
spscubqzrl.mp4,0.17674824595451355
spswtgazix.mp4,0.6019563674926758
sptqnpgeys.mp4,0.8989870548248291
sptqsljymy.mp4,0.7871853113174438
spuinvajyz.mp4,0.7859479784965515
spukimfmxx.mp4,0.9242590665817261
spumxhysym.mp4,0.9395462870597839
spvgqcprzb.mp4,0.9675403237342834
spvkgtkjvh.mp4,0.8926144242286682
spvwezgsru.mp4,0.926446795463562
spvzwtearm.mp4,0.910578727722168
spxxylhqyh.mp4,0.9640339016914368
spyksrxwuh.mp4,0.631639301776886
spylpkmhwj.mp4,0.7772756814956665
spytdimvtn.mp4,0.5583595037460327
spywfjcdga.mp4,0.9107937812805176
spyywqsozg.mp4,0.880220353603363
spyzdfjgts.mp4,0.8405832648277283
spzchgewcf.mp4,0.18202383816242218
spzdrkbtol.mp4,0.9278568625450134
spzimtziqe.mp4,0.4622929096221924
spzmteogiy.mp4,0.9619222283363342
spzooclodg.mp4,0.9287503361701965
spzrkdkkte.mp4,0.05260731279850006
sqbbihqvaz.mp4,0.3948988616466522
sqbggtbiah.mp4,0.0957569107413292
sqbuqpxvtt.mp4,0.8359727263450623
sqcryidszu.mp4,0.7794551253318787
sqdykqrxtb.mp4,0.8247805237770081
sqfftygvgp.mp4,0.4325781762599945
sqhjpqcnjv.mp4,0.7756327390670776
sqhniznryi.mp4,0.8018317818641663
sqhodapoug.mp4,0.921980082988739
sqhtbcpgtz.mp4,0.8031262755393982
sqhxvknkvb.mp4,0.7925623059272766
sqhzwhqthe.mp4,0.8256112933158875
sqichkhscx.mp4,0.7163892388343811
sqiwlaezeo.mp4,0.9591272473335266
sqjeadluoe.mp4,0.9790822267532349
sqjuzztmxk.mp4,0.939602792263031
sqkgesaxlh.mp4,0.9652335047721863
sqlipvvjgu.mp4,0.06382902711629868
sqlobantyy.mp4,0.17111702263355255
sqlorbbbgm.mp4,0.6637375950813293
sqmarjoyas.mp4,0.7101450562477112
sqmvtmdteh.mp4,0.8613394498825073
sqnlfpydsm.mp4,0.4319252073764801
sqnstcwydo.mp4,0.9619836807250977
sqnxpftnzf.mp4,0.8250861763954163
sqoapfxtpk.mp4,0.84203040599823
sqpevzmjpt.mp4,0.9458573460578918
sqqamveljk.mp4,0.11066623032093048
sqqzvxjviz.mp4,0.18023133277893066
sqrjoqavds.mp4,0.9017022252082825
sqroobfhid.mp4,0.8903210163116455
sqsbuaptuj.mp4,0.8203916549682617
sqsiohuulc.mp4,0.9153224229812622
sqsufyhscy.mp4,0.9529761672019958
sqsxyvqjdq.mp4,0.7793785333633423
sqtolgjqgy.mp4,0.8862606883049011
sqtujfkdfd.mp4,0.9403235912322998
squxcnsyam.mp4,0.9693679213523865
sqvijifncv.mp4,0.03843877092003822
sqvstmunit.mp4,0.6229195594787598
sqwbentvzg.mp4,0.06206466630101204
sqwihacezb.mp4,0.6088470816612244
sqxylnymep.mp4,0.8808289766311646
sqybetzlkm.mp4,0.8674184679985046
sqyvwvexrr.mp4,0.7612314820289612
sqyvzzmimv.mp4,0.8659553527832031
sqyyclnwas.mp4,0.07596547156572342
sqzembikvw.mp4,0.023120256140828133
sqzyhhhgii.mp4,0.6368751525878906
sqzzafvbxy.mp4,0.34029918909072876
sradvolkvk.mp4,0.9281277060508728
srawpiehbc.mp4,0.6926325559616089
srbddtbigw.mp4,0.8728960156440735
srcohkaswn.mp4,0.2485005110502243
srdpkrzyew.mp4,0.8999996781349182
sreffgmknl.mp4,0.9605898857116699
sreiqrloia.mp4,0.13392525911331177
srfptlpwyr.mp4,0.9562841057777405
srfvwcbegl.mp4,0.9884011149406433
srgbuihjgq.mp4,0.9278296232223511
srhulryoad.mp4,0.8812254667282104
sricfzqjtp.mp4,0.9031931161880493
srioodmtmm.mp4,0.9058788418769836
srjaoppiqr.mp4,0.9054012298583984
srjkmsfwin.mp4,0.988228976726532
srkhkdnule.mp4,0.069603830575943
srkrptntea.mp4,0.9065900444984436
srkxvsdvdn.mp4,0.9122515320777893
srlbhqggbu.mp4,0.5967808365821838
srlilcjhaf.mp4,0.68446284532547
srlnuziqxc.mp4,0.9327827095985413
srlxrlvpbk.mp4,0.8620264530181885
srmsbgbeqi.mp4,0.13388782739639282
srnjwggrnt.mp4,0.23186582326889038
srnwomifzx.mp4,0.9005812406539917
sropiogmvg.mp4,0.9572977423667908
sropjlupxe.mp4,0.8641819953918457
srpehzessc.mp4,0.04955274611711502
srqdeqtxmw.mp4,0.6643121242523193
srqkmuobpy.mp4,0.07429816573858261
srqmqibqed.mp4,0.9720408916473389
srrhsfcpcr.mp4,0.05328483134508133
srrtsgtkip.mp4,0.6083298325538635
srruzmpcpz.mp4,0.8810151815414429
srsadmspmy.mp4,0.8330121636390686
srscvsfyei.mp4,0.9838384389877319
srsustslnp.mp4,0.8549724817276001
srtwhbzzlr.mp4,0.9018382430076599
srtwszxrqc.mp4,0.1997012048959732
srvunlalon.mp4,0.9482345581054688
srwiwctzng.mp4,0.8142632842063904
srwzavkija.mp4,0.9531349539756775
srxigfckvw.mp4,0.9792565703392029
sryzapzbbw.mp4,0.9680770039558411
srzatvffqu.mp4,0.47411271929740906
srzmayhxen.mp4,0.8203029632568359
srzrquplty.mp4,0.09075351804494858
ssbotgnhqb.mp4,0.9133111238479614
ssbzkbrcto.mp4,0.9053540229797363
sscbgwhmru.mp4,0.7137609124183655
sscrakrzom.mp4,0.1250268667936325
sseaemazyk.mp4,0.7985342741012573
ssebqpbtir.mp4,0.8371416330337524
ssfrqmkeoo.mp4,0.9173583388328552
ssicvpawtz.mp4,0.22074119746685028
ssizsnovcj.mp4,0.9666125178337097
ssjpogjprj.mp4,0.904918372631073
sskrmxktha.mp4,0.8811402320861816
ssktcfblwf.mp4,0.7891243100166321
sskuuyfrmu.mp4,0.8364436626434326
sslobhtwdy.mp4,0.6656378507614136
sslrtrxyaj.mp4,0.9701016545295715
sslsctgqve.mp4,0.957038164138794
ssluyhpcqp.mp4,0.9585633277893066
ssmsaqcwou.mp4,0.7217878103256226
ssngqzuzig.mp4,0.4727151393890381
ssogfzhjyl.mp4,0.6564525961875916
ssoranznrw.mp4,0.20074553787708282
ssoutkswgl.mp4,0.7783921360969543
ssouvrkjhl.mp4,0.1037924587726593
ssovnbhhid.mp4,0.9299750924110413
ssoyfcbatv.mp4,0.11382699757814407
sspgsqwcdr.mp4,0.7363842725753784
ssplazhosb.mp4,0.8622979521751404
sspmqvcejh.mp4,0.8448930382728577
ssqpuzwjsg.mp4,0.9614683389663696
ssrnztvqbz.mp4,0.8393985629081726
ssrztvkhdi.mp4,0.9180348515510559
sssrdltekp.mp4,0.6784387230873108
ssttgbbvni.mp4,0.960144579410553
ssumpmrbdi.mp4,0.310985267162323
ssuztxupnh.mp4,0.9190926551818848
ssvwugigpz.mp4,0.9129709005355835
sswasyoxlg.mp4,0.88930344581604
sswbgeyxmx.mp4,0.14658546447753906
sswhgeqjrt.mp4,0.08269798755645752
sswnqnmdub.mp4,0.720272958278656
ssxiuiksqx.mp4,0.9023848176002502
ssxnvxdpur.mp4,0.9296228289604187
ssxqypkahm.mp4,0.7200949192047119
ssxwzxmmzc.mp4,0.7508091926574707
ssxyggaqxc.mp4,0.8026847243309021
ssyaqyuyxa.mp4,0.8809300661087036
ssyfgvngrn.mp4,0.8782811164855957
ssztffswml.mp4,0.9426096081733704
sszvuoxyuc.mp4,0.6892320513725281
stamaaoxht.mp4,0.9359777569770813
staykvhzvl.mp4,0.8360376358032227
stbgmbcqid.mp4,0.8682770729064941
stdavraahk.mp4,0.11683765798807144
stdgophtxj.mp4,0.9266800880432129
stehhhvplr.mp4,0.7227100729942322
stfqbsbvfy.mp4,0.8676718473434448
stfsoattfs.mp4,0.7733487486839294
sthjxgskpg.mp4,0.0835954025387764
stjcaikbkq.mp4,0.7862971425056458
stkqpavaxn.mp4,0.3061862289905548
stkxixvyub.mp4,0.9388145804405212
stldzhoszg.mp4,0.7037556767463684
stmmmyhjxl.mp4,0.8348997235298157
stmqpsakem.mp4,0.6437268853187561
stmwtebvpy.mp4,0.28258001804351807
stnaintcgr.mp4,0.9368306994438171
stnccawemg.mp4,0.7546647191047668
stnzxqrspy.mp4,0.3126683533191681
stodmioasm.mp4,0.8938544392585754
stomqqpyct.mp4,0.95055091381073
stopgeenru.mp4,0.9517049193382263
stpjxyxagl.mp4,0.40140271186828613
stqifjbqsh.mp4,0.8847517371177673
stqkltbfvp.mp4,0.9774367809295654
stqvudqrdo.mp4,0.9094443321228027
stsqvujmwd.mp4,0.3326306641101837
sttgmrqpec.mp4,0.5523377060890198
sttjzwvvnu.mp4,0.3677181303501129
sttoamngtq.mp4,0.12974481284618378
stwaypekwh.mp4,0.10094866901636124
stwviayefj.mp4,0.9361963272094727
styfekwufb.mp4,0.932207465171814
stylurlpxy.mp4,0.9464921951293945
styopusbgb.mp4,0.9690729975700378
styrkhiknj.mp4,0.9112537503242493
stzjetaupj.mp4,0.08105640858411789
suazhhjuky.mp4,0.8544114232063293
sucjotwrhv.mp4,0.572463870048523
sucwanurae.mp4,0.7921525239944458
sudsxgrwba.mp4,0.07253984361886978
sudzolvppu.mp4,0.09024528414011002
suekqxrbni.mp4,0.9238147139549255
suemlhslqm.mp4,0.10608667135238647
sufadfttzf.mp4,0.9093718528747559
sufgpikzsg.mp4,0.26055267453193665
suficmeiul.mp4,0.09899395704269409
sufjxebsut.mp4,0.7616690993309021
sufujtnmxd.mp4,0.06662748754024506
suglpnnlng.mp4,0.9222838878631592
sugshhjwsn.mp4,0.749943196773529
suheohirvj.mp4,0.9792262315750122
suicnzjtcc.mp4,0.5159417986869812
suigngiafa.mp4,0.959778904914856
suikcitbln.mp4,0.9028509855270386
suixjnubqo.mp4,0.938249945640564
sujpsdbziz.mp4,0.8881162405014038
sujzalcsvb.mp4,0.9650253653526306
sukzzxgxvh.mp4,0.6151266694068909
suljkkkfwc.mp4,0.9852769374847412
sulxgycexe.mp4,0.872222900390625
suohrphvbe.mp4,0.5368455648422241
suohvxwqcy.mp4,0.08494213968515396
suorubswku.mp4,0.9068869948387146
suosinpxee.mp4,0.8604813814163208
suoxrhzujc.mp4,0.14832724630832672
supzxjddnc.mp4,0.31313738226890564
surdndtyhp.mp4,0.48838701844215393
surihbpbeg.mp4,0.9258398413658142
surnrvfnae.mp4,0.9091454744338989
sursqqaznx.mp4,0.8998879194259644
surxrjjvfg.mp4,0.8033215403556824
susdceyusi.mp4,0.9292477369308472
sutlgxydvi.mp4,0.6023193597793579
sutpvknvml.mp4,0.4522358477115631
sutxeagjoo.mp4,0.9092662334442139
suujykbbdx.mp4,0.8602244853973389
suunedqyxl.mp4,0.9300610423088074
suuohkqlkb.mp4,0.9501187801361084
suuozdgqgv.mp4,0.9664146900177002
suurdgtysl.mp4,0.729945182800293
suuvjyupkt.mp4,0.9309590458869934
suvvyowajw.mp4,0.8788618445396423
suwioqfhdm.mp4,0.9098455905914307
suwndzsylo.mp4,0.862352728843689
suwwmmypru.mp4,0.9875668883323669
suxhgeshgd.mp4,0.8965937495231628
suxlwssckc.mp4,0.9380664825439453
suyjqrvoon.mp4,0.8857457041740417
suyvzrnihk.mp4,0.8755570650100708
suzowftflr.mp4,0.4860520660877228
svafvyukgb.mp4,0.16532479226589203
svayozshlw.mp4,0.7995690107345581
svbdiucoph.mp4,0.5238467454910278
svdlbqqjlf.mp4,0.9677055478096008
svduthpfjd.mp4,0.9847200512886047
svdzgbnpjj.mp4,0.9556419253349304
svehemyhnb.mp4,0.8272675275802612
svehewpgdc.mp4,0.7994251847267151
svemdbepfv.mp4,0.7093636989593506
svfecjdcxx.mp4,0.8428962230682373
svfxtdzvtv.mp4,0.9370605945587158
svggomahgg.mp4,0.943227231502533
svgtieoevd.mp4,0.9887291193008423
svhamkfnya.mp4,0.9674298763275146
svhskhpjde.mp4,0.9060443639755249
sviexytuuo.mp4,0.44991499185562134
svjmgnhaiw.mp4,0.7967597842216492
svjwnflmfw.mp4,0.05653912574052811
svlmacfffr.mp4,0.2130565196275711
svlrwdshik.mp4,0.3672890365123749
svmgbkjvhz.mp4,0.20362193882465363
svmhzxlabo.mp4,0.7794473171234131
svmscjzeyo.mp4,0.8765034675598145
svngfajlmf.mp4,0.8634077310562134
svodvlwnpg.mp4,0.9520771503448486
svofzaylsp.mp4,0.8787026405334473
svpjthtuss.mp4,0.9408479332923889
svpniozebk.mp4,0.9644693732261658
svpquewaph.mp4,0.8765284419059753
svqhsezhiv.mp4,0.9515147805213928
svqkfjfucw.mp4,0.901848316192627
svqrpveliu.mp4,0.9123004674911499
svquzcvxvt.mp4,0.8986854553222656
svqymonojx.mp4,0.21045608818531036
svrhfpcdws.mp4,0.8864036202430725
svsqmlgoch.mp4,0.9060195088386536
svtcfskbrf.mp4,0.922764778137207
svtffdosqc.mp4,0.08823420852422714
svtnilogao.mp4,0.5307635068893433
svuccelljy.mp4,0.5591275691986084
svufiqglan.mp4,0.8663861155509949
svwfjarqgy.mp4,0.96418696641922
svwpjzdgvv.mp4,0.8693887591362
svwudbkbxq.mp4,0.0988694503903389
svwvmjonbp.mp4,0.9001777172088623
svxnxjcxwb.mp4,0.820203959941864
svxsnwkvdt.mp4,0.8295599222183228
svygeyqbor.mp4,0.8649518489837646
svyrunawef.mp4,0.7969228625297546
svznqnzzqj.mp4,0.9163750410079956
svzuyqhqmn.mp4,0.9581682085990906
swadapvqlf.mp4,0.24578642845153809
swbiogmgun.mp4,0.054989468306303024
swbkiqkbaz.mp4,0.8840974569320679
swciiqrzor.mp4,0.9532676339149475
sweeqbjgrm.mp4,0.8684285879135132
sweozakmmi.mp4,0.20543986558914185
swfcriykur.mp4,0.8940709233283997
swfifgmhev.mp4,0.7798289656639099
swhkpualmx.mp4,0.9468092322349548
swhwvoopzb.mp4,0.6270889639854431
swidhipsqt.mp4,0.9544163942337036
swidxlhpft.mp4,0.7974907159805298
switcinffz.mp4,0.8755617737770081
swjecizpwt.mp4,0.5223660469055176
swjenidcez.mp4,0.8981685638427734
swjwcrfkbo.mp4,0.9416001439094543
swktkvkwcp.mp4,0.5585096478462219
swktwteccp.mp4,0.030325254425406456
swkyzqsmoq.mp4,0.8787932991981506
swmkcwcmdh.mp4,0.944316029548645
swmreanmmk.mp4,0.6474950313568115
swmstxyjbg.mp4,0.8987603783607483
swmxertoxu.mp4,0.9314248561859131
swogbtsrkk.mp4,0.9649831056594849
swqmnvzkgv.mp4,0.922715425491333
swqtkkpdkq.mp4,0.5275446176528931
swrnkafksr.mp4,0.14773403108119965
swrxkntcpi.mp4,0.05675673112273216
swskulmtas.mp4,0.9650068879127502
swsvmalmmz.mp4,0.7646595239639282
swsyliplgf.mp4,0.6778854727745056
swucolsqxc.mp4,0.06835635751485825
swugkajjis.mp4,0.045188020914793015
swujnifgsf.mp4,0.8771899342536926
swuuzrjsbb.mp4,0.9135206937789917
swuvceecmj.mp4,0.8747363090515137
swwkljegll.mp4,0.045810144394636154
swwudagxer.mp4,0.8996502161026001
swxoosqtkl.mp4,0.08481279015541077
swykyghrpt.mp4,0.1226673498749733
swyucxjgbj.mp4,0.9392185211181641
swzqsqbbuz.mp4,0.0631977915763855
sxacwoqctx.mp4,0.8392597436904907
sxahdsbpsa.mp4,0.050704728811979294
sxannttcvw.mp4,0.13454394042491913
sxavyfcdcq.mp4,0.09273914247751236
sxaxltemxl.mp4,0.9231456518173218
sxbfdmebrp.mp4,0.10317698121070862
sxbffmmoqo.mp4,0.9153875112533569
sxdmqrhrzn.mp4,0.9274953603744507
sxebhsszpr.mp4,0.9646751880645752
sxebnpmpjh.mp4,0.8371648192405701
sxfeteoqpr.mp4,0.819585382938385
sxfkdrznan.mp4,0.48766636848449707
sxfoaajecn.mp4,0.06889645010232925
sxfxiyffyj.mp4,0.7874925136566162
sxgdjvfkgj.mp4,0.8243127465248108
sxgvftmczr.mp4,0.7972703576087952
sxhcthylvd.mp4,0.9232959151268005
sxhexjgzdl.mp4,0.9656230807304382
sxhtbljghi.mp4,0.8463833332061768
sxhvpfpkgs.mp4,0.9004234075546265
sxkcactoic.mp4,0.4457373023033142
sxketjxinx.mp4,0.8833646178245544
sxkffuoxyi.mp4,0.9566254615783691
sxkkwgghqz.mp4,0.8978134393692017
sxlgqmhstj.mp4,0.5006868839263916
sxltuzpcxj.mp4,0.8359403014183044
sxlywoqfic.mp4,0.8564423322677612
sxmggjuqhi.mp4,0.908735990524292
sxmjhbrswr.mp4,0.09597352147102356
sxmqvznwwq.mp4,0.06322545558214188
sxnhvmsjje.mp4,0.9507722854614258
sxnqynxdpd.mp4,0.5623790621757507
sxnvaogirf.mp4,0.1343132108449936
sxobmauqtc.mp4,0.710735559463501
sxovehtehh.mp4,0.942374050617218
sxpbnfsqgj.mp4,0.9501604437828064
sxpdhycvie.mp4,0.9027696251869202
sxpegjsjzy.mp4,0.9394711256027222
sxpufxocnw.mp4,0.05225507542490959
sxsbxvtrtw.mp4,0.8792511820793152
sxucmzlqvu.mp4,0.9430112838745117
sxuvpygveh.mp4,0.8750807046890259
sxuzdfzoon.mp4,0.9517019987106323
sxviarxvdv.mp4,0.6957103610038757
sxvuibwyki.mp4,0.9208054542541504
sxwjyxvozg.mp4,0.9702398777008057
sxxklmhcma.mp4,0.11848718672990799
sxxksrnvld.mp4,0.0271404217928648
sxxzkpmwfb.mp4,0.6603708863258362
sxyydjyziy.mp4,0.9606161117553711
sxzbmbaqhs.mp4,0.8099473118782043
sxzddbulvt.mp4,0.15173253417015076
sxzpkemmcc.mp4,0.9209116697311401
sxzqyvwgkd.mp4,0.9890277981758118
sxzrrnxzzs.mp4,0.8755949139595032
sxztqqxouc.mp4,0.9522354602813721
syaggwdftn.mp4,0.880131721496582
syaspnptuk.mp4,0.9269117712974548
syauamddit.mp4,0.9284399151802063
sycdyrhpxh.mp4,0.6346690654754639
sycnsgxyxp.mp4,0.7382379174232483
sydmxkinkc.mp4,0.8192154765129089
syeabhanwc.mp4,0.2138616442680359
syeeipcyhk.mp4,0.8793839812278748
syemrecplt.mp4,0.9548118710517883
syemxznzhs.mp4,0.8373605012893677
syewknbemq.mp4,0.1062658354640007
syfasdjogh.mp4,0.44739049673080444
syfzjjdmxh.mp4,0.16993196308612823
sygqcvmttw.mp4,0.17463701963424683
sygwvvspiu.mp4,0.06568886339664459
sygzgdyvpq.mp4,0.9108962416648865
syhcgmzbeg.mp4,0.8986860513687134
syhzdgxcne.mp4,0.11613437533378601
syijbkakrt.mp4,0.5569781064987183
syijyhegoo.mp4,0.9054762125015259
syjugbmlfh.mp4,0.6539374589920044
sykcwrqtxy.mp4,0.8946287035942078
sykgxdxhzv.mp4,0.49367183446884155
sykzeetoct.mp4,0.7457998991012573
sylaknjpkx.mp4,0.9528145790100098
sylkeidflp.mp4,0.6322686076164246
sylpwdycuf.mp4,0.7801839113235474
synotequif.mp4,0.968067467212677
synptkekgs.mp4,0.8914021849632263
syosxhfgyr.mp4,0.0693417564034462
syperuofbv.mp4,0.838839054107666
syrbvskdhj.mp4,0.896763026714325
syszyewbet.mp4,0.39151105284690857
sytahoqhsj.mp4,0.7138188481330872
sytddqezij.mp4,0.17759118974208832
syubdrkovi.mp4,0.9168463349342346
syueovtetw.mp4,0.1417786031961441
syuroytdoc.mp4,0.053421054035425186
syvjvjafek.mp4,0.05033786594867706
syvkqrbglh.mp4,0.1923099160194397
sywiuziyod.mp4,0.8911474943161011
sywjkrzcvf.mp4,0.9493366479873657
sywkyamfnm.mp4,0.05097005143761635
sywqailxvn.mp4,0.9274048805236816
syxbjyxzoq.mp4,0.1620766967535019
syxbztmoim.mp4,0.8443078994750977
syxljrfocr.mp4,0.7802221179008484
syxlmynhsi.mp4,0.7225834131240845
syyqagkkyk.mp4,0.923126220703125
syyzlkofif.mp4,0.9331938624382019
syzbpbevar.mp4,0.3674914836883545
syznvceaek.mp4,0.9229699969291687
syzpgcndwj.mp4,0.9660733342170715
szaauyjmbh.mp4,0.7012002468109131
szabeuxytk.mp4,0.9598817825317383
szagmsazfa.mp4,0.648404598236084
szcvjbhcny.mp4,0.3356970250606537
szepuhspue.mp4,0.9299798011779785
szfcaayjrk.mp4,0.8871361613273621
szfifyvsso.mp4,0.944477379322052
szgfwvswck.mp4,0.548022449016571
szghjhivxf.mp4,0.8123321533203125
szgjbfwnxs.mp4,0.9152984023094177
szgjfwphhd.mp4,0.9002799987792969
szgzhidgrq.mp4,0.6807482838630676
szhamvioqz.mp4,0.8080694079399109
szivkpgcki.mp4,0.9063190817832947
szjajlmyex.mp4,0.9515889286994934
szjbkskyph.mp4,0.9550071358680725
szjrtznnfy.mp4,0.6048199534416199
szkeyhways.mp4,0.9309394359588623
szkkfzcwlv.mp4,0.7785702347755432
szklntqqjo.mp4,0.8760958909988403
szksmgxzna.mp4,0.6893191337585449
szmaoqvhlj.mp4,0.8956450819969177
szmluuycej.mp4,0.9788965582847595
szmogtxlmp.mp4,0.8215662240982056
szmtulcofq.mp4,0.9592719674110413
szmxyslsmn.mp4,0.7190061807632446
sznecnvrct.mp4,0.1064046248793602
sznmcgvxxz.mp4,0.9501465559005737
szqfeoofmy.mp4,0.5685402750968933
szrxkdmvfy.mp4,0.09938199073076248
szscmixwxe.mp4,0.773533046245575
szukrqabpm.mp4,0.9548122882843018
szumpozalo.mp4,0.880857527256012
szuynagefb.mp4,0.8283313512802124
szwhgmrrhm.mp4,0.21420377492904663
szxpllkpde.mp4,0.8948310017585754
szxtveuqia.mp4,0.6780388951301575
szydvlynjc.mp4,0.8753666281700134
szypruzige.mp4,0.43536025285720825
szzdkrmelh.mp4,0.9463431239128113
szzglsjjyj.mp4,0.9865763783454895
taamavklfw.mp4,0.9872405529022217
taanizhqhp.mp4,0.9678614139556885
taaqdtzfxm.mp4,0.8411000370979309
taatmjkyfb.mp4,0.7265294194221497
taavlhagzv.mp4,0.9421696662902832
tabakzihxq.mp4,0.12465456873178482
tacsodsdoo.mp4,0.13271422684192657
tacsprppyp.mp4,0.3287423253059387
taddtnnipk.mp4,0.837871789932251
tadhbhquye.mp4,0.8438823223114014
tafbvqzrvm.mp4,0.8734400272369385
tahvzvozxo.mp4,0.9674042463302612
taikzedkhg.mp4,0.6691921353340149
takaqlmhbp.mp4,0.9128625392913818
takedfkvfq.mp4,0.9276303052902222
taktxpevnm.mp4,0.8987680077552795
tamazprxch.mp4,0.9591665267944336
tambojjank.mp4,0.9313377737998962
tamjlthbdh.mp4,0.44485485553741455
tamtqnnvtg.mp4,0.942058801651001
tamygoiadq.mp4,0.8657905459403992
tannobxohn.mp4,0.832764208316803
tanrvtsims.mp4,0.8676753044128418
tanyuloluq.mp4,0.9238204956054688
taoodjkink.mp4,0.0661693811416626
taoxcdrpai.mp4,0.5836262106895447
tapcwiwwde.mp4,0.9040502309799194
taphiyetvs.mp4,0.16592343151569366
taprhjnthk.mp4,0.8848171830177307
tarfpxmjah.mp4,0.9874405264854431
tarncgrswp.mp4,0.12802086770534515
tarxyjfpae.mp4,0.8782486915588379
taskwbtdje.mp4,0.8641283512115479
tassvtxamo.mp4,0.04917691648006439
tasungjnnu.mp4,0.9036635756492615
tatkioybgo.mp4,0.9085094332695007
tatwoazjzb.mp4,0.5691868662834167
tavvipinca.mp4,0.06544863432645798
tavvtdshty.mp4,0.908345639705658
tawirwpzve.mp4,0.6733885407447815
taxjrcmkcz.mp4,0.16962912678718567
taxovsvycj.mp4,0.9651001691818237
taxspqhwsv.mp4,0.855478048324585
taxszvyhbm.mp4,0.06873561441898346
tayacfzhpw.mp4,0.9099872708320618
tayblsnzzd.mp4,0.9230221509933472
taymbteuhy.mp4,0.9305354952812195
taypzfeooe.mp4,0.8749440312385559
tayykmblhg.mp4,0.12203062325716019
tazlckybzu.mp4,0.0768277496099472
tazqvhawmt.mp4,0.24454861879348755
tazytufpcv.mp4,0.8838025331497192
tbafqcfvje.mp4,0.9240258932113647
tbbeuurvrv.mp4,0.8991515636444092
tbbmfttmab.mp4,0.9626036286354065
tbbpzrunpp.mp4,0.09517517685890198
tbbsipbdoe.mp4,0.9382849931716919
tbbykjmrvv.mp4,0.8910893797874451
tbcynlkyog.mp4,0.22830985486507416
tbdgixstek.mp4,0.9313338398933411
tbeimqpjjk.mp4,0.7620067000389099
tbejulqtdp.mp4,0.5608089566230774
tbeqvpohue.mp4,0.08265677094459534
tbhdqgntcp.mp4,0.6726047992706299
tbhepxzopw.mp4,0.9536533355712891
tbhhdfqdst.mp4,0.6961057186126709
tbhnggstuk.mp4,0.9424945712089539
tbhsvpythc.mp4,0.8973376750946045
tbhzygwwto.mp4,0.9075098037719727
tbibvnzmxw.mp4,0.9828867316246033
tbkfdwfuzu.mp4,0.912058413028717
tbklxweian.mp4,0.8848959803581238
tbksxjjzso.mp4,0.9225568771362305
tbkttmmeyw.mp4,0.39108023047447205
tbmkxkbpoh.mp4,0.9550243616104126
tbncewrofv.mp4,0.5
tbohivnzoe.mp4,0.6611077189445496
tbpdvtuuci.mp4,0.8946602940559387
tbpvxyjsbs.mp4,0.7588322162628174
tbpybcxdrt.mp4,0.862887442111969
tbqnvxmtga.mp4,0.9342615604400635
tbqogksrgg.mp4,0.7862073183059692
tbqrwehekx.mp4,0.19349023699760437
tbqxswvzxl.mp4,0.4155263602733612
tbrwatytdp.mp4,0.9851725101470947
tbrwzjrusk.mp4,0.6118471622467041
tbtsmhfrvr.mp4,0.7050241231918335
tbutqcgnht.mp4,0.1743309050798416
tbvgvnhhhb.mp4,0.963650643825531
tbwmgqjere.mp4,0.9279158115386963
tbwunjmpir.mp4,0.8917571902275085
tbxqdlgvor.mp4,0.9349533915519714
tbydswthsu.mp4,0.9346583485603333
tbygbthxzv.mp4,0.5226050615310669
tbyjzlqslc.mp4,0.512788712978363
tbyojhbkvj.mp4,0.9525979161262512
tbzplzkowt.mp4,0.9154377579689026
tbzwpkwvxz.mp4,0.9116533994674683
tcbkjjwzcr.mp4,0.13720031082630157
tcbksssubn.mp4,0.05006832256913185
tcboepkimy.mp4,0.8011786341667175
tccilmeshf.mp4,0.07924288511276245
tccvrdqlta.mp4,0.8946717381477356
tccyyuzjrt.mp4,0.7868573665618896
tcdiqwnynu.mp4,0.8773830533027649
tcdjcvrumn.mp4,0.11363517493009567
tcdnrwuayp.mp4,0.046029724180698395
tcecvksptw.mp4,0.9352765679359436
tcehhsqclx.mp4,0.9149194359779358
tcgmdvqlvk.mp4,0.9178022742271423
tcgnhvozuc.mp4,0.809468150138855
tcguvulxvo.mp4,0.06715089827775955
tcheayssmx.mp4,0.7955920100212097
tchonhsifc.mp4,0.14365264773368835
tchqfddubz.mp4,0.7178459167480469
tchshfguii.mp4,0.906326413154602
tciyjjvzsf.mp4,0.917815625667572
tcizhqxeak.mp4,0.7852485179901123
tcjbxyygjk.mp4,0.9178688526153564
tcjgcbgsjy.mp4,0.26201000809669495
tcknbmalyc.mp4,0.9131417870521545
tcmghpeuwp.mp4,0.9662215709686279
tcmmobbkrf.mp4,0.9645110368728638
tcmqazqrcv.mp4,0.9796619415283203
tcmstiljkk.mp4,0.8527440428733826
tcmupscyya.mp4,0.08598855137825012
tcnakvondn.mp4,0.5370663404464722
tcnbwcphju.mp4,0.9230110049247742
tcnehflodv.mp4,0.8461819887161255
tcnfhhzoqb.mp4,0.9526482224464417
tcnhkcuntk.mp4,0.9641318917274475
tcoktfjdkf.mp4,0.955834150314331
tcovatotee.mp4,0.6937301158905029
tcpibudrje.mp4,0.8376688957214355
tcpmfbaoht.mp4,0.9384688138961792
tcpnyzwdpk.mp4,0.863649845123291
tcpvkevoqb.mp4,0.9004074335098267
tcpvkgfoet.mp4,0.9728743433952332
tcqmtsbhwy.mp4,0.9820351004600525
tcqvduwwao.mp4,0.962300717830658
tcrjgukmpt.mp4,0.8743802309036255
tcsdjwbihw.mp4,0.10400880128145218
tcsgpsjohj.mp4,0.7125658392906189
tcsovevfpf.mp4,0.7091198563575745
tcspzuexlr.mp4,0.9843950867652893
tcsvwqybes.mp4,0.8314541578292847
tcthryshxe.mp4,0.5967819094657898
tctowpuweb.mp4,0.6684913635253906
tcuafsexvn.mp4,0.47505703568458557
tcvltppkps.mp4,0.9732917547225952
tcwhwssdnv.mp4,0.04798834025859833
tcwuysqwav.mp4,0.9854475259780884
tcwwdvkcrg.mp4,0.8234490156173706
tcwyxrvdpe.mp4,0.06176605820655823
tcxbfjtdkp.mp4,0.8392108678817749
tcxuahxiho.mp4,0.9274961352348328
tcxzhmlony.mp4,0.906477153301239
tcychsyltm.mp4,0.03161599487066269
tcykppgtjg.mp4,0.0969812422990799
tczoejbcza.mp4,0.8847474455833435
tdahgbtenl.mp4,0.39953848719596863
tdakbtkudn.mp4,0.9505373239517212
tdalkowcza.mp4,0.8396773338317871
tdasoyknaq.mp4,0.21828952431678772
tdatdohgji.mp4,0.4438638687133789
tdctqkptov.mp4,0.4991912543773651
tddmodqmse.mp4,0.8487398028373718
tddutikadt.mp4,0.3240755796432495
tdefnlqmvn.mp4,0.9891204833984375
tdfeprqwjw.mp4,0.6693981885910034
tdfpfdlavl.mp4,0.8903607130050659
tdgbgdtbcg.mp4,0.8421984910964966
tdgktlbblz.mp4,0.8452794551849365
tdgmgoaxxp.mp4,0.8833137154579163
tdhkvlavhr.mp4,0.0559067577123642
tdhrfgmeje.mp4,0.8128153681755066
tdiqexdmty.mp4,0.9125328063964844
tdjkglamco.mp4,0.95597243309021
tdjxvtjlox.mp4,0.9428513646125793
tdknsiihhe.mp4,0.6676995158195496
tdkufbnrgy.mp4,0.3544533848762512
tdkywbcgnk.mp4,0.9575188159942627
tdlzglwrpb.mp4,0.9106938242912292
tdmiovbpwa.mp4,0.9819692373275757
tdmlkhupqc.mp4,0.8903716802597046
tdmuayoqzu.mp4,0.10994598269462585
tdmyjvptzv.mp4,0.915909469127655
tdmzhfsvty.mp4,0.7850512862205505
tdmzwkhpha.mp4,0.985700786113739
tdnezvbjpd.mp4,0.8238000273704529
tdnlwffywn.mp4,0.9533302187919617
tdnwkwomgs.mp4,0.8926607370376587
tdpxawxzll.mp4,0.8901809453964233
tdqmvqupgs.mp4,0.8405117392539978
tdroxiiqcu.mp4,0.8733012080192566
tdrraoezra.mp4,0.036141373217105865
tdsczpygqq.mp4,0.6411638259887695
tdshyxifhx.mp4,0.8313921093940735
tdsyddjkgu.mp4,0.9896323680877686
tdtgsaspxk.mp4,0.06700477749109268
tdtveiyyfs.mp4,0.6700084805488586
tdutibbied.mp4,0.9419458508491516
tdvtkdcwwg.mp4,0.8074004054069519
tdwheeczve.mp4,0.7218864560127258
tdwmarckcn.mp4,0.3570261001586914
tdxetyllcj.mp4,0.938937783241272
tdxhbefjky.mp4,0.8657145500183105
tdyihpfdba.mp4,0.9037154316902161
tdzigpfhzf.mp4,0.5775846838951111
tdzsgrdneg.mp4,0.07533638924360275
tdzwjjnqzl.mp4,0.13697829842567444
teawobmgqy.mp4,0.986229419708252
tebattlfrp.mp4,0.9297486543655396
tebbjilzmb.mp4,0.73395836353302
teblnhhyir.mp4,0.9405191540718079
tebrwhkckg.mp4,0.797005832195282
tecgrspzjb.mp4,0.9035791158676147
tecrulzonc.mp4,0.9335728287696838
tecvfjzers.mp4,0.2244090735912323
tedgsjuecs.mp4,0.9577063918113708
tedwxoqtxk.mp4,0.6783558130264282
tedztempns.mp4,0.9390714764595032
teeqojzbxq.mp4,0.9746302366256714
teerjkkneb.mp4,0.03431428596377373
teffiqocch.mp4,0.7873730659484863
tegagsjkub.mp4,0.9688915610313416
tegpkzcxcj.mp4,0.8788405060768127
tehioveyjl.mp4,0.5854510068893433
tehzmpadre.mp4,0.46510255336761475
teihmxslwz.mp4,0.8126181960105896
teiwamzqsl.mp4,0.6918339133262634
teiysliahp.mp4,0.6938803791999817
tejvwdmylq.mp4,0.915433943271637
tekkprdnas.mp4,0.8615978360176086
tektnsvmkf.mp4,0.9022142887115479
telhwxhfvz.mp4,0.8857377767562866
telpqfxjnz.mp4,0.8812919855117798
temrdtxzgo.mp4,0.9715362787246704
tenetlqiwg.mp4,0.46275731921195984
tenfyxwvms.mp4,0.9240037202835083
tenofxnuww.mp4,0.9819945693016052
tenvpttihf.mp4,0.9733134508132935
teoqafxonh.mp4,0.845541775226593
teosxnspck.mp4,0.8818587064743042
tepxybfdas.mp4,0.9469705820083618
teqqkfnyxf.mp4,0.909984827041626
teqtxbuuvq.mp4,0.7006837129592896
teqtxtbzkn.mp4,0.912451982498169
terdojzqpc.mp4,0.9089213013648987
terfjrpehg.mp4,0.11633621156215668
tergpjcdbq.mp4,0.42478302121162415
terpscrqhy.mp4,0.528777003288269
tesktkddpk.mp4,0.9710074663162231
tespazgblv.mp4,0.15191155672073364
tesxxazgrc.mp4,0.25678932666778564
tetaptwulo.mp4,0.8093805313110352
tetcmnvwah.mp4,0.9130489230155945
tetjtnqxfq.mp4,0.821553647518158
tetssskfkx.mp4,0.09148003160953522
tetybxirys.mp4,0.893867552280426
teulinjcdd.mp4,0.8396317362785339
teuwvkvnzg.mp4,0.9769830703735352
tevefbheon.mp4,0.9391992688179016
tevixrowti.mp4,0.11859654635190964
tevneuhohv.mp4,0.9733996987342834
tewxrlxaim.mp4,0.7611504197120667
texnarygjk.mp4,0.5402175784111023
texuagukbg.mp4,0.8996826410293579
tfbgohkzzz.mp4,0.14403025805950165
tfceaqvefa.mp4,0.5132598876953125
tfcibjtfhs.mp4,0.9276765584945679
tfcsdfdsgq.mp4,0.6367359161376953
tfdtzsmmok.mp4,0.709372341632843
tfeguxahut.mp4,0.8976028561592102
tfevairenr.mp4,0.9260526299476624
tfezuwyrbh.mp4,0.8783572912216187
tffeskkazq.mp4,0.8605551719665527
tffoedqaxq.mp4,0.9266265630722046
tffpdgvdko.mp4,0.746425211429596
tffuqbqshe.mp4,0.4435831904411316
tfgowstawg.mp4,0.9352661967277527
tfgrohwcbq.mp4,0.09350000321865082
tfhrnoapsg.mp4,0.055028267204761505
tfhzvfpqzg.mp4,0.7422710061073303
tfifxsnqyo.mp4,0.9472400546073914
tfimzhkhfr.mp4,0.8766151666641235
tfiyuzgwqw.mp4,0.9211047887802124
tfjuxlncqx.mp4,0.21358506381511688
tfkhefgiqw.mp4,0.9574127793312073
tfkjujxssl.mp4,0.12335076183080673
tfknwgmsnd.mp4,0.8205203413963318
tfkrpxgipy.mp4,0.9898382425308228
tfmbfmwwyb.mp4,0.5733200311660767
tfnitflqff.mp4,0.3383270502090454
tfntoycadg.mp4,0.8742724061012268
tfnuiwjlxd.mp4,0.7056775689125061
tfosakjvyu.mp4,0.917894721031189
tfphynshks.mp4,0.9619530439376831
tfpsnwsdgo.mp4,0.04844462126493454
tfqbmnfdtm.mp4,0.9497618079185486
tfrkyaosws.mp4,0.8688561320304871
tfrmveqota.mp4,0.8657928705215454
tfrquxdoxy.mp4,0.4559633731842041
tfsbglocei.mp4,0.9494103193283081
tfskkxxpfl.mp4,0.9088190793991089
tfstrtpqgr.mp4,0.9050966501235962
tftevdpqob.mp4,0.8806374669075012
tfuevrpfbb.mp4,0.5682090520858765
tfvdgxheph.mp4,0.9175495505332947
tfvgejoqwt.mp4,0.9274674654006958
tfvpheeyyq.mp4,0.9277880191802979
tfvuuqqlkp.mp4,0.9320136904716492
tfwdbkwvgz.mp4,0.10161029547452927
tfwgohpnlv.mp4,0.896543025970459
tfwguyebqt.mp4,0.0670410543680191
tfwojzhzsr.mp4,0.9614176154136658
tfxdjbczua.mp4,0.08739301562309265
tfxkhcttdz.mp4,0.07953829318284988
tfxmcthwmd.mp4,0.9374995827674866
tfyefacxnu.mp4,0.9466606378555298
tfyfppivdw.mp4,0.4420895576477051
tgatardsah.mp4,0.5594525933265686
tgbdepcnzc.mp4,0.6895509362220764
tgbjtksars.mp4,0.8454017639160156
tgbxaqrsxp.mp4,0.22424085438251495
tgccbkmgxr.mp4,0.7040732502937317
tgdmlshtgn.mp4,0.9487593770027161
tgdphqvvnb.mp4,0.8191912174224854
tgdvnjxqiq.mp4,0.0840354636311531
tgdwaawqyu.mp4,0.9431804418563843
tgeqlltfiy.mp4,0.9889270067214966
tgfqhupkvy.mp4,0.9155564308166504
tgfrvltqgb.mp4,0.08522458374500275
tgglcwjxez.mp4,0.4018879532814026
tggyqzqwpg.mp4,0.1570863425731659
tggzienvlz.mp4,0.2606486976146698
tghrnzeomv.mp4,0.9441525340080261
tgjeihxolq.mp4,0.08509314805269241
tgkjhdyxww.mp4,0.9451050758361816
tglgmfwwus.mp4,0.9417328238487244
tglxshkgjx.mp4,0.9402652978897095
tgmbhvxfik.mp4,0.8543436527252197
tgmqfzsznf.mp4,0.059922538697719574
tgmsusdydi.mp4,0.9065625071525574
tgmvreobsz.mp4,0.9621832966804504
tgncpfpqop.mp4,0.8734106421470642
tgnuyyuzay.mp4,0.9216713905334473
tgnvfnpdcp.mp4,0.8736202120780945
tgnynnlgym.mp4,0.530315101146698
tgobqutmvi.mp4,0.141521155834198
tgpqkhbvhz.mp4,0.8398926258087158
tgpuqooahy.mp4,0.9386299252510071
tgshggdnzq.mp4,0.5304286479949951
tgshlaaskm.mp4,0.9503433704376221
tgsnckjmjb.mp4,0.2010621577501297
tgtilqdelb.mp4,0.18341509997844696
tgtlaidaij.mp4,0.94770348072052
tguafotcqk.mp4,0.9764565229415894
tgubqgefyz.mp4,0.056357212364673615
tguhkxelik.mp4,0.9736075401306152
tgumgzbpql.mp4,0.8856005072593689
tguxjwlqiu.mp4,0.9359928369522095
tgvsnyronj.mp4,0.8684402704238892
tgwjmhotdf.mp4,0.07911471277475357
tgwncsjkyr.mp4,0.9382641315460205
tgwpcoljin.mp4,0.07629072666168213
tgxnsbwlcm.mp4,0.8365138173103333
tgxpotsudo.mp4,0.050925254821777344
tgxryxiyay.mp4,0.9589765071868896
tgyfipzczb.mp4,0.10052275657653809
tgyqwaclzv.mp4,0.8999451994895935
tgzcwemgsn.mp4,0.4757440388202667
tgzjeolcta.mp4,0.8289604783058167
tgzscowxdm.mp4,0.8742153644561768
tgzyaxustu.mp4,0.08158428221940994
thbcyriycr.mp4,0.9276949763298035
thbpurlwnf.mp4,0.6431907415390015
thdhkgjztp.mp4,0.9900002479553223
thdpnshbmm.mp4,0.9184514880180359
thdpsjnzjr.mp4,0.6444558501243591
thehtluqor.mp4,0.9761629700660706
thfjhumgbp.mp4,0.517815887928009
thfoujygtn.mp4,0.9080079793930054
thgdukjjbc.mp4,0.1274816244840622
thhdwkbsya.mp4,0.9253403544425964
thhfbcekyp.mp4,0.93905109167099
thhnijsuoy.mp4,0.125892773270607
thiciviobx.mp4,0.8348314166069031
thigerzepj.mp4,0.9173758029937744
thiudmdydz.mp4,0.9582010507583618
thiwfkrjae.mp4,0.9242148399353027
thjfoawfgz.mp4,0.931113600730896
thjugpbwcv.mp4,0.2836826741695404
thkdzpjesm.mp4,0.36988192796707153
thkennrhfz.mp4,0.9535893201828003
thlgymarlx.mp4,0.9263086915016174
thluuropvl.mp4,0.9238477945327759
thlzaujkbk.mp4,0.07963373512029648
thlzutaroj.mp4,0.8511948585510254
thmvnybdje.mp4,0.36162978410720825
thmzcnvwbn.mp4,0.9068638682365417
thnehpctli.mp4,0.8392133116722107
thnflydbas.mp4,0.856002926826477
thngpalfbb.mp4,0.12283498048782349
thnjlpwbte.mp4,0.8132303953170776
thnvuwfgaw.mp4,0.15367567539215088
thnywrwayf.mp4,0.9595194458961487
thodjevvjy.mp4,0.05359373986721039
tholihuyvc.mp4,0.9572997689247131
thomfdglym.mp4,0.7189828753471375
thoutipzpm.mp4,0.5949895977973938
thpjwmvayl.mp4,0.07673041522502899
thrdjkzvcg.mp4,0.8913851976394653
thrscnnsws.mp4,0.9500755667686462
thrwnbldwv.mp4,0.9516422748565674
thscnjkqdk.mp4,0.2972031533718109
thubwixidp.mp4,0.9522054195404053
thumialdgv.mp4,0.9468454122543335
thuqxmuhib.mp4,0.9879525303840637
thuzabuggs.mp4,0.867512583732605
thwdckrmkm.mp4,0.20663054287433624
thwftysuwz.mp4,0.9165830612182617
thyhbnqitj.mp4,0.9200717806816101
thylhxljlh.mp4,0.9848857522010803
thypmfwbbk.mp4,0.06285970658063889
thzhsmszle.mp4,0.04460941255092621
thzpzzrfzt.mp4,0.8835005760192871
tiaatozsiv.mp4,0.5777284502983093
tiacxnwmle.mp4,0.9776667356491089
tibcdluugm.mp4,0.8929405808448792
tibqizvosh.mp4,0.9498894810676575
ticavyanwu.mp4,0.9477141499519348
ticjmleyoz.mp4,0.9642500877380371
ticjnwfzmb.mp4,0.09590229392051697
ticpxguaeh.mp4,0.9378652572631836
tidvyvpsyk.mp4,0.9864880442619324
tidymxhejr.mp4,0.9274316430091858
tieigjtpaq.mp4,0.9762071967124939
tienmuhffw.mp4,0.5623593330383301
tiewzptsfi.mp4,0.7217815518379211
tigpnyqrcj.mp4,0.9212138652801514
tigrqefect.mp4,0.9010534286499023
tihatezxmw.mp4,0.9182544946670532
tihbjbojbf.mp4,0.3659997582435608
tihcdjinxj.mp4,0.042757485061883926
tihgxlmfcj.mp4,0.049169089645147324
tiibmzthaq.mp4,0.9721836447715759
tiidnvaqax.mp4,0.9750764966011047
tiiiyglzkz.mp4,0.9152987003326416
tijqcwetii.mp4,0.9739859700202942
tilhfrpkgb.mp4,0.8171090483665466
tiluljwptt.mp4,0.1961832046508789
timeyvktbt.mp4,0.9137315154075623
timwuzokks.mp4,0.83883136510849
tinbwdmmlh.mp4,0.9483335018157959
tinydluywq.mp4,0.9525155425071716
tiofbsmhhz.mp4,0.09401921927928925
tiphfpmdfv.mp4,0.9197496175765991
tipncxzpeb.mp4,0.717188835144043
tipzfawsdj.mp4,0.9182575345039368
tiqieyohsm.mp4,0.9013046026229858
tirjsoiyne.mp4,0.8959471583366394
tirwgtjajt.mp4,0.9272369742393494
tisirplzzo.mp4,0.5876672863960266
titjbmfwzl.mp4,0.6583672761917114
titljuwzlf.mp4,0.7906494140625
titmmjeogu.mp4,0.8959194421768188
tiugxrlamh.mp4,0.8961705565452576
tiwddyinoj.mp4,0.9346483945846558
tiwqjqaclx.mp4,0.9313803315162659
tiwvgmuvnq.mp4,0.8074740767478943
tiwwduuhpa.mp4,0.8936347961425781
tixrviqupu.mp4,0.7281864285469055
tixvsvgxaq.mp4,0.9457074403762817
tiyauksfos.mp4,0.983853816986084
tiyulgywmb.mp4,0.4436458349227905
tiyxrljqrm.mp4,0.8615827560424805
tizglmxtyw.mp4,0.8714009523391724
tjahyhforn.mp4,0.8563974499702454
tjaipfsjpq.mp4,0.5056036114692688
tjakcacjok.mp4,0.12056531012058258
tjbcivkwta.mp4,0.962884247303009
tjcctwqdzu.mp4,0.5836552977561951
tjckidsjfm.mp4,0.8730508685112
tjcnczgdni.mp4,0.45987898111343384
tjcovoruiy.mp4,0.8617897033691406
tjdvvlhdpq.mp4,0.9065022468566895
tjeoezbhzb.mp4,0.7234370708465576
tjeyrzuutd.mp4,0.9663441181182861
tjffaohwru.mp4,0.8866362571716309
tjfqfpsvgx.mp4,0.9113696813583374
tjgjfhzvqh.mp4,0.6266440153121948
tjgjttqiok.mp4,0.9733186364173889
tjgjzurayi.mp4,0.6641901135444641
tjhnmnhrhm.mp4,0.7903148531913757
tjhzgrwfqu.mp4,0.9084883332252502
tjijyivqji.mp4,0.9312601089477539
tjimpfdnta.mp4,0.8975415825843811
tjioyscshr.mp4,0.8170092701911926
tjjbchgfgp.mp4,0.8154688477516174
tjjblctjfx.mp4,0.0557030625641346
tjjiejdbgx.mp4,0.21046540141105652
tjjjtkqrfz.mp4,0.959308385848999
tjjzuotxny.mp4,0.9318783283233643
tjkbgkuupe.mp4,0.9586971402168274
tjkldszijv.mp4,0.6862204670906067
tjkpazonti.mp4,0.800603449344635
tjkxdsvhtn.mp4,0.9283248782157898
tjldzakzpk.mp4,0.9133513569831848
tjlmkaxsxp.mp4,0.8718504309654236
tjlrvidbxw.mp4,0.878850519657135
tjlvyydprd.mp4,0.9759290814399719
tjmaadclla.mp4,0.9407777786254883
tjmjjbucuc.mp4,0.9745168685913086
tjmvfygfoc.mp4,0.8999401330947876
tjnkvikkpv.mp4,0.5670850276947021
tjnlcylcoe.mp4,0.06757275015115738
tjohfabohy.mp4,0.926730215549469
tjpqsayhgq.mp4,0.8264687061309814
tjprllvjkl.mp4,0.9310614466667175
tjpvhgsjxt.mp4,0.9897542595863342
tjrbfcehzg.mp4,0.9821197986602783
tjsaerauij.mp4,0.9006986021995544
tjsndnmeco.mp4,0.9075709581375122
tjsosawkmq.mp4,0.9193281531333923
tjtedxfyhc.mp4,0.9180963039398193
tjtjzhwfjp.mp4,0.7676953077316284
tjuflztium.mp4,0.9642571806907654
tjuwinphzn.mp4,0.9728398323059082
tjvzanqulh.mp4,0.7844926714897156
tjvzjpyrfz.mp4,0.9429612159729004
tjwdnagiqh.mp4,0.9638971090316772
tjwpcbaehz.mp4,0.6730241775512695
tjwqlokmpf.mp4,0.9011958241462708
tjxsvrqlka.mp4,0.8847708702087402
tjycbocbwa.mp4,0.8924660086631775
tjymgkuijg.mp4,0.983782172203064
tjyuudtkme.mp4,0.08485677093267441
tjzkzoslxc.mp4,0.6676154732704163
tjzyonelqc.mp4,0.8586679697036743
tkaithblic.mp4,0.963315486907959
tkakcsqqyv.mp4,0.5247343182563782
tkauikwgbs.mp4,0.9482842087745667
tkaxsaterw.mp4,0.847018837928772
tkaybnjwhg.mp4,0.9546868801116943
tkbbhoknpf.mp4,0.6429328322410583
tkbdkceeug.mp4,0.17242036759853363
tkcthfzrqa.mp4,0.08600170910358429
tkcwbxfroj.mp4,0.9345185160636902
tkdficpqyr.mp4,0.872424304485321
tkdmuzzpbn.mp4,0.89009028673172
tkdtonbpsd.mp4,0.047602344304323196
tkeicxruuf.mp4,0.20213717222213745
tkejctiioh.mp4,0.352863073348999
tkfgoklkww.mp4,0.1941882222890854
tkfgrkrbks.mp4,0.8063507080078125
tkfptgeuyy.mp4,0.9202691316604614
tkgbjtcxyl.mp4,0.8638332486152649
tkgukulixj.mp4,0.2666782736778259
tkhhlzmdaf.mp4,0.959094762802124
tkhydmjnyq.mp4,0.11335963010787964
tkhzovatiu.mp4,0.624939501285553
tkijogebio.mp4,0.9281190633773804
tkiktkqbxg.mp4,0.2138567566871643
tkjkbcpisg.mp4,0.6327211856842041
tkkpzptjrz.mp4,0.07700333744287491
tkkqofqtsd.mp4,0.9445521235466003
tkkvtispnh.mp4,0.8885634541511536
tkldxtsuya.mp4,0.06162405014038086
tkllmcerhz.mp4,0.9800225496292114
tklxusbjpt.mp4,0.90985107421875
tkmbufybhs.mp4,0.6517094969749451
tknitojdwb.mp4,0.8900921940803528
tknpxhxidq.mp4,0.8900746703147888
tkoxrtmcoy.mp4,0.607715904712677
tkozmpfutn.mp4,0.317511647939682
tkplsqobra.mp4,0.18640989065170288
tkpqyqmtgk.mp4,0.874849259853363
tkpykqxedq.mp4,0.9105907678604126
tkqergsqqw.mp4,0.8564295768737793
tkqmsrgjgp.mp4,0.9181396961212158
tkqozrpqsr.mp4,0.6066349148750305
tkqqrbkngb.mp4,0.91336590051651
tkqrrhksya.mp4,0.861911952495575
tkrksosymh.mp4,0.04895372688770294
tkrworlkkq.mp4,0.5207539200782776
tksnplchfd.mp4,0.9523242115974426
tkstcnzimo.mp4,0.7403339743614197
tktitjrdsu.mp4,0.9414837956428528
tktlbalbag.mp4,0.7801966071128845
tktvlncybw.mp4,0.9259541630744934
tktynuruzc.mp4,0.9611564874649048
tkvlargohf.mp4,0.8332135677337646
tkvnkezsqq.mp4,0.9338960647583008
tkvpbgiiva.mp4,0.6322261095046997
tkwingrnrn.mp4,0.9190375804901123
tkxblcleyd.mp4,0.17128439247608185
tkxdnlvyzw.mp4,0.8790784478187561
tkxnrnsitp.mp4,0.7133042812347412
tkxrrgkgmo.mp4,0.8854882717132568
tkygmnaifp.mp4,0.7006778717041016
tkzbljeboq.mp4,0.884309709072113
tkzhajldax.mp4,0.26919806003570557
tkzxqyoiue.mp4,0.871423065662384
tlasuabguz.mp4,0.8973675966262817
tlbyzmdejy.mp4,0.9245202541351318
tldekrvqhs.mp4,0.8839377760887146
tldnpwxdxw.mp4,0.31546780467033386
tlhoxbeehz.mp4,0.3386481702327728
tlhttqvjxa.mp4,0.19283168017864227
tlkdwclwsq.mp4,0.05988656356930733
tlkynujfqr.mp4,0.9404416680335999
tlkyzhqnwf.mp4,0.7776828408241272
tlmhfrpnmz.mp4,0.9458696246147156
tlmhxzgnfc.mp4,0.09120424091815948
tlnpnxtbqu.mp4,0.8453527092933655
tlnuxwsnrh.mp4,0.9412768483161926
tlogreulov.mp4,0.8867657780647278
tloowiyedz.mp4,0.9502033591270447
tlpmkrjfoe.mp4,0.6637037992477417
tlqfwajlot.mp4,0.6391443014144897
tlqigrtcnz.mp4,0.6798136830329895
tlqsngfust.mp4,0.1833563596010208
tlrhhressm.mp4,0.8772662281990051
tlsmzutdvy.mp4,0.9782960414886475
tlsoagxovk.mp4,0.38567665219306946
tltfrzoyio.mp4,0.894493579864502
tltwgtjupw.mp4,0.37316760420799255
tltydwaogq.mp4,0.9087635278701782
tltyusajlj.mp4,0.8861381411552429
tluuhsbvta.mp4,0.9029136896133423
tluzxvwbrb.mp4,0.938407838344574
tlvkzntvto.mp4,0.7176755666732788
tlvotdrkfa.mp4,0.9320644736289978
tlvzteofzw.mp4,0.4973430335521698
tlvzwceawu.mp4,0.989295244216919
tlwfjlqtzo.mp4,0.9068241119384766
tlxgwzheli.mp4,0.1684645265340805
tlzaxoslci.mp4,0.9322838187217712
tlzazugfnm.mp4,0.9874244928359985
tlzordotqw.mp4,0.17039455473423004
tlzukjppsl.mp4,0.8871532082557678
tmaxjkfgnc.mp4,0.9323908686637878
tmbjwevprb.mp4,0.9105727076530457
tmbkyxtzrn.mp4,0.34343674778938293
tmddpwraco.mp4,0.6537888646125793
tmdnbdlobz.mp4,0.815438985824585
tmdsctfqyi.mp4,0.9519051313400269
tmefslcfod.mp4,0.5991658568382263
tmepwrldlk.mp4,0.8906511068344116
tmfcuimhqe.mp4,0.9584598541259766
tmfschpvyo.mp4,0.09375421702861786
tmfvbrktwj.mp4,0.9654631614685059
tmfvsxrxnk.mp4,0.9384557604789734
tmgdrjjalz.mp4,0.9624919891357422
tmgmbnzrrz.mp4,0.11680442839860916
tmgtoheynj.mp4,0.8690177798271179
tmgxdytvqm.mp4,0.9204524159431458
tmhbfupaiu.mp4,0.34700894355773926
tmhnjscqou.mp4,0.8400915265083313
tmhvwyjjou.mp4,0.9500408172607422
tmiafnveuk.mp4,0.9448710083961487
tmihgwwbia.mp4,0.8783807754516602
tmkmabjsix.mp4,0.9408403635025024
tmkszgtymf.mp4,0.9458779096603394
tmktocmjsz.mp4,0.8453620076179504
tmmakbzbqw.mp4,0.8018203973770142
tmmjeiysan.mp4,0.13828545808792114
tmnqlzvuxo.mp4,0.7773814797401428
tmodfqaizl.mp4,0.16359011828899384
tmoocljjtx.mp4,0.05997437611222267
tmowslyblf.mp4,0.9182144403457642
tmptblijnb.mp4,0.9837446212768555
tmpzveqsou.mp4,0.04612433537840843
tmqdjzeblu.mp4,0.5265396237373352
tmqiddrjil.mp4,0.8542748093605042
tmqjqhiqfi.mp4,0.9851030111312866
tmrdfiljrk.mp4,0.9564720392227173
tmrfqhjiwd.mp4,0.11680512875318527
tmruxcnrhn.mp4,0.8264002203941345
tmsmicganv.mp4,0.9527790546417236
tmsvonxpnz.mp4,0.882752001285553
tmtalkfxuu.mp4,0.9847433567047119
tmtfovkvfb.mp4,0.9462869167327881
tmtmecuvho.mp4,0.8042997121810913
tmtoypmqwt.mp4,0.060939330607652664
tmuecenxah.mp4,0.9445492029190063
tmughcavoo.mp4,0.051778972148895264
tmuysfibsq.mp4,0.9007097482681274
tmvocpxkqu.mp4,0.8544628620147705
tmvqmdzyln.mp4,0.3027516007423401
tmvzwabeun.mp4,0.5620688796043396
tmwarctiim.mp4,0.9483104944229126
tmwaynxgyc.mp4,0.9559722542762756
tmwgrforma.mp4,0.6684299111366272
tmxdrhjrix.mp4,0.9392037987709045
tmxryudjcy.mp4,0.042329419404268265
tmyjpyhogx.mp4,0.9408722519874573
tmywsxixwd.mp4,0.06639385968446732
tmyzzxmhip.mp4,0.902506947517395
tmzcvtlrae.mp4,0.9276273846626282
tmzfczmlsr.mp4,0.4900071620941162
tmzkhlbwyh.mp4,0.9481852650642395
tnacrktmoc.mp4,0.911456286907196
tnaeehpcnb.mp4,0.9605447053909302
tnafseauhv.mp4,0.7820643186569214
tnanzxfyik.mp4,0.8862937092781067
tnbongyrve.mp4,0.05332929641008377
tncpuhxtic.mp4,0.9080773591995239
tncqrbwumb.mp4,0.9342239499092102
tncyfgrahd.mp4,0.9611337184906006
tndcrdrcde.mp4,0.8324674367904663
tndnhmfswg.mp4,0.9609845876693726
tndudimvjx.mp4,0.090372733771801
tneakfgnzj.mp4,0.87974613904953
tnetytnegv.mp4,0.06539195030927658
tngeakdmrf.mp4,0.8989308476448059
tnggazmfhc.mp4,0.2511839270591736
tngkmevcot.mp4,0.7349705100059509
tnguddazae.mp4,0.35638880729675293
tngyzdnwyu.mp4,0.7326764464378357
tngzrrpncl.mp4,0.6920919418334961
tnilmodraj.mp4,0.8683409690856934
tnkmovifrb.mp4,0.4584059417247772
tnktchngfa.mp4,0.8894920945167542
tnllrflsez.mp4,0.9570139050483704
tnmjwnwhnz.mp4,0.8822939395904541
tnmmihprvw.mp4,0.1874089539051056
tnmolkboei.mp4,0.18125954270362854
tnmuokilgt.mp4,0.20829954743385315
tnnawsjmhb.mp4,0.948539137840271
tnnjexhjay.mp4,0.7835574746131897
tnoqgdnpdz.mp4,0.8778310418128967
tnoqjyqtbw.mp4,0.4432227611541748
tnoraqksrz.mp4,0.9382010102272034
tnoubmcodq.mp4,0.9427634477615356
tnpczxignn.mp4,0.9423888921737671
tnpetaxalw.mp4,0.602642297744751
tnpwvkcdyv.mp4,0.7731226682662964
tnqmmhqzbi.mp4,0.3217258155345917
tnqqzpebqc.mp4,0.8950402140617371
tnqvokgiym.mp4,0.9021286368370056
tnrcyxvdqs.mp4,0.94800865650177
tnrdnomwxx.mp4,0.3693529963493347
tnrjilxomb.mp4,0.6313707828521729
tnrntugxdo.mp4,0.6016014814376831
tnrvfrjpfa.mp4,0.8206547498703003
tnrxvsvaak.mp4,0.9541056156158447
tntgawrlwl.mp4,0.47900259494781494
tntlxehwfv.mp4,0.9310238361358643
tntxsmeghn.mp4,0.8300897479057312
tntykiphjw.mp4,0.957568347454071
tnuqsfassf.mp4,0.9021711349487305
tnvabkfjpw.mp4,0.8394361734390259
tnxiykdwwh.mp4,0.7364723682403564
tnxrfejwrt.mp4,0.9669325351715088
tnxxvepdsr.mp4,0.8366230726242065
tobdgusxij.mp4,0.954198956489563
toccypftya.mp4,0.09532469511032104
todmxhamgy.mp4,0.0916476622223854
todrmsqplr.mp4,0.8812413811683655
todweadblm.mp4,0.9355273842811584
toezvafnih.mp4,0.799156665802002
toferwxcvj.mp4,0.973878026008606
tofnqucttl.mp4,0.9417410492897034
tofvcolfpg.mp4,0.7455248832702637
toggbitvfd.mp4,0.8440073132514954
togtvbfjrt.mp4,0.9225291609764099
togyrprqnl.mp4,0.8811240196228027
tohigipsdo.mp4,0.8720191121101379
toiicedekh.mp4,0.884585440158844
toiqsyjwpt.mp4,0.960502564907074
tojojaisaw.mp4,0.09805677086114883
tojoplavae.mp4,0.9558256268501282
tojvnsuila.mp4,0.9627695083618164
tokjqgjbfs.mp4,0.9623375535011292
tokpamhwdj.mp4,0.2934161126613617
tokxnbqgdj.mp4,0.695699155330658
tolfmxowsr.mp4,0.9749818444252014
tolotyowoy.mp4,0.9340003728866577
tolvrmiumn.mp4,0.6971414685249329
tomgjjgdia.mp4,0.8829497694969177
tonpeevxck.mp4,0.23820926249027252
tonppbqxmd.mp4,0.8715387582778931
tonyntkkvq.mp4,0.24039164185523987
toosouurcv.mp4,0.8815187811851501
tootdqyzdc.mp4,0.7997570037841797
topxckuyhd.mp4,0.06770327687263489
toqkidvyxp.mp4,0.8559812903404236
toqmgncqsw.mp4,0.871816873550415
toqsroahdz.mp4,0.05552167817950249
torbdovazx.mp4,0.9097743034362793
torlanoeip.mp4,0.9722986817359924
torqggyeyg.mp4,0.8747767210006714
torskymphz.mp4,0.6092638969421387
torsvjlmtk.mp4,0.9488255977630615
tostmagsiq.mp4,0.8704002499580383
totujkiwgd.mp4,0.9808279275894165
touinthtia.mp4,0.07984630763530731
tousyjnhic.mp4,0.9290264844894409
tovclebrnw.mp4,0.7074843049049377
towgiiqjty.mp4,0.6395971179008484
towijyksqo.mp4,0.9106363654136658
townkrjaub.mp4,0.10685940086841583
townqlsvhu.mp4,0.9229241609573364
toxhdspkmy.mp4,0.9180076718330383
toxsrzsksc.mp4,0.8672230839729309
tozyxrqqfz.mp4,0.9513145089149475
tpbderjkpc.mp4,0.8893299698829651
tpbyccqemm.mp4,0.9291207790374756
tpeiuavlfd.mp4,0.9234330058097839
tpetnotlbj.mp4,0.9205087423324585
tpeuljqyua.mp4,0.953959584236145
tpeyllulxl.mp4,0.41906651854515076
tpezzzvsip.mp4,0.9529757499694824
tpfcwgtsrr.mp4,0.8275608420372009
tpgbpkksxs.mp4,0.288262277841568
tpgcdzyzic.mp4,0.63389652967453
tpgfecmnia.mp4,0.9662845730781555
tphoyfxmpo.mp4,0.8910587430000305
tpiddeudvc.mp4,0.85747891664505
tpifqwnpzj.mp4,0.9230873584747314
tpimxrtuxf.mp4,0.1409982293844223
tpiohdvwyf.mp4,0.3004356026649475
tpipudybft.mp4,0.9314386248588562
tpjqvldpao.mp4,0.8720315098762512
tpjydgkvdt.mp4,0.09331204742193222
tpksbvlosr.mp4,0.854702889919281
tpllvuidve.mp4,0.9456918239593506
tpngcvxqen.mp4,0.9792880415916443
tpnxlnuzsn.mp4,0.7333037257194519
tpohuvtilk.mp4,0.987717866897583
tpragfcvet.mp4,0.9436786770820618
tprjeaqlqe.mp4,0.906514048576355
tprzawmxem.mp4,0.06714050471782684
tptrzibaxl.mp4,0.24571621417999268
tpuaaqksjs.mp4,0.9063700437545776
tpuymkcccq.mp4,0.9361515641212463
tpxkhzhqjk.mp4,0.05334367975592613
tpyiiojxzj.mp4,0.9223470091819763
tpzcpkffia.mp4,0.32619720697402954
tqabzfvspv.mp4,0.7770669460296631
tqaeohwrxx.mp4,0.9400482177734375
tqawydaamw.mp4,0.9802570343017578
tqbpwjicex.mp4,0.9342465400695801
tqcddzwrby.mp4,0.9109858870506287
tqcvwosock.mp4,0.06819454580545425
tqddjtiqzc.mp4,0.5911844372749329
tqdixfliwk.mp4,0.9610224962234497
tqeaflmnhr.mp4,0.9217674732208252
tqfhvnxumz.mp4,0.044680800288915634
tqhwoaaydq.mp4,0.8118864893913269
tqhxvnqfkc.mp4,0.8738718628883362
tqicffjnbl.mp4,0.577957034111023
tqitexxknw.mp4,0.9336552023887634
tqjqiwshyb.mp4,0.8759106993675232
tqjxjwhhlb.mp4,0.46645277738571167
tqjzblvsnk.mp4,0.841541051864624
tqkfdvizsl.mp4,0.8163202404975891
tqkjwiwcbc.mp4,0.6598960757255554
tqkmtqxtwh.mp4,0.9107351899147034
tqkxwtpwpc.mp4,0.8315722346305847
tqlzfqaxci.mp4,0.9608035683631897
tqmhshfxom.mp4,0.9370306134223938
tqmnlkgypb.mp4,0.6139162182807922
tqnpopdflm.mp4,0.6321544647216797
tqnrzvkumn.mp4,0.7469465136528015
tqnytsurko.mp4,0.12359202653169632
tqoblsshku.mp4,0.9759082794189453
tqohkhnjgr.mp4,0.5472107529640198
tqolhfajpr.mp4,0.9648438692092896
tqpgqgxufi.mp4,0.9015952944755554
tqpxjalcgw.mp4,0.8240116238594055
tqriwfsqnm.mp4,0.8971540331840515
tqrizlvlgd.mp4,0.7434529662132263
tqrjmasczr.mp4,0.45655766129493713
tqsbfvillb.mp4,0.8761940598487854
tqsirljhpd.mp4,0.9089236259460449
tqtatnepzi.mp4,0.8873368501663208
tqtrbwrjwg.mp4,0.8575870394706726
tqttmlubzr.mp4,0.44244977831840515
tqtushrgev.mp4,0.8507189154624939
tqunzyxiwd.mp4,0.9234262108802795
tquojygjmf.mp4,0.9386844038963318
tqvgtimyiu.mp4,0.9214457273483276
tqvqaxdatc.mp4,0.16509462893009186
tqvtvuvuoz.mp4,0.8847329616546631
tqvubheeue.mp4,0.0577898770570755
tqwpnyunye.mp4,0.9312569499015808
tqxmhyrglp.mp4,0.6348920464515686
tqxmxvofpt.mp4,0.7753170132637024
tqxrfjvcdw.mp4,0.07080718874931335
tqymjlgdsf.mp4,0.8003804087638855
tqyveduvez.mp4,0.9393698573112488
tqzgzujrij.mp4,0.3402004837989807
tqzmwyzfxe.mp4,0.8255086541175842
tradwugucx.mp4,0.9638814330101013
trbaxqmbrj.mp4,0.9376273155212402
trbflipdvl.mp4,0.9298274517059326
trbfvzvpgo.mp4,0.9126505851745605
trbofhwxqn.mp4,0.7149562239646912
trbxbafikz.mp4,0.9894588589668274
trbzvrewvx.mp4,0.1591297686100006
trcmcqzilk.mp4,0.18294565379619598
trczberdjl.mp4,0.8910855054855347
trdeyteyky.mp4,0.8095576763153076
trdmmncyhp.mp4,0.9350576400756836
trecjopqxv.mp4,0.8525093197822571
treklubxvy.mp4,0.10317835956811905
treocxijvi.mp4,0.8103030323982239
trerignfto.mp4,0.7927759289741516
trfddvqdid.mp4,0.9471254348754883
trgfnzdvdu.mp4,0.9667924046516418
trginvkaom.mp4,0.757840096950531
trgixtifng.mp4,0.4871954321861267
trhpvvybkf.mp4,0.8435699939727783
trhuvltfko.mp4,0.9031741619110107
trhygiyufe.mp4,0.8267324566841125
trihrpvpir.mp4,0.9078733325004578
triirhugvj.mp4,0.7571012377738953
trimxjevrn.mp4,0.12890124320983887
trisvgyxtn.mp4,0.8800305724143982
triwebzkhc.mp4,0.9238947629928589
trkkrhirav.mp4,0.9375023245811462
trkmqwysym.mp4,0.9641056060791016
trkzaxcjdq.mp4,0.159022256731987
trlsaggttc.mp4,0.17048004269599915
trltdpitif.mp4,0.9837015867233276
trmalppcgd.mp4,0.9383410215377808
trmrimvmfc.mp4,0.4253894090652466
trmviebthh.mp4,0.5
trmviskqet.mp4,0.9172174334526062
trndgdtwte.mp4,0.9710991382598877
trnznvybjo.mp4,0.7683331370353699
trolxesysi.mp4,0.1260320395231247
trpujbpppb.mp4,0.9604130387306213
trpvqatyjq.mp4,0.9643804430961609
trpxkgffug.mp4,0.6555731892585754
trpyxikerg.mp4,0.9840006828308105
trqrbkihfm.mp4,0.685621976852417
trqwyehsmg.mp4,0.7585766315460205
trrenlxfwz.mp4,0.9654719829559326
trsomgqkyu.mp4,0.9718795418739319
trspwbjkkp.mp4,0.9721498489379883
trtlxaiklz.mp4,0.8336544036865234
trtrgmaieb.mp4,0.8900418281555176
trtwtgnsii.mp4,0.9861923456192017
trtxfafvta.mp4,0.11145401000976562
truremwrti.mp4,0.958560585975647
trvmsmpdcb.mp4,0.8925114274024963
trvnfzxofg.mp4,0.8727964162826538
trvqryiuqr.mp4,0.07186102867126465
trxnelqpyr.mp4,0.895624577999115
trxnflrfwu.mp4,0.989753246307373
trxunwqklo.mp4,0.9713481068611145
trxvyohffm.mp4,0.928976833820343
trzdsncewk.mp4,0.5793556571006775
tsajvpfjdk.mp4,0.9699181318283081
tsakdikwxd.mp4,0.8762367367744446
tsalzbhvze.mp4,0.9016250371932983
tsbaaxtcby.mp4,0.834074854850769
tsbczzhory.mp4,0.027155283838510513
tsbjjiafmc.mp4,0.7277807593345642
tsbsvwxfye.mp4,0.09549800306558609
tscucodjsf.mp4,0.7871920466423035
tsdyxxkswk.mp4,0.9026809930801392
tsdznnygdu.mp4,0.08565821498632431
tsemmqvtch.mp4,0.0960710197687149
tseoopukua.mp4,0.7694108486175537
tsevwssfmm.mp4,0.693865954875946
tsfjumuayd.mp4,0.8981862664222717
tsfoxavpig.mp4,0.9629660248756409
tsgbactcqh.mp4,0.6410821080207825
tsgcssoqur.mp4,0.08802098035812378
tsgrfwkrpq.mp4,0.870833694934845
tshzrrgznx.mp4,0.9159020781517029
tsidhveryz.mp4,0.7105038166046143
tsiybxecpy.mp4,0.895522952079773
tskjnnvjsa.mp4,0.07396052777767181
tslmzdlrwt.mp4,0.280365914106369
tslqtmoybi.mp4,0.889708399772644
tslvvfelkq.mp4,0.6293857097625732
tsoqqcbsmx.mp4,0.8078657388687134
tsphyuydjj.mp4,0.8966099619865417
tsqacaahpj.mp4,0.46048033237457275
tsquvmborq.mp4,0.6371285915374756
tsrhomotnw.mp4,0.7048510909080505
tsrturndzh.mp4,0.14632196724414825
tsssvunxbs.mp4,0.058793410658836365
tssvjchlwe.mp4,0.7506532669067383
tstdqksicl.mp4,0.1775512844324112
tstuuttitb.mp4,0.9202812314033508
tsueokowln.mp4,0.9440329670906067
tsuqgeekdl.mp4,0.9653002023696899
tsuwjokkra.mp4,0.936825156211853
tsvblzbrhz.mp4,0.7104801535606384
tsvivpurjs.mp4,0.6323506832122803
tsvtztuzyv.mp4,0.044597480446100235
tswmtnhfmn.mp4,0.860474705696106
tswxrzbmrg.mp4,0.9133082032203674
tsxdgndtjs.mp4,0.9352437853813171
tsxkpsxzeo.mp4,0.8797245621681213
tsycwnssva.mp4,0.7097826600074768
tsysmawzmi.mp4,0.8326868414878845
tsyterbepz.mp4,0.850365936756134
tsywoxwcyg.mp4,0.9632521867752075
tsyxvaseol.mp4,0.8652943968772888
tsyzjopkwc.mp4,0.33145618438720703
tszlmblfyi.mp4,0.9136928915977478
tszpeiqmlj.mp4,0.8722805380821228
ttaatgafav.mp4,0.9254994988441467
ttarpmofov.mp4,0.4208580255508423
ttaxezvfah.mp4,0.8700696229934692
ttbazvtelg.mp4,0.9205024838447571
ttckjjxzlq.mp4,0.11144611984491348
ttcpopibvv.mp4,0.8128971457481384
ttdeiwijfl.mp4,0.7466546297073364
ttdoufpizp.mp4,0.8937351703643799
ttdqufypgq.mp4,0.8968061208724976
ttdyyyurmb.mp4,0.9260166883468628
ttejnjklwk.mp4,0.9221235513687134
ttetdytpgh.mp4,0.9030340313911438
ttgfxftmyx.mp4,0.9877710938453674
ttgyygmioj.mp4,0.9373390674591064
ttgzukzxnw.mp4,0.9407141804695129
tthbqtxjzn.mp4,0.956451952457428
tthdbizdpd.mp4,0.9738039970397949
tthtrbbwqc.mp4,0.5399701595306396
tthzwvzcir.mp4,0.06309594213962555
ttikysnxik.mp4,0.9610152244567871
ttizjhiwdt.mp4,0.8962897658348083
ttjxosproz.mp4,0.07569420337677002
ttkhxwvmkm.mp4,0.8170004487037659
ttlzknpenh.mp4,0.9510691165924072
ttmcywlhft.mp4,0.8211967945098877
ttmvvejsem.mp4,0.9127640724182129
ttnabjytup.mp4,0.9526038765907288
ttnajmkchw.mp4,0.9306573271751404
ttneifrdwi.mp4,0.7595329880714417
ttnkdaeegv.mp4,0.8919203877449036
ttnpcklnuy.mp4,0.9377626776695251
ttnpjbugkg.mp4,0.9372930526733398
ttnqevvpjd.mp4,0.6191838383674622
ttobmbsfoo.mp4,0.14642880856990814
ttparldmom.mp4,0.8330081105232239
ttpmnmfqyu.mp4,0.8948478698730469
ttpnpcrksg.mp4,0.07068907469511032
ttptjkbgfl.mp4,0.9079020023345947
ttpuegajcg.mp4,0.7205975651741028
ttqivwztsp.mp4,0.5201593637466431
ttrojbjmwb.mp4,0.8639156222343445
ttrvldfybz.mp4,0.7727075219154358
ttshpcbltc.mp4,0.06834173947572708
ttslztqwhg.mp4,0.848510205745697
ttspguaped.mp4,0.8067860007286072
ttspsxomfi.mp4,0.9435461163520813
ttszqfsoki.mp4,0.8068381547927856
tttnfmobkg.mp4,0.9501267075538635
ttuihqevkr.mp4,0.8674482107162476
ttupsdiplu.mp4,0.9197512865066528
ttuvdnmyue.mp4,0.9246885180473328
ttwtyqfhgo.mp4,0.8235551118850708
ttwzibdyja.mp4,0.7684195041656494
ttxgzyncay.mp4,0.910560667514801
ttxxlrsjio.mp4,0.7938054800033569
ttyivknbzg.mp4,0.7863543033599854
ttzdwuqjuj.mp4,0.9371825456619263
ttzfojkcna.mp4,0.30991432070732117
ttzyhkkugz.mp4,0.9274766445159912
tualcoeyyu.mp4,0.9103474020957947
tubdgpgrrl.mp4,0.8622334003448486
tucfsmbiop.mp4,0.07539192587137222
tucgexaclt.mp4,0.4788597524166107
tudhvzaumf.mp4,0.1676439493894577
tudppsopzl.mp4,0.920997142791748
tuedmfsldt.mp4,0.9292552471160889
tuehqilqlm.mp4,0.8569157123565674
tuejnxflke.mp4,0.9013563990592957
tuexsjexvl.mp4,0.9186154007911682
tufbiaohaq.mp4,0.5964328646659851
tuhacvtkxk.mp4,0.4196321666240692
tuhmfvuxbe.mp4,0.8704648613929749
tuhplfgyig.mp4,0.8929793238639832
tuhxnjowwx.mp4,0.9089205861091614
tuiamailyy.mp4,0.640128493309021
tukcocanpj.mp4,0.9406835436820984
tukjsxgkgq.mp4,0.9029322862625122
tunmsjunhl.mp4,0.940380334854126
tuofsfbqfa.mp4,0.9289306402206421
tuohbdljsz.mp4,0.9389506578445435
tuokutdaqu.mp4,0.9815791249275208
tuonorfbpp.mp4,0.879111111164093
tuowlpbeyy.mp4,0.9866526126861572
tupbtdthgn.mp4,0.9513145089149475
tuqdlhdizi.mp4,0.9178277850151062
tuqgljzqex.mp4,0.921170711517334
tuqgsyrvsj.mp4,0.9089127779006958
tuqxtlnsit.mp4,0.9606051445007324
turcfqzohb.mp4,0.5031351447105408
turhmezheg.mp4,0.13015569746494293
tuseenotyk.mp4,0.9378184676170349
tuspqonrmz.mp4,0.9510241746902466
tuspwtbyku.mp4,0.8554394841194153
tusyeuetbe.mp4,0.9484849572181702
tuvlavlccd.mp4,0.9503554105758667
tuwpwnleww.mp4,0.8956010341644287
tuxcettlkx.mp4,0.46394082903862
tuxilwesnn.mp4,0.7838136553764343
tuxkqcphyd.mp4,0.9119196534156799
tuxwejoxwa.mp4,0.9045693874359131
tvaqsqaiwp.mp4,0.9284908771514893
tvaucrpjyu.mp4,0.8293458223342896
tvazrcdkpq.mp4,0.9636460542678833
tvccutphzk.mp4,0.8952856659889221
tvcthtkrvc.mp4,0.9600790143013
tvddjqbhho.mp4,0.20260754227638245
tvffpggbrc.mp4,0.07501641660928726
tvfyjxvmsi.mp4,0.8555910587310791
tvgalilkud.mp4,0.2941364049911499
tvgmcyuucu.mp4,0.9544386863708496
tvifqcgorm.mp4,0.9763273000717163
tvivpiqlcq.mp4,0.6171772480010986
tvizjprigb.mp4,0.8406676650047302
tvjccircgt.mp4,0.9484071135520935
tvjpcgbjnc.mp4,0.8966158628463745
tvkomshbiu.mp4,0.9045426845550537
tvkwgcxaaq.mp4,0.6441189050674438
tvkxahpxci.mp4,0.930841863155365
tvldikzfgo.mp4,0.86602383852005
tvleyudzsu.mp4,0.35868850350379944
tvltuhtylm.mp4,0.8505321741104126
tvmeuhemsm.mp4,0.9114009737968445
tvmzuxpluu.mp4,0.0819486677646637
tvnhbhcmra.mp4,0.9240500330924988
tvnhmwpqwt.mp4,0.90088951587677
tvnisvybvq.mp4,0.09596247225999832
tvnrihazgp.mp4,0.9505276083946228
tvnxbxkepd.mp4,0.8195114731788635
tvowbquorj.mp4,0.8520933389663696
tvowfywxab.mp4,0.9744179248809814
tvoyqshutk.mp4,0.10510024428367615
tvprrlprkh.mp4,0.5847313404083252
tvpvwxxfhw.mp4,0.8276817202568054
tvqawxstdq.mp4,0.5986628532409668
tvqmbcohnp.mp4,0.9605927467346191
tvrmnmnnjr.mp4,0.9061795473098755
tvrpxmyzky.mp4,0.8999052047729492
tvshbatdmr.mp4,0.6865484118461609
tvtomisfeo.mp4,0.5570077896118164
tvtrxluaca.mp4,0.5
tvuhwarvfv.mp4,0.9449799656867981
tvuoohmsvl.mp4,0.7364259958267212
tvutdegicm.mp4,0.9276938438415527
tvwyjnvbff.mp4,0.8161787986755371
tvxnfvjtvw.mp4,0.9678816199302673
tvxrrbkzog.mp4,0.9087230563163757
tvxzanebzx.mp4,0.8055807948112488
tvyetovusc.mp4,0.1631396859884262
tvyrciwxjy.mp4,0.803278923034668
tvyynmqlll.mp4,0.26001352071762085
tvzcqaoiok.mp4,0.8978716135025024
tvzlpdplrs.mp4,0.988486647605896
tvzpuvfhxk.mp4,0.19196592271327972
twbbmcwkuj.mp4,0.8833346366882324
twbzqhwfug.mp4,0.9576242566108704
twdjnmqbwa.mp4,0.0973319560289383
twedxghltu.mp4,0.8988519310951233
twehitrqam.mp4,0.9578163623809814
twetrtahtt.mp4,0.8930029273033142
twfjiqvgpk.mp4,0.8795928955078125
twfknwahjz.mp4,0.0675264224410057
twftutgael.mp4,0.9318729043006897
twgnqdszeg.mp4,0.7583377361297607
twgsxvgxvq.mp4,0.9810530543327332
twgvbzaecy.mp4,0.3174266219139099
twgvxxxnqv.mp4,0.7728173732757568
twhbdcavuv.mp4,0.8848064541816711
twhmxneift.mp4,0.64581298828125
twhnhiaflq.mp4,0.8482663631439209
twhwouycfg.mp4,0.7813804745674133
twhzxprcqy.mp4,0.9201115965843201
twidckwatq.mp4,0.9330680966377258
twjasxgdxb.mp4,0.9435251951217651
twjbujrhxb.mp4,0.78584223985672
twjdckwave.mp4,0.8693864345550537
twjrrqxque.mp4,0.9367556571960449
twkpeqxiww.mp4,0.9041382074356079
twmdeprxla.mp4,0.8460123538970947
twnjzqvlnn.mp4,0.8206384181976318
twogaebjzx.mp4,0.28486981987953186
twondkoqsr.mp4,0.9820398092269897
twoypgmkjj.mp4,0.9376330971717834
twpcdzcffq.mp4,0.7255275845527649
twqjktiolh.mp4,0.9755533337593079
twqzvsfqpj.mp4,0.9502620697021484
twsblybdag.mp4,0.892975926399231
twsijynhay.mp4,0.4724508225917816
twskdfzqqg.mp4,0.9500826597213745
twtqbhgjlm.mp4,0.9669572114944458
twtrgjvbic.mp4,0.5483893752098083
twtuhwhglv.mp4,0.918236255645752
twuetomiis.mp4,0.8402175307273865
twuyxulwye.mp4,0.9144936203956604
twvvpbtdzm.mp4,0.9483245611190796
twwqomtcld.mp4,0.8453529477119446
twwxfkocjh.mp4,0.16356149315834045
twwyffjbsq.mp4,0.7752618789672852
twxgdwreye.mp4,0.5725530982017517
twxhtqqvsy.mp4,0.10799552500247955
twyqjppxhj.mp4,0.7001686692237854
twyxajmmud.mp4,0.8862245082855225
twznnuzhuh.mp4,0.6350141167640686
txboupeqha.mp4,0.9002246260643005
txcbqzervc.mp4,0.04292372614145279
txdhkcamyp.mp4,0.8899145722389221
txdlctsgnz.mp4,0.9229252338409424
txdpukhdbs.mp4,0.9821544289588928
txeflzyhit.mp4,0.867079496383667
txfhiwipsr.mp4,0.06553053110837936
txfozivwlq.mp4,0.06837768107652664
txgnvdjpfl.mp4,0.8486727476119995
txgpzepsiq.mp4,0.9623353481292725
txgvmnalxq.mp4,0.706964373588562
txhibvcheh.mp4,0.9769273400306702
txhxcswliu.mp4,0.9502543210983276
txiegxfhjs.mp4,0.9286302924156189
txilgtwyvc.mp4,0.9208847284317017
txitsdxsby.mp4,0.9334148168563843
txjymvxbgf.mp4,0.9307839274406433
txkiaghiuj.mp4,0.8726643323898315
txkmfseehd.mp4,0.8710019588470459
txlbaahrjw.mp4,0.9003813862800598
txlvflemac.mp4,0.8892664909362793
txplcagttp.mp4,0.9090312719345093
txpsdrqaqv.mp4,0.9630810022354126
txpwiknfnx.mp4,0.8680823445320129
txpybjybdh.mp4,0.9206603765487671
txqeizhvzf.mp4,0.6422918438911438
txqjviakef.mp4,0.6336594820022583
txrjrakxll.mp4,0.9517417550086975
txrosoxcab.mp4,0.8704877495765686
txrpnykqqy.mp4,0.7860535979270935
txrsqajykv.mp4,0.9451109766960144
txshgvrava.mp4,0.054545894265174866
txsqtuwbqf.mp4,0.8847872018814087
txtbpgfzzi.mp4,0.9541128277778625
txtcnkprtn.mp4,0.9077669382095337
txueqmcalh.mp4,0.15255823731422424
txvaqhlhts.mp4,0.9473065137863159
txvfdvoxfa.mp4,0.6725878119468689
txxebsjqvw.mp4,0.5197381377220154
txxevapkkh.mp4,0.9248735308647156
txxswotlzl.mp4,0.7286492586135864
txybycxcxq.mp4,0.9314612746238708
txywmpduxj.mp4,0.19785887002944946
txzydhejdx.mp4,0.8897964358329773
txzzgoudlf.mp4,0.9463909864425659
tyakheorkb.mp4,0.846157431602478
tyatbyiulg.mp4,0.25592344999313354
tycakarvpn.mp4,0.23034250736236572
tycckhxejh.mp4,0.921381413936615
tycnpummbw.mp4,0.9293928742408752
tycvfrhzlq.mp4,0.7458378672599792
tydgbpqhws.mp4,0.12024684250354767
tydwfsugaq.mp4,0.5949950814247131
tyeqemuntr.mp4,0.9058983325958252
tyeylevexm.mp4,0.8227706551551819
tyezdclxvc.mp4,0.1758425384759903
tyfkqgzvhn.mp4,0.9381305575370789
tygdxvvjlk.mp4,0.9192501306533813
tyglqjlgmo.mp4,0.9492097496986389
tygltdzubn.mp4,0.9578912854194641
tygwurlgrs.mp4,0.9777019023895264
tyhcyogsop.mp4,0.9291143417358398
tyheigivpq.mp4,0.920606255531311
tyhpiabguv.mp4,0.8839868903160095
tyhrtgjmoa.mp4,0.7782766819000244
tyhykbqbab.mp4,0.06961173564195633
tyiazydvns.mp4,0.9432268142700195
tyiezazgug.mp4,0.9855278134346008
tyijqmixbp.mp4,0.8915594816207886
tyiwrbwibo.mp4,0.9891063570976257
tyjdtibczq.mp4,0.9616064429283142
tyjxmknivy.mp4,0.1403360813856125
tykghgkrpm.mp4,0.5192760825157166
tyktzdbkjg.mp4,0.27883994579315186
tyluelydzm.mp4,0.49188706278800964
tylvugyyfy.mp4,0.8976567387580872
tymcuyunhe.mp4,0.16405153274536133
tymhvqkpdp.mp4,0.9886566996574402
tymyjhafis.mp4,0.9514852166175842
tyocdxkstw.mp4,0.9087560772895813
typcleiyai.mp4,0.9293555617332458
typtqkjnva.mp4,0.8147351145744324
tyqjqawlyu.mp4,0.963943362236023
tyqziqvxhw.mp4,0.9316858053207397
tyrhexxoge.mp4,0.9036509394645691
tyrkdrfzsg.mp4,0.8416340947151184
tyrzltyeet.mp4,0.1696782261133194
tyshwhdnti.mp4,0.7751350402832031
tyspjrtmot.mp4,0.45063912868499756
tyswjkrowg.mp4,0.7984703779220581
tytlxfqksf.mp4,0.91911780834198
tyuiftjksw.mp4,0.9624750018119812
tywrqoumuc.mp4,0.6084246039390564
tyxiuohdfk.mp4,0.8233127593994141
tyxsgbghyz.mp4,0.9107109308242798
tyyijtlgys.mp4,0.5348873734474182
tyzqpgyhhp.mp4,0.49465134739875793
tzafafmqrl.mp4,0.8467620015144348
tzaicpbnog.mp4,0.30089128017425537
tzbnbzlpoh.mp4,0.7900741100311279
tzbrooiwuk.mp4,0.9180817604064941
tzdbqhknxg.mp4,0.9283588528633118
tzdozaagcd.mp4,0.8726103901863098
tzectnaqyj.mp4,0.21581411361694336
tzeushzkoj.mp4,0.0899140015244484
tzewrcebfr.mp4,0.28948065638542175
tzflghmsed.mp4,0.567119836807251
tzgaghfpww.mp4,0.7301695942878723
tzhbdzcrbt.mp4,0.7900601625442505
tzhcjdvaoi.mp4,0.9616079330444336
tzhqbgyftz.mp4,0.9506213068962097
tzhvatiemi.mp4,0.8721280694007874
tzieufabln.mp4,0.05918799713253975
tzkglkvofq.mp4,0.9038708209991455
tzkkqywuqz.mp4,0.37056565284729004
tzmizwnrky.mp4,0.44477254152297974
tzmjpwetxk.mp4,0.6652889251708984
tzmqfjsfxp.mp4,0.920767068862915
tznfndhciu.mp4,0.35156765580177307
tzodxkvvdq.mp4,0.07234752923250198
tzopbjhajl.mp4,0.7387747168540955
tzowhyhbvu.mp4,0.27857765555381775
tzowwbwfwe.mp4,0.176192507147789
tzqacklzyt.mp4,0.89814692735672
tzrmdeizco.mp4,0.9887627363204956
tzrwnpqyev.mp4,0.7090253233909607
tztayrjnhd.mp4,0.8948858976364136
tztczcujqt.mp4,0.9431948661804199
tztehbwdcg.mp4,0.09239783883094788
tzuooyvbgp.mp4,0.7771350145339966
tzuqmumzrs.mp4,0.9359700679779053
tzvifcoosi.mp4,0.0727279931306839
tzvvzcdldj.mp4,0.9101681709289551
tzwitggfhn.mp4,0.8633652329444885
tzwjkdgfcy.mp4,0.9560922384262085
tzwjmlybpn.mp4,0.6725286841392517
tzwjstiltl.mp4,0.9400025606155396
tzwrmkepyc.mp4,0.62691730260849
tzwthejbpe.mp4,0.9476788640022278
tzybvmvyyd.mp4,0.9093777537345886
tzyhepkkew.mp4,0.22834880650043488
tzzkpikzcx.mp4,0.21849709749221802
tzzowhqrfw.mp4,0.9777119159698486
tzzpofvhji.mp4,0.90689617395401
tzztpzvjik.mp4,0.9244788885116577
tzzwqaxtrk.mp4,0.9245123863220215
uaatopoexy.mp4,0.9718514084815979
uacorxsmpx.mp4,0.5237455368041992
uacpdaskeu.mp4,0.8427470922470093
uacueksmdr.mp4,0.8936909437179565
uadjqcpazo.mp4,0.9609314203262329
uadqvxwsxp.mp4,0.9218178391456604
uafpckeiyf.mp4,0.17256182432174683
uagkrixiwa.mp4,0.8929760456085205
uagswfjjsm.mp4,0.9595462679862976
uagwnsoszd.mp4,0.8448421955108643
uahckunyap.mp4,0.8153263926506042
uahedawjmj.mp4,0.9227117896080017
uahmcdqhgo.mp4,0.8488150238990784
uahxrmkpkt.mp4,0.9544627666473389
uaivywpfxw.mp4,0.8956753611564636
uakyftdzes.mp4,0.5078327655792236
ualxzvqonf.mp4,0.7870224118232727
uamozyuslc.mp4,0.9278727173805237
uannnudkig.mp4,0.9285174608230591
uanuuvqwnt.mp4,0.9619510173797607
uaocvaeghd.mp4,0.9426774978637695
uaonslxgtx.mp4,0.9642695784568787
uapnddxvjk.mp4,0.9024799466133118
uaprallcni.mp4,0.8761540651321411
uaqsajoudl.mp4,0.39605608582496643
uaqurcripg.mp4,0.9417272806167603
uaqvffouxp.mp4,0.6166321039199829
uarfnpuayt.mp4,0.8838145732879639
uarkueisee.mp4,0.06253784894943237
uarqstmana.mp4,0.11557714641094208
uasondsxfr.mp4,0.6781796813011169
uasrnbxdby.mp4,0.9246636033058167
uatsfwahwn.mp4,0.06399025022983551
uauaqljioo.mp4,0.9050593972206116
uavnqivqas.mp4,0.4407341182231903
uavwpeximn.mp4,0.7115762233734131
uavxwetbmp.mp4,0.9303865432739258
uawcwshloc.mp4,0.9185549020767212
uawnxfdeof.mp4,0.9754767417907715
uaxmqpmswz.mp4,0.07375475019216537
uayodrbpyi.mp4,0.7248809933662415
uazxeiwcrh.mp4,0.8515336513519287
ubaczmonai.mp4,0.9051260352134705
ubaeqdbaut.mp4,0.755687952041626
ubasafrfsx.mp4,0.7749165892601013
ubbqzreokx.mp4,0.8972254395484924
ubbwxjtcxo.mp4,0.9364016056060791
ubbzrfgzer.mp4,0.0633111223578453
ubdouhkxfs.mp4,0.7225525379180908
ubdvfljeha.mp4,0.0504070483148098
ubeftiwrrg.mp4,0.2708449363708496
ubeujmdnbg.mp4,0.8879749178886414
ubewydpmgn.mp4,0.9128968119621277
ubgbencriw.mp4,0.953392744064331
ubgvhnlxkb.mp4,0.9066817164421082
ubhxbrmrhk.mp4,0.9810248613357544
ubjqfjmljw.mp4,0.6428543925285339
ubkjgqjzwl.mp4,0.6548295617103577
ubkykpofff.mp4,0.8185845613479614
ubkznqreys.mp4,0.6738981604576111
ubmugwqfol.mp4,0.9325549006462097
ubnevwpkgd.mp4,0.9421367049217224
ubnfluppcb.mp4,0.9592418074607849
ubopcfrdsf.mp4,0.8525726199150085
ubqpakoobv.mp4,0.8387641310691833
ubrvtqznom.mp4,0.35591620206832886
ubtdgoxibk.mp4,0.49454835057258606
ubtikiqoeg.mp4,0.986311137676239
ubutlicfsd.mp4,0.8710259199142456
ubvbukkwmo.mp4,0.9321074485778809
ubvetbtujo.mp4,0.9547505974769592
ubvnwlwuky.mp4,0.8570385575294495
ubvugaiutf.mp4,0.9356786012649536
ubxljabbvc.mp4,0.8953413367271423
ubydbjxdmr.mp4,0.08925699442625046
ubyrgvlqlz.mp4,0.9196687936782837
ubzwpartrm.mp4,0.754364013671875
ucazfkenjx.mp4,0.978530764579773
ucbakeloqw.mp4,0.9146429896354675
ucbfsyxnuu.mp4,0.8636554479598999
ucbgfvxgcf.mp4,0.9512314200401306
ucbzlaiaut.mp4,0.937874972820282
ucdcxqjxxy.mp4,0.8970345258712769
ucdxdikiee.mp4,0.9287780523300171
ucexeajwns.mp4,0.937017560005188
ucfczepxoq.mp4,0.8008787035942078
ucfoqnytpf.mp4,0.08812037110328674
ucfuqbrrcc.mp4,0.09746965020895004
ucgookdwqm.mp4,0.9846435785293579
uchjyaeqnm.mp4,0.7550761103630066
uchuazawmt.mp4,0.9384247064590454
ucijajsrtu.mp4,0.26599985361099243
ucinamccsx.mp4,0.9361554384231567
ucipjeryff.mp4,0.48989254236221313
ucjdnexpkr.mp4,0.8743917346000671
ucjzvclvrq.mp4,0.9254196286201477
uckscgssmu.mp4,0.20371219515800476
uclacnshpd.mp4,0.04218074679374695
ucljktpwrh.mp4,0.3570583462715149
uclzxnftij.mp4,0.8466523885726929
ucmaekqmxy.mp4,0.675794780254364
ucmfbukrkj.mp4,0.05619825795292854
ucmgkukqpg.mp4,0.03705676272511482
ucmjjvdmzf.mp4,0.9053757786750793
ucmxzhjjio.mp4,0.9171313643455505
ucnehbdydg.mp4,0.3467622995376587
ucotuvlloo.mp4,0.058716773986816406
ucpnuwaszw.mp4,0.9170015454292297
ucputfupah.mp4,0.07969174534082413
ucqrttbieb.mp4,0.24979747831821442
ucqvmegfci.mp4,0.983232319355011
ucrcbovlbu.mp4,0.915046751499176
ucrpkxqxoy.mp4,0.7991732954978943
ucryyubbqk.mp4,0.49882301688194275
ucsxrkwjeu.mp4,0.8396552205085754
ucteqgplkr.mp4,0.8865883946418762
uctnnuqyxe.mp4,0.9849913716316223
uctzrohtlt.mp4,0.8725199103355408
ucufuvhwqv.mp4,0.8905665278434753
ucugtwgmrt.mp4,0.7982329726219177
ucuicuxuum.mp4,0.7513899803161621
ucuziogliw.mp4,0.904043436050415
ucwqruljku.mp4,0.8709489703178406
ucxdacbmhu.mp4,0.9488573670387268
ucxnaqenaw.mp4,0.057950373739004135
ucxowzeosz.mp4,0.9397335052490234
ucxvmskxnq.mp4,0.9277130961418152
ucyuwurana.mp4,0.7369164228439331
uczjjwgkoz.mp4,0.8009593486785889
uczpqizegg.mp4,0.8369796276092529
udaltwcgch.mp4,0.8694949150085449
udbqzbqoty.mp4,0.9210682511329651
udbygnpoix.mp4,0.6294808387756348
udcpjfvqro.mp4,0.7934004068374634
udcvbjmalz.mp4,0.93309485912323
uddhsafcuq.mp4,0.08152514696121216
uddmjkewsv.mp4,0.8636014461517334
udfiqkaajp.mp4,0.9652016758918762
udfmgkjhnq.mp4,0.8496630191802979
udgxoewuqf.mp4,0.8198944926261902
udhjcljtxr.mp4,0.06275439262390137
udiapjqeaf.mp4,0.9221658110618591
udiekxzeus.mp4,0.9456077218055725
udkrxqdbmx.mp4,0.9666934013366699
udlbacrypm.mp4,0.9311465620994568
udlhyjwokj.mp4,0.950705885887146
udmeldbnbc.mp4,0.944786787033081
udmlfkqvrz.mp4,0.8988234400749207
udmyftnraz.mp4,0.9791808128356934
udondgvmxg.mp4,0.8990893363952637
udopdmkptf.mp4,0.9546000957489014
udoprmzaws.mp4,0.7335615754127502
udovtbsosl.mp4,0.9830783009529114
udqmtqsfgp.mp4,0.8419526815414429
udsaeobgzy.mp4,0.8961080312728882
udtlwsptql.mp4,0.9008371233940125
uduhjboqul.mp4,0.830649197101593
uduidrxdge.mp4,0.9610453248023987
udvbdqsfdj.mp4,0.42980170249938965
udvjwmiwlr.mp4,0.1523178666830063
udvkbiatof.mp4,0.974128782749176
udvrglbfcm.mp4,0.94515460729599
udvyumbltk.mp4,0.7923555374145508
udvzsjgjjv.mp4,0.8321382999420166
udwfnpifkh.mp4,0.8946036100387573
udxlfkswse.mp4,0.4018346667289734
udygaigkzn.mp4,0.755599856376648
udykwnzior.mp4,0.9799195528030396
udynwctfkp.mp4,0.9591049551963806
udzgjsohky.mp4,0.7139274477958679
udzpbdfxxq.mp4,0.9594607353210449
udzqgcvpyc.mp4,0.9093989729881287
ueaexetysz.mp4,0.8443030118942261
ueatdgjfmi.mp4,0.8914693593978882
uebkyvdovg.mp4,0.24722526967525482
uebtnuadbc.mp4,0.8977025151252747
uedejxevad.mp4,0.720694363117218
uedhrkjsts.mp4,0.8462401032447815
ueepreoehb.mp4,0.08999023586511612
ueetmeckna.mp4,0.9250524640083313
uefibkzmxf.mp4,0.8740280866622925
ueftcpewmr.mp4,0.7635263204574585
uefyogluva.mp4,0.976121723651886
uegbdtjxgz.mp4,0.07648856937885284
uegcobaebi.mp4,0.928824782371521
uegkvbnpwm.mp4,0.2507238984107971
uehbcgdudu.mp4,0.12695802748203278
ueibdvpitk.mp4,0.8964579701423645
ueidqotxkz.mp4,0.9144800305366516
ueigtgcuwb.mp4,0.8754574060440063
uejyfbbyzy.mp4,0.927757978439331
uekbdxgnip.mp4,0.07929670810699463
uekjzshnwo.mp4,0.9060723185539246
uelanbinme.mp4,0.9451799988746643
uemrhunqfg.mp4,0.9156355857849121
uemxcwafyc.mp4,0.9324581623077393
uenjyupjyj.mp4,0.9116842150688171
uenwpeiaev.mp4,0.07171833515167236
ueonhdvfdb.mp4,0.9821653962135315
ueoosdrklc.mp4,0.8677124977111816
uepnpgrhzn.mp4,0.677455723285675
uepsmvfvyy.mp4,0.9657991528511047
uepzadisje.mp4,0.9628233313560486
ueqdjrngyo.mp4,0.7432129383087158
uerapqglmr.mp4,0.3569103181362152
uerfbpgdbq.mp4,0.916256308555603
uernqkytai.mp4,0.8745416402816772
uerpntagly.mp4,0.9614806175231934
uersnquxyv.mp4,0.5328546166419983
uesajynrjx.mp4,0.8370351195335388
uescttvvue.mp4,0.11796402186155319
ueshqvntrl.mp4,0.9145278334617615
uespfgstut.mp4,0.8199512362480164
uesyklfgjj.mp4,0.272480309009552
ueszxbwgkz.mp4,0.9331528544425964
uetfcmaryk.mp4,0.11447866261005402
uetiqgpkut.mp4,0.7162342667579651
uetqkzhzyq.mp4,0.9060811996459961
ueubtanxdy.mp4,0.13442851603031158
ueuewllftq.mp4,0.3439929485321045
uevfzpgrbk.mp4,0.9158492088317871
uevxdeenvj.mp4,0.21565233170986176
uewjjyovkw.mp4,0.37702512741088867
uewrivutuy.mp4,0.8290435671806335
uewvyltinv.mp4,0.0828813761472702
uexutnlpdh.mp4,0.8169747591018677
ueypichnye.mp4,0.12731173634529114
ueyqiwnaka.mp4,0.8433303833007812
uezivatpvs.mp4,0.08040860295295715
uezqggbrcf.mp4,0.06281844526529312
ufaeofhqmy.mp4,0.9512762427330017
ufbbmuquvp.mp4,0.9552098512649536
ufbknuufrs.mp4,0.7967045307159424
ufckihneoa.mp4,0.8470656275749207
ufcxtzoxhl.mp4,0.9354591369628906
ufeqnlerfw.mp4,0.5856637954711914
ufeyqlcmqu.mp4,0.9038761854171753
ufezgkiqjy.mp4,0.9039052128791809
uffdtmiwep.mp4,0.2758059799671173
uffpenifmn.mp4,0.9830175638198853
uffsdzapva.mp4,0.8921288847923279
uffvswrkim.mp4,0.6271060109138489
ufhmekgpzq.mp4,0.8602738380432129
ufhsosbhrl.mp4,0.9496769309043884
ufipyxggkp.mp4,0.5031717419624329
ufizpokygp.mp4,0.11461212486028671
ufkkogcskn.mp4,0.8262588381767273
ufkuvxsouo.mp4,0.9206140041351318
ufldhiyoue.mp4,0.9814938902854919
uflmfdrfhb.mp4,0.9049652218818665
ufmaxtcrwz.mp4,0.33020228147506714
ufmhtoqirq.mp4,0.8742468357086182
ufmnipobjc.mp4,0.9019023776054382
ufmoxddxcd.mp4,0.6583924889564514
ufmuprtnyx.mp4,0.9489843249320984
ufnclfkxtl.mp4,0.9331696629524231
ufnjieanun.mp4,0.8886224031448364
ufnufdtqtt.mp4,0.9656562805175781
ufolikvolv.mp4,0.9037544131278992
ufplgyxega.mp4,0.9493274688720703
ufpnuejkxz.mp4,0.8602075576782227
ufptyivwgr.mp4,0.7998259663581848
ufqdkwuzeb.mp4,0.06114606186747551
ufqeokijvk.mp4,0.059589557349681854
ufqjmibvkq.mp4,0.8757460117340088
ufqqjghikx.mp4,0.06016496568918228
ufrizjdfqj.mp4,0.9242961406707764
ufryblrohx.mp4,0.8471142649650574
ufsbizfrxl.mp4,0.7521303296089172
ufscdwpbkw.mp4,0.9321439266204834
uftuqhiyzi.mp4,0.9495849609375
uftzuzdncw.mp4,0.9827339053153992
ufulktfywv.mp4,0.9269483685493469
ufunfswczg.mp4,0.0941992774605751
ufvfndsadp.mp4,0.8565934896469116
ufvhgbesxf.mp4,0.9804367423057556
ufwezjezip.mp4,0.9049370288848877
ufwjozzcpd.mp4,0.9414448142051697
ufxafdxpat.mp4,0.04636641964316368
ufyenconbv.mp4,0.9141548871994019
ufyiaejjmt.mp4,0.9025402665138245
ufyrmbxahb.mp4,0.7221906185150146
ufyyxquyaa.mp4,0.9517409801483154
ufzpaevwrr.mp4,0.2233736664056778
ufzpkasigm.mp4,0.9460940361022949
ufzrjhsqkw.mp4,0.9235503673553467
ufzrwyudhr.mp4,0.9306862354278564
ufzurbscda.mp4,0.9284047484397888
ufzwbdynqt.mp4,0.7037878036499023
ufzxfkwaxx.mp4,0.9446232914924622
ugaeyybdeg.mp4,0.9157400131225586
ugafqbbxhq.mp4,0.9183688163757324
ugagvibmsu.mp4,0.1403639316558838
ugahgbupwz.mp4,0.9663408994674683
ugamwfwnmq.mp4,0.9153468608856201
ugappgpcty.mp4,0.972531259059906
ugbqimxwhj.mp4,0.43887513875961304
ugbvacemrs.mp4,0.892019510269165
ugbvcucfwc.mp4,0.6252996325492859
ugcuqdtqqf.mp4,0.7783889770507812
ugcvaezeio.mp4,0.15601223707199097
ugdccvnrxi.mp4,0.9690084457397461
ugdepqjmlc.mp4,0.9112762212753296
ugdlazckto.mp4,0.06666810065507889
ugevnsoemv.mp4,0.9122938513755798
uggcsrxjxa.mp4,0.9718741774559021
uggjvftuua.mp4,0.13965648412704468
uggnfmqfka.mp4,0.913493275642395
uggnyxhqbi.mp4,0.5520844459533691
ughzjpnyss.mp4,0.9349384903907776
ugitfhliiq.mp4,0.07941102236509323
ugiwnoaltx.mp4,0.8804238438606262
ugkwxruczv.mp4,0.9219766855239868
uglfptoirh.mp4,0.9385359287261963
uglsgrmcbr.mp4,0.9710044860839844
ugndmaamyq.mp4,0.7667277455329895
ugnkgmthhq.mp4,0.42461904883384705
ugnnkhxjsr.mp4,0.4997435510158539
ugnqazwhgb.mp4,0.7838649153709412
ugoiyutczh.mp4,0.48022523522377014
ugooshulwj.mp4,0.07471291720867157
ugpesqbrdu.mp4,0.6815006732940674
ugqbsegika.mp4,0.35407644510269165
ugqlenmrtl.mp4,0.061737868934869766
ugqmwxqgck.mp4,0.08361343294382095
ugqrmagfps.mp4,0.9042997360229492
ugriuqabdp.mp4,0.8861938714981079
ugrkszjion.mp4,0.8519231677055359
ugsngvegeb.mp4,0.8265700936317444
ugteohzsut.mp4,0.9397649765014648
ugtoipqlja.mp4,0.9015066027641296
ugujwdhxjd.mp4,0.7072100639343262
ugvurtaxqv.mp4,0.6617218255996704
ugwotrmxag.mp4,0.8314833641052246
ugxoajwoiy.mp4,0.7657048106193542
ugxqwwjrpb.mp4,0.8766490817070007
ugxqzksovp.mp4,0.923298716545105
ugxzhlqxpf.mp4,0.9864664077758789
ugybuhnuoy.mp4,0.051872581243515015
ugyeuuwkla.mp4,0.06058327481150627
ugygvsdatj.mp4,0.9748886823654175
ugzonpnovr.mp4,0.9393088817596436
ugzrhiwigv.mp4,0.582469642162323
ugzzotnqbh.mp4,0.7856846451759338
uhaozesefw.mp4,0.9004771709442139
uhawwtdxbl.mp4,0.8226837515830994
uhbbfvhnpe.mp4,0.9272878170013428
uhbqewipcd.mp4,0.05946438014507294
uhbxhharht.mp4,0.8774872422218323
uhccchvlop.mp4,0.8406510949134827
uhcowpcuok.mp4,0.858879566192627
uhcyauurnh.mp4,0.9734438061714172
uhcyyrpscf.mp4,0.8929120898246765
uhddzxthgf.mp4,0.8475291132926941
uhdfvpnezl.mp4,0.9176544547080994
uhebylplqw.mp4,0.9448420405387878
uhekljjqtj.mp4,0.8720892071723938
uheoswsuja.mp4,0.19246910512447357
uhfckvfofy.mp4,0.8213357925415039
uhfqabofgg.mp4,0.9569083452224731
uhfrjeyveg.mp4,0.9517303705215454
uhgfhzxdkb.mp4,0.3822411298751831
uhgtynaaxi.mp4,0.9170355796813965
uhhbqnlthf.mp4,0.9010252952575684
uhhfwrqons.mp4,0.5083542466163635
uhhmiswpxi.mp4,0.8876632452011108
uhhochbcgk.mp4,0.5
uhhzxsluka.mp4,0.9039286375045776
uhjvpeoagd.mp4,0.8745614290237427
uhjzkwfeqk.mp4,0.7958994507789612
uhkmsuosni.mp4,0.9450119733810425
uhknwoqaxo.mp4,0.9362319111824036
uhksnblalh.mp4,0.915930449962616
uhmhdbgvwr.mp4,0.922419011592865
uhmixfmlpt.mp4,0.6444934606552124
uhnaizpqtj.mp4,0.7678653001785278
uhndegdcvw.mp4,0.7791436910629272
uhnhexuqcv.mp4,0.9821406006813049
uhorhpfohw.mp4,0.7616416811943054
uhrwuwgcyz.mp4,0.4834994077682495
uhsfwtmkrm.mp4,0.929075300693512
uhskcqybgm.mp4,0.9059015512466431
uhsplcyhds.mp4,0.6583161354064941
uhssjxjqsb.mp4,0.9894111752510071
uhswpjqirh.mp4,0.9461137652397156
uhswwyrhon.mp4,0.45795419812202454
uhtfrxfdfo.mp4,0.9480164051055908
uhtixmsrkw.mp4,0.909407913684845
uhtnbqrrzx.mp4,0.8790229558944702
uhutmeamhm.mp4,0.9257616400718689
uhvmrfksax.mp4,0.9032274484634399
uhvsrhbtwt.mp4,0.9343831539154053
uhwqhrpkfr.mp4,0.6845270395278931
uhwtmcssjh.mp4,0.89042729139328
uhwvultbtb.mp4,0.9651902318000793
uhyizbpmzk.mp4,0.2762523591518402
uhykndptvh.mp4,0.14395907521247864
uhynwthfhf.mp4,0.44358816742897034
uhyrdsuruo.mp4,0.9389250874519348
uhyujckuan.mp4,0.8273097276687622
uhywfefjth.mp4,0.9279683828353882
uhzfamieuz.mp4,0.8197540044784546
uhzkiwaftk.mp4,0.9476464986801147
uhzlbtrvme.mp4,0.8595200777053833
uhzuqaedfo.mp4,0.9489113688468933
uiauimdvsa.mp4,0.8752136826515198
uibsxskypy.mp4,0.9539609551429749
uicmpptfdm.mp4,0.40928101539611816
uicwisezwg.mp4,0.3061884641647339
uicxnnhven.mp4,0.9751816987991333
uifapvqsvw.mp4,0.8937917351722717
uifivxqvnp.mp4,0.44742321968078613
uifsaeponw.mp4,0.9875720739364624
uigpzvckuc.mp4,0.8238880038261414
uihhczxmqr.mp4,0.22245855629444122
uihpdaqxau.mp4,0.863116979598999
uiiefiddbu.mp4,0.9802738428115845
uiiehkxvew.mp4,0.19403235614299774
uiipbgczmx.mp4,0.7461933493614197
uiisqrsxtd.mp4,0.8639113306999207
uijodhxavs.mp4,0.9341375827789307
uijsszexav.mp4,0.3677181303501129
uikdbchdjm.mp4,0.9467442631721497
uikdqlccas.mp4,0.8881664276123047
uikhuivfom.mp4,0.9796056151390076
uilypbkthd.mp4,0.8080832958221436
uilzfjlhxb.mp4,0.43962717056274414
uimkoyxrjp.mp4,0.5938202142715454
uimvmzaveh.mp4,0.8543168306350708
uinhlopjgs.mp4,0.9175251126289368
uinqbonxod.mp4,0.8808404803276062
uioftdjrgq.mp4,0.9031556844711304
uiorebzitw.mp4,0.971886157989502
uiouplsood.mp4,0.39642924070358276
uioxplbbbt.mp4,0.07952003926038742
uipcqpdyef.mp4,0.33120617270469666
uipnxxcpwk.mp4,0.10211864858865738
uipujsobwe.mp4,0.7845812439918518
uiqmumgafo.mp4,0.9240305423736572
uiqryfrmiy.mp4,0.5062123537063599
uirbjvjowz.mp4,0.7730427980422974
uirbsagvgg.mp4,0.0723159909248352
uirnetlwhl.mp4,0.900733232498169
uirqyhpswp.mp4,0.11469323188066483
uisrispicg.mp4,0.7832587361335754
uitpahefah.mp4,0.8787281513214111
uitpfwppcm.mp4,0.8989669680595398
uiuritmtkl.mp4,0.5827411413192749
uiutzqhdqn.mp4,0.6743348240852356
uivxkfydjx.mp4,0.8967023491859436
uiwxbwiilr.mp4,0.9453136324882507
uiykwgaarz.mp4,0.8732863068580627
uiylhiemwp.mp4,0.9523844718933105
ujaehtqxde.mp4,0.8896743059158325
ujaobhugdf.mp4,0.9054899215698242
ujashjvlpt.mp4,0.7457286715507507
ujbdgblolk.mp4,0.9857960343360901
ujbqwvaack.mp4,0.2771562933921814
ujcaowotrc.mp4,0.8554111123085022
ujddfaoxqq.mp4,0.6915214657783508
ujdpypuzmd.mp4,0.9505000710487366
ujdzutgpbr.mp4,0.8916451334953308
ujesaqwitp.mp4,0.8916391134262085
ujewbyvruv.mp4,0.7357038855552673
ujfebxyvdr.mp4,0.789865255355835
ujfyfyhfiz.mp4,0.9261436462402344
ujgcgqysia.mp4,0.07274562865495682
ujgjwwqebw.mp4,0.9208667874336243
ujhhksskil.mp4,0.918893039226532
ujhjgutsfc.mp4,0.9010806679725647
ujinondbrv.mp4,0.5092031955718994
ujjkzsdtiz.mp4,0.3837670087814331
ujjlelliwc.mp4,0.5233527421951294
ujkjagqvae.mp4,0.5
ujmgyxgoss.mp4,0.9882736206054688
ujokxjazjz.mp4,0.928544282913208
ujoyxrqwud.mp4,0.22202521562576294
ujqdkbogdl.mp4,0.9425432085990906
ujqlkpuohi.mp4,0.9762920141220093
ujqsadgjxw.mp4,0.8850687742233276
ujrmoxcxjz.mp4,0.9224137663841248
ujrybviukn.mp4,0.7034747004508972
ujtagofmfe.mp4,0.8490817546844482
ujtvfxcwqq.mp4,0.9332727193832397
ujtvukaomn.mp4,0.9314002990722656
ujunqskegt.mp4,0.447998970746994
ujvefgmdbx.mp4,0.5804421305656433
ujvfjetoti.mp4,0.30559757351875305
ujvxohohuq.mp4,0.10456439852714539
ujxtugyffe.mp4,0.8996686935424805
ujxusdbteh.mp4,0.8604530692100525
ujxzmdswfk.mp4,0.361167848110199
ujyeiolabx.mp4,0.8372064828872681
ujysvoqnvq.mp4,0.9752830266952515
ujzduhqgiv.mp4,0.7854547500610352
ukadcylgrg.mp4,0.9748184084892273
ukahuysdcs.mp4,0.9328392744064331
ukapiztezj.mp4,0.9093891382217407
ukbffptlvj.mp4,0.9688391089439392
ukcirjgasd.mp4,0.6097816824913025
ukclynosts.mp4,0.7976800203323364
ukcwgfxugy.mp4,0.7488808035850525
ukcyzdgtcx.mp4,0.9340253472328186
ukddragknx.mp4,0.9275591969490051
ukdkpbfakp.mp4,0.9623280763626099
ukdququojq.mp4,0.05385109409689903
ukdxjfskpf.mp4,0.9512418508529663
ukflzvniyp.mp4,0.9894008040428162
ukfpgxoyyq.mp4,0.9521024823188782
ukhxncuuys.mp4,0.7136585116386414
ukiaaxuliu.mp4,0.3273458480834961
ukirzltdhx.mp4,0.8850067853927612
ukjlzxvlkz.mp4,0.957101047039032
ukkqbsvhtw.mp4,0.7681294083595276
uklgnlpbsp.mp4,0.2827085554599762
ukmiuwpsif.mp4,0.12295520305633545
ukmurtebpz.mp4,0.768297553062439
uknlhztnly.mp4,0.7511641979217529
uknoecdzdi.mp4,0.783091127872467
ukoerjqjcj.mp4,0.9420039653778076
ukoocfhise.mp4,0.061905551701784134
ukotfzrlge.mp4,0.09218759089708328
ukpgboldxc.mp4,0.8348849415779114
ukpzcalere.mp4,0.9139633178710938
ukqigddbbz.mp4,0.8830651640892029
ukqmdmrgoh.mp4,0.7389519810676575
ukrebhncqp.mp4,0.9495694637298584
ukrrkladqf.mp4,0.903887927532196
uktboyfsgn.mp4,0.9675047993659973
ukuhplitcd.mp4,0.926697850227356
ukuiypccwh.mp4,0.8989100456237793
ukukacghzr.mp4,0.4666103422641754
ukvlzkqutn.mp4,0.9149252772331238
ukvtossymq.mp4,0.9131296873092651
ukvuqzbpkr.mp4,0.9885846376419067
ukvzegpclr.mp4,0.8686913251876831
ukwjomvjiq.mp4,0.700141191482544
ukwmmvpdrd.mp4,0.9595354795455933
ukxfswtgud.mp4,0.7752324342727661
ukxfypqesk.mp4,0.9325425624847412
ukxhrlhlif.mp4,0.7462345361709595
ukxiewpape.mp4,0.8871169686317444
ukzbnlbplu.mp4,0.9327493906021118
ukztifhqwh.mp4,0.960740327835083
ulazwizska.mp4,0.7126547694206238
ulbuihipbv.mp4,0.9638715386390686
ulbvjauchz.mp4,0.26485398411750793
ulcbmkniuu.mp4,0.9118523597717285
ulcjqkweit.mp4,0.9268351793289185
ulcmsqttol.mp4,0.8829687833786011
ulfppedvdb.mp4,0.6615859270095825
ulftewmdto.mp4,0.8943991661071777
ulfzoinpcs.mp4,0.38515353202819824
ulgieqzcoz.mp4,0.9570533037185669
ulgunprcyc.mp4,0.8526036143302917
ulgvqcniwm.mp4,0.4871738851070404
ulhdpsqyub.mp4,0.9191737771034241
ulhxdukmya.mp4,0.5917626619338989
ulibdtoetp.mp4,0.11821110546588898
uliucqioee.mp4,0.9188388586044312
ulkeqdyccf.mp4,0.16995301842689514
ulkeuykkgp.mp4,0.8863683938980103
ulkigpbixj.mp4,0.9404685497283936
ulktozegxh.mp4,0.33551111817359924
ullzxopvgo.mp4,0.769785463809967
ulnjtimexc.mp4,0.6546211838722229
uloplwbwbk.mp4,0.9377930760383606
ulpyjuxolu.mp4,0.9192818403244019
ulqquwnmsa.mp4,0.5435373187065125
ulqtrnyipb.mp4,0.8939535617828369
ulquclfdjv.mp4,0.9405421018600464
ulrvzaozvl.mp4,0.22141394019126892
ultbygiibk.mp4,0.6492006182670593
ultuzbwtbr.mp4,0.7974030375480652
uluozvjcmr.mp4,0.8409059047698975
ulvnqoxiud.mp4,0.518531322479248
ulvtnhhfjo.mp4,0.8293680548667908
ulvtuaeutx.mp4,0.3906046152114868
ulvxvhpgvq.mp4,0.5300130844116211
ulwzjpupjd.mp4,0.3230617344379425
ulxdqcjtxu.mp4,0.9088963270187378
ulxovjiijy.mp4,0.5601478815078735
ulxzalaqhb.mp4,0.858224093914032
ulygywporv.mp4,0.9152185916900635
ulzaghcnza.mp4,0.9278610348701477
ulzxfnbqdw.mp4,0.9251473546028137
umandpehef.mp4,0.9666861295700073
umbgeawmln.mp4,0.6635614037513733
umbkerzgab.mp4,0.8136154413223267
umcfiohdme.mp4,0.9673094153404236
umcnwdkero.mp4,0.8458781838417053
umcpoltxeb.mp4,0.8376537561416626
umdmyolede.mp4,0.32196083664894104
umduhcebay.mp4,0.10545535385608673
umensyykfm.mp4,0.777600109577179
umeprzcdcd.mp4,0.07599636167287827
umerhoubxw.mp4,0.044343024492263794
umesravcvu.mp4,0.9803727269172668
umfjeabksw.mp4,0.08637925237417221
umfwthjpzx.mp4,0.4555482268333435
umgdjzeqke.mp4,0.8555737733840942
umicymstag.mp4,0.0935102179646492
umjzvjtxuw.mp4,0.9646312594413757
umkmlfwwwg.mp4,0.8386141061782837
umkxoagtyp.mp4,0.4234691262245178
umloxyrpbh.mp4,0.9644507765769958
ummamaagbh.mp4,0.9335048794746399
ummeogcaej.mp4,0.9826139807701111
umnejfuhgg.mp4,0.5334375500679016
umnfxsznnt.mp4,0.9272440671920776
umnllhvurx.mp4,0.46178293228149414
umoolxnyzg.mp4,0.6048545241355896
umoutofncx.mp4,0.9469693899154663
umovgarcut.mp4,0.302396297454834
umqmhgjlfo.mp4,0.9691075086593628
umqqxbaxoo.mp4,0.1830824464559555
umrabkypsl.mp4,0.04418903589248657
umsaiuhlxj.mp4,0.6805778741836548
umsnfssapq.mp4,0.202106773853302
umtffiuldt.mp4,0.8898131847381592
umtmvguudo.mp4,0.9753240942955017
umtxxlapaw.mp4,0.9165393710136414
umvcmsuhgd.mp4,0.7612661719322205
umvdtehxpn.mp4,0.7173099517822266
umvjerzxqr.mp4,0.9358030557632446
umvqhomwpi.mp4,0.7277515530586243
umxyaqeqrs.mp4,0.9616459608078003
umyaxqtbef.mp4,0.8067646622657776
umyrvioygt.mp4,0.932197630405426
unbnujvson.mp4,0.7129569053649902
unbpdfqagl.mp4,0.8803013563156128
unbshgwprn.mp4,0.952727198600769
uncyecqmtf.mp4,0.08699555695056915
undrwckwva.mp4,0.9273192286491394
undxbsbrrb.mp4,0.9003077149391174
uneanxojth.mp4,0.8959431648254395
uneattgpli.mp4,0.917600154876709
unemrspjie.mp4,0.8895204663276672
uneskfqnsf.mp4,0.3760875463485718
unffcgnbem.mp4,0.9128360152244568
unfifycdki.mp4,0.907523512840271
ungifdhsbs.mp4,0.926227867603302
ungtptaifv.mp4,0.9108645915985107
unhgktaxjr.mp4,0.9120985269546509
unhxlmyozc.mp4,0.9205338358879089
unkqflwzcz.mp4,0.19873923063278198
unltsfsceq.mp4,0.06982570886611938
unlvgutmvv.mp4,0.7153433561325073
unmcqeahzf.mp4,0.9586513638496399
unmjjivnns.mp4,0.9419389367103577
unnlprzjvr.mp4,0.928096354007721
unnreejfhh.mp4,0.9890703558921814
unnvrkthai.mp4,0.06360391527414322
unnxgoshqv.mp4,0.7158645391464233
unnxrzsion.mp4,0.941683292388916
unoackfdpo.mp4,0.058451950550079346
unotcqwfph.mp4,0.8439280390739441
unpddtkrrf.mp4,0.2804665267467499
unpwttoyhu.mp4,0.9351245164871216
unpxsnhsft.mp4,0.07042573392391205
unqatfflwv.mp4,0.1654345989227295
unqcbybnqp.mp4,0.942069947719574
unqrsvtogq.mp4,0.10110820829868317
unsktqmhvp.mp4,0.929349958896637
unsuvravsb.mp4,0.9302514791488647
untfxruois.mp4,0.8825809359550476
untkllghmh.mp4,0.9655768275260925
untqatuyld.mp4,0.8714921474456787
unttrwvksn.mp4,0.6634942293167114
unuldcgdls.mp4,0.7543538808822632
unusvrwwpc.mp4,0.9670239686965942
unvriianzd.mp4,0.9146207571029663
unvxphxtsf.mp4,0.9530548453330994
unwvdugxbj.mp4,0.7441203594207764
unzdswjtwj.mp4,0.9740567803382874
uoajjolmzt.mp4,0.09943951666355133
uoarbqcnkd.mp4,0.7512938380241394
uobcbayafg.mp4,0.9741035103797913
uobyllyroc.mp4,0.9843313097953796
uodarndzsb.mp4,0.11371003091335297
uodiwnpryc.mp4,0.882339358329773
uodwphygbp.mp4,0.09593819826841354
uogrczqptf.mp4,0.05081680789589882
uogzybnclc.mp4,0.9167232513427734
uohileyyis.mp4,0.8030217885971069
uojgiwhlfg.mp4,0.10238032042980194
uolchgabpf.mp4,0.9323400855064392
uolqmqsgbs.mp4,0.060738954693078995
uomfimsutw.mp4,0.19922757148742676
uomxsreoxx.mp4,0.9500096440315247
uonfozzcon.mp4,0.9030873775482178
uonqfxhjbc.mp4,0.9432083368301392
uonuagldyy.mp4,0.9031485319137573
uoojkbcjoz.mp4,0.8935989737510681
uookxidzxy.mp4,0.888266384601593
uoosazyhmf.mp4,0.41810452938079834
uootkfuvqq.mp4,0.9831616878509521
uootqjddcw.mp4,0.9610985517501831
uoqivxlorh.mp4,0.7833428382873535
uoqmwwdujw.mp4,0.9626213908195496
uorlyerlzm.mp4,0.8321690559387207
uorpnlhqux.mp4,0.9219864010810852
uossxdapws.mp4,0.8982889652252197
uosucktcpt.mp4,0.9357583522796631
uotxbrzcmg.mp4,0.8864381313323975
uoulbnvlej.mp4,0.9637882113456726
uoulwvrurh.mp4,0.9399359226226807
uovovdpjcf.mp4,0.948429524898529
uovspumzpe.mp4,0.8749845027923584
uovwbmkbjy.mp4,0.9155566692352295
uowdwfzhss.mp4,0.9494904279708862
uowiocuqqt.mp4,0.9608049988746643
uowkstynct.mp4,0.897335946559906
uowrnxnqyo.mp4,0.2315623015165329
uoxbglromy.mp4,0.9739822745323181
uoxhfedrpt.mp4,0.20646736025810242
uoxmesdlrc.mp4,0.8695935606956482
uoxtopncoo.mp4,0.5412536859512329
uoxviglkbm.mp4,0.6183252930641174
uoyiffhkge.mp4,0.846230685710907
uoyqchrzaa.mp4,0.8906537294387817
uoyzugcsqe.mp4,0.6514372825622559
uozkhsgtfy.mp4,0.9209086298942566
uoznjlqxcj.mp4,0.8668128848075867
uozpugqwfr.mp4,0.8825476765632629
upadewcohq.mp4,0.928026020526886
upaoluyuab.mp4,0.9529144763946533
upawlovoyb.mp4,0.06966082006692886
upbvukttjs.mp4,0.8848472237586975
upcpqraglb.mp4,0.19933165609836578
updjprrxyi.mp4,0.7927125096321106
updmpuotfw.mp4,0.9379205703735352
updsnwikxs.mp4,0.5924754738807678
updxpjzkob.mp4,0.9019981622695923
upekdcbedf.mp4,0.8659124970436096
upetjoixvy.mp4,0.8764684796333313
upfazrjlgx.mp4,0.8354920744895935
upfizcpwaf.mp4,0.926993191242218
upghghmmvt.mp4,0.5896061658859253
upgupickuj.mp4,0.44597312808036804
upgwpxpjew.mp4,0.9512392282485962
uphqywpluy.mp4,0.36319735646247864
uphyxffruw.mp4,0.9603322148323059
upiglnuxww.mp4,0.6105139851570129
upjjvxowtp.mp4,0.9185142517089844
upjsffsjto.mp4,0.934035062789917
upjvuouney.mp4,0.9497858285903931
upkvltupip.mp4,0.8656163811683655
uplqdmwval.mp4,0.7357994914054871
uplsyyljtv.mp4,0.06663279980421066
upltgkcbzw.mp4,0.9090477824211121
upmiapadtj.mp4,0.9491694569587708
upncganvtg.mp4,0.9652913212776184
upnlaucocm.mp4,0.09955978393554688
upnuwqcgjp.mp4,0.8874144554138184
upnzyzlwnh.mp4,0.05254097282886505
upoqfmefjv.mp4,0.8349083065986633
upoudjfpxr.mp4,0.8941817283630371
upowrtzdno.mp4,0.1456974893808365
upphlazxcl.mp4,0.8976615071296692
uprcnqizdm.mp4,0.8429845571517944
upsqvunimy.mp4,0.9082108736038208
uptrderdxw.mp4,0.6106583476066589
upttkhclrb.mp4,0.672560453414917
uptujieixg.mp4,0.937177836894989
upubtgycvq.mp4,0.0914217010140419
upumdeuyrn.mp4,0.9117450714111328
upuobpieop.mp4,0.8638748526573181
upvvaqwevl.mp4,0.9341078996658325
upvvwkppgn.mp4,0.8919610381126404
upwqffzusq.mp4,0.9443265795707703
upwsvjdtgo.mp4,0.9417088627815247
upwtmbvqvb.mp4,0.9606525897979736
upwuufxocl.mp4,0.06689566373825073
upwyvqbjlq.mp4,0.9728312492370605
upxozqexfa.mp4,0.9329701066017151
upycebbxjj.mp4,0.918499231338501
upyvrlsnbl.mp4,0.9059867262840271
upztrqgfmd.mp4,0.8538588285446167
uqadoepiic.mp4,0.08292496204376221
uqajkglnmm.mp4,0.6611226797103882
uqalgbooko.mp4,0.843626856803894
uqawzjjpre.mp4,0.9404177069664001
uqbhdwljtw.mp4,0.8543561100959778
uqbhrsbnip.mp4,0.8374807834625244
uqecltwday.mp4,0.8792878985404968
uqerbjayta.mp4,0.9149795174598694
uqfebqqyan.mp4,0.5948603749275208
uqfgpbmvry.mp4,0.9037917256355286
uqfhskqqrf.mp4,0.9675685167312622
uqgtugqkxj.mp4,0.713365912437439
uqhoisnxye.mp4,0.7786635160446167
uqhxcvdsfj.mp4,0.8958083391189575
uqiglxjnhz.mp4,0.8991173505783081
uqijkukqyy.mp4,0.5734348893165588
uqiouyadgp.mp4,0.9170450568199158
uqitcsdqra.mp4,0.8934267163276672
uqizqntekg.mp4,0.7551144957542419
uqjnqgregj.mp4,0.329836905002594
uqkbctetpi.mp4,0.1079607903957367
uqkcqduxfw.mp4,0.6555091142654419
uqkkpcispv.mp4,0.9308205246925354
uqlbzgfhrp.mp4,0.8767383694648743
uqlmwmxmqn.mp4,0.5862394571304321
uqlxndbjuq.mp4,0.9414801597595215
uqmrousaoy.mp4,0.9280802011489868
uqnhilzzey.mp4,0.7690173983573914
uqnjkrcxwh.mp4,0.8986301422119141
uqntkvpntd.mp4,0.9190672636032104
uqoctszbev.mp4,0.8704284429550171
uqosmhxymk.mp4,0.6872052550315857
uqpgwzhlvd.mp4,0.9355325102806091
uqpigevvkm.mp4,0.9456562399864197
uqprlobtsn.mp4,0.062387458980083466
uqqrxxgwgd.mp4,0.0657029002904892
uqrcoimmit.mp4,0.8724985718727112
uqrfgxremg.mp4,0.7859023809432983
uqrwgslayc.mp4,0.16235794126987457
uqsfobfhjf.mp4,0.5556061863899231
uqslcsyvqy.mp4,0.9768509268760681
uqtezgfjgd.mp4,0.9599235653877258
uqthoawaxk.mp4,0.4823096990585327
uqtscxeeje.mp4,0.32591354846954346
uqumixjkam.mp4,0.9701981544494629
uqumoqocnx.mp4,0.9283583164215088
uqunxvrfhd.mp4,0.05188564583659172
uqvbuptnfv.mp4,0.33091190457344055
uqvlfblttj.mp4,0.911802351474762
uqvttodxsh.mp4,0.8229010105133057
uqwfmgsrxc.mp4,0.9662361145019531
uqxckixojj.mp4,0.9334105849266052
uqxmskujse.mp4,0.07549218088388443
uqyyookybd.mp4,0.9300241470336914
uqyzdorjos.mp4,0.9388312101364136
uqzgsfqjxw.mp4,0.9055656790733337
uqzkqbdpfx.mp4,0.11967746168375015
urawgdmtzy.mp4,0.9428039789199829
urbnivhpsz.mp4,0.36312970519065857
urbulrzowx.mp4,0.13443414866924286
urdbkcaiqo.mp4,0.7203429341316223
urdegesals.mp4,0.8373367190361023
urdgvejrzz.mp4,0.8071215152740479
urdnnksdpz.mp4,0.9424591660499573
urebotcvja.mp4,0.8289898633956909
urevcaskwe.mp4,0.9415921568870544
urfpwxqqif.mp4,0.9604781866073608
urfuhntprf.mp4,0.32590511441230774
urgrdxyooa.mp4,0.7447588443756104
urhafrmeox.mp4,0.12163715809583664
urhjflxaxx.mp4,0.8572753667831421
urhnruwybr.mp4,0.9864718317985535
uriaxvhlhu.mp4,0.9493528008460999
urjhlwwihm.mp4,0.9711435437202454
urjxsgqdpu.mp4,0.9126577973365784
urkdwctnan.mp4,0.8662614822387695
urkghvdumm.mp4,0.9890937209129333
urlkwrljdo.mp4,0.9669429063796997
urnwbwaocu.mp4,0.2645728588104248
uroeempcme.mp4,0.2542220652103424
urovdzyyff.mp4,0.3301596939563751
urphtccqnm.mp4,0.8881931304931641
urpjyivumo.mp4,0.8967806100845337
urpqcasyii.mp4,0.9410381317138672
urprknapog.mp4,0.5874053239822388
urqtyxbwce.mp4,0.2144937962293625
urszjvavkl.mp4,0.746094822883606
urtrdzioob.mp4,0.7253344058990479
urvbhukwqm.mp4,0.9105129241943359
urvmevrjut.mp4,0.13116653263568878
urvpisjzlv.mp4,0.19784604012966156
urwdvnypnf.mp4,0.8303148150444031
urxdctqpqx.mp4,0.40764039754867554
urxifmrcll.mp4,0.0880831852555275
urxkhxietl.mp4,0.6120669841766357
urxrgmhqjq.mp4,0.949529767036438
urybulcjjj.mp4,0.3630885183811188
urydhdejxz.mp4,0.9125317335128784
urygzzowre.mp4,0.6023448705673218
urymjmciep.mp4,0.125132754445076
uryractxga.mp4,0.7979058623313904
uryuqtrxqu.mp4,0.9211425185203552
urzgrfqlww.mp4,0.731930673122406
urzvuvzohy.mp4,0.9065331816673279
usaanzxier.mp4,0.475818008184433
usatwyxmao.mp4,0.832794725894928
usbzfkhyth.mp4,0.10063626617193222
uscvdwdtvp.mp4,0.8029888272285461
usdsqvdgfj.mp4,0.5286041498184204
usdtpjplub.mp4,0.8768166303634644
usfevxqgfb.mp4,0.9090431332588196
usfonypnnm.mp4,0.9139349460601807
usfowtggox.mp4,0.8670808672904968
usfwkpursg.mp4,0.9338657259941101
usgumjluzh.mp4,0.9590511322021484
usgzyilrwn.mp4,0.855594277381897
ushfsgkbit.mp4,0.03965968266129494
ushqdzxdrj.mp4,0.7927678823471069
usjekoukzs.mp4,0.8646772503852844
usjlckywbi.mp4,0.9794270992279053
usjnlahlcj.mp4,0.7766956686973572
usjoggggua.mp4,0.8198713660240173
usjqyfgrpu.mp4,0.10317116230726242
uskjtnuvbd.mp4,0.07647320628166199
uskteiefkc.mp4,0.7689809799194336
uskysinzim.mp4,0.07910487055778503
uslfuhiexh.mp4,0.09545458108186722
uslrdwoywo.mp4,0.9096823930740356
usnkvutfzz.mp4,0.8862937092781067
usopcidiqn.mp4,0.6429930329322815
usorkdoptf.mp4,0.08149681985378265
usowbfpjgv.mp4,0.71036297082901
usoxrswrap.mp4,0.9415524005889893
uspbvpmuul.mp4,0.8816314935684204
usprpssifn.mp4,0.7046990990638733
usrkylpntf.mp4,0.8123075366020203
usrvunyylx.mp4,0.05438557267189026
ustctvevep.mp4,0.9891798496246338
ustezmxibd.mp4,0.8485851883888245
ustgxpfrze.mp4,0.9336616396903992
usuiydeyqr.mp4,0.9449575543403625
usurlmfkjh.mp4,0.8432227969169617
usvjzoinhn.mp4,0.7844887375831604
usvtrbpqks.mp4,0.971186637878418
uswgudfwoe.mp4,0.8258775472640991
uswonbndql.mp4,0.09239305555820465
usxbjyowsi.mp4,0.20020939409732819
usxizgqsxx.mp4,0.9099556803703308
usxsdztgzq.mp4,0.8552382588386536
usywrisusw.mp4,0.7365639805793762
uszersxejh.mp4,0.8643902540206909
uszmotkxks.mp4,0.9426402449607849
uszudvazae.mp4,0.8973087072372437
utbiwnkzct.mp4,0.6504430770874023
utbqagvslm.mp4,0.3290320336818695
utccmvubvy.mp4,0.947726845741272
utcykgtpfq.mp4,0.7848821878433228
utdcjeaidc.mp4,0.6528709530830383
utdylnarnm.mp4,0.954725980758667
utebhplinb.mp4,0.8477093577384949
utflkdvchw.mp4,0.9102538824081421
utfydtrgqo.mp4,0.27280285954475403
utgpfzdlrz.mp4,0.8995851278305054
uthdefddbm.mp4,0.926100492477417
utiephcocy.mp4,0.9199448227882385
utinfiqowk.mp4,0.9852819442749023
utiqzvhbok.mp4,0.36929813027381897
utjayyhely.mp4,0.9632139801979065
utjkrwcexm.mp4,0.693236231803894
utjrjnqbae.mp4,0.7477139830589294
utkfpuuvop.mp4,0.9179465770721436
utkjvotqni.mp4,0.9880224466323853
utkrusiplj.mp4,0.9274902939796448
utmexpmahh.mp4,0.9337509870529175
utndcmipgm.mp4,0.16090960800647736
utnizyqmri.mp4,0.11304712295532227
utnwupjdpp.mp4,0.08486957848072052
utnwynygrf.mp4,0.937670886516571
utnxmqunkj.mp4,0.9678400754928589
utnxucbghl.mp4,0.9677870273590088
utowkxstiq.mp4,0.9264148473739624
utqxvfbpok.mp4,0.9137924313545227
utrmwnogjd.mp4,0.1086030974984169
utsawapsbs.mp4,0.2626909017562866
utsmbwigyi.mp4,0.9571046233177185
utsqgwqadw.mp4,0.5056408643722534
uttheobodn.mp4,0.07204116880893707
uttveiwvcq.mp4,0.8513566851615906
utumhfamjb.mp4,0.9623712301254272
utuyrqozse.mp4,0.45994359254837036
utvnuhrhxe.mp4,0.06854942440986633
utxxopbcuk.mp4,0.3677181303501129
utzsehqspn.mp4,0.660609781742096
uuakfvajme.mp4,0.8295938968658447
uuavndpnxs.mp4,0.7978330850601196
uubaefmgxt.mp4,0.9364394545555115
uubfyqtaho.mp4,0.9669176936149597
uubjjckmej.mp4,0.11629793792963028
uubommbnlf.mp4,0.8773221969604492
uubvowiegs.mp4,0.8185936212539673
uucnlezlzo.mp4,0.9829285740852356
uudhxrgrix.mp4,0.1994183510541916
uudlbgvuwz.mp4,0.6869556903839111
uudouzhchc.mp4,0.36033758521080017
uuecllezla.mp4,0.9226531386375427
uueofqovjj.mp4,0.9721948504447937
uueykqzcll.mp4,0.06248630955815315
uufxagcqrl.mp4,0.9588237404823303
uugdjzyrqj.mp4,0.9290298819541931
uugsqqrrbr.mp4,0.5744946002960205
uugytivxaq.mp4,0.8196220397949219
uuhnhpsnct.mp4,0.9568795561790466
uuhvxweduw.mp4,0.8794770836830139
uuhzxllyug.mp4,0.7632930874824524
uuihvfgqau.mp4,0.06953602284193039
uuilzsbtgz.mp4,0.9199777841567993
uuipomilwe.mp4,0.9602959156036377
uuisaarhzt.mp4,0.04037744924426079
uuixytykuc.mp4,0.13820724189281464
uujdeyaips.mp4,0.8742096424102783
uujtgpehhz.mp4,0.046329498291015625
uukbdjaedq.mp4,0.7575486302375793
uulkdyuvrj.mp4,0.8727465271949768
uulplqqlom.mp4,0.1583036184310913
uumaxedycc.mp4,0.696704089641571
uumxnzjpzk.mp4,0.9621396660804749
uumylzfykw.mp4,0.9776567220687866
uunbmttqbx.mp4,0.9661755561828613
uunsajfqxx.mp4,0.7825753092765808
uuoeukncsv.mp4,0.9682765007019043
uuposvodqz.mp4,0.8854266405105591
uuppqhueun.mp4,0.9387783408164978
uupsepswze.mp4,0.9375333189964294
uuqfasulad.mp4,0.9238188862800598
uuqlhitjcx.mp4,0.959480345249176
uuqtsdgbei.mp4,0.9308831691741943
uurhbyktzw.mp4,0.9218788146972656
uurjvuvaag.mp4,0.8746869564056396
uurpocvenf.mp4,0.7230076193809509
uursiulmds.mp4,0.56949383020401
uurycrrtfc.mp4,0.06997769325971603
uuscfojzrt.mp4,0.3997105658054352
uusmztzrkb.mp4,0.16966460645198822
uusoeynjla.mp4,0.8961495757102966
uutbvtpkfc.mp4,0.8793448805809021
uutchkbwsj.mp4,0.3877546489238739
uutnzoenpv.mp4,0.9417127370834351
uutxmgqajd.mp4,0.09514438360929489
uuulaqwgny.mp4,0.42595723271369934
uuvwzuvbmb.mp4,0.9593123197555542
uuwbuffwpk.mp4,0.9577259421348572
uuwfgichjb.mp4,0.3251469135284424
uuwidltakm.mp4,0.3991405665874481
uuwkcqqhku.mp4,0.4265523850917816
uuwtppisur.mp4,0.9143983125686646
uuxxyhwtqw.mp4,0.7878715395927429
uuyluuzfdd.mp4,0.8715624809265137
uuyrvfvavu.mp4,0.9532369375228882
uuyyezfcnx.mp4,0.08734271675348282
uuzalivrsv.mp4,0.9570434093475342
uuzhgdmkoy.mp4,0.8978756070137024
uuzyzglejw.mp4,0.4140809178352356
uuzzmxbjwd.mp4,0.9337485432624817
uvarwbjvcv.mp4,0.2161039113998413
uvazygkstj.mp4,0.9146148562431335
uvbualonpg.mp4,0.7635384202003479
uvbzzcthwp.mp4,0.6445959806442261
uvcaryazhi.mp4,0.8793386816978455
uvcdjksizj.mp4,0.6682648658752441
uvcselqnls.mp4,0.9411267638206482
uvenksrapv.mp4,0.7333084940910339
uveqhhfdnw.mp4,0.9405822157859802
uveucfohux.mp4,0.8080243468284607
uvfiplgrex.mp4,0.7530555725097656
uvfvbjdqrp.mp4,0.9035857319831848
uvfybmqdxc.mp4,0.9111592769622803
uvgjewintf.mp4,0.9175807237625122
uvhgrgeady.mp4,0.9309738874435425
uvhxgaoieh.mp4,0.1352977752685547
uvijfspmjb.mp4,0.9894852042198181
uvijrvbfdi.mp4,0.8846237659454346
uvivqehlky.mp4,0.5141344666481018
uviywgksgd.mp4,0.030431363731622696
uvjapszjxq.mp4,0.13279160857200623
uvjndtihbf.mp4,0.989220917224884
uvkbpwbvix.mp4,0.49217572808265686
uvkepukszg.mp4,0.9682736396789551
uvlagehhac.mp4,0.6106536984443665
uvlmcgybkk.mp4,0.7020148634910583
uvlpkbwvda.mp4,0.9191043972969055
uvlrgrtggg.mp4,0.7218062281608582
uvmnbnminv.mp4,0.16897495090961456
uvmxltcqxw.mp4,0.6875565052032471
uvmzrydsml.mp4,0.8715322017669678
uvnefxyqsy.mp4,0.044942695647478104
uvngwtikqt.mp4,0.076034776866436
uvogzfylos.mp4,0.17699116468429565
uvozmhibat.mp4,0.9566221833229065
uvqfmpbxos.mp4,0.6560840010643005
uvqgbpumou.mp4,0.9175103902816772
uvqpbzcqtc.mp4,0.1449962556362152
uvroruyqea.mp4,0.5870037078857422
uvrxpikmjw.mp4,0.9613162875175476
uvsxysqatj.mp4,0.5849814414978027
uvubglruyj.mp4,0.39581871032714844
uvuioxigps.mp4,0.05900115892291069
uvukxbzevm.mp4,0.9201481938362122
uvuzjfjytj.mp4,0.9550952315330505
uvvnlsgoiu.mp4,0.17267461121082306
uvvzgtmqcm.mp4,0.9883211255073547
uvyjhjlwtu.mp4,0.34893614053726196
uvyvbfhchf.mp4,0.8676938414573669
uvyxhwohay.mp4,0.1661161631345749
uvzktioygx.mp4,0.12140502780675888
uvzlfuxalu.mp4,0.41037991642951965
uvzoyxihnt.mp4,0.2528247833251953
uwaazdihiw.mp4,0.965254008769989
uwaebatuei.mp4,0.8642681837081909
uwazhvyyzh.mp4,0.14805805683135986
uwbhcogubo.mp4,0.06264052540063858
uwccodyhgh.mp4,0.865619957447052
uwctsjhxyh.mp4,0.9641357064247131
uwdkrptpuk.mp4,0.9360398054122925
uwdmyewvtz.mp4,0.9526345133781433
uwfryvyjko.mp4,0.7666561603546143
uwfzqjknes.mp4,0.8267068266868591
uwgayiejac.mp4,0.905228316783905
uwgbfkztlz.mp4,0.08146847784519196
uwhdqtpvfw.mp4,0.8370761871337891
uwhuhyleff.mp4,0.8832465410232544
uwifmjbrkf.mp4,0.941758394241333
uwigpiavvn.mp4,0.05378567427396774
uwjbwegyfx.mp4,0.14440299570560455
uwjldovxhd.mp4,0.751254677772522
uwjnsouqrr.mp4,0.6995311975479126
uwkbtdezji.mp4,0.6125683188438416
uwkgtxowos.mp4,0.42245611548423767
uwlnxywktv.mp4,0.9322055578231812
uwloqhsial.mp4,0.49663394689559937
uwlzegtnya.mp4,0.09477737545967102
uwmejkcemy.mp4,0.05588481202721596
uwnmnneryj.mp4,0.6097029447555542
uwnzdnhohf.mp4,0.9576596021652222
uwokjfkknh.mp4,0.8367117643356323
uwoycallmh.mp4,0.5
uwpuaikywj.mp4,0.853901743888855
uwpvviiste.mp4,0.9087631106376648
uwrjhozxyi.mp4,0.9619204998016357
uwsxymmirf.mp4,0.9191074967384338
uwtbceprig.mp4,0.9446970224380493
uwudxxvovh.mp4,0.8767207264900208
uwwfiiqssb.mp4,0.9830533266067505
uwwqocrypp.mp4,0.8895504474639893
uwwuzyshur.mp4,0.6824642419815063
uwxhiebnci.mp4,0.8494277596473694
uwyastvevc.mp4,0.9511164426803589
uwyilxpckd.mp4,0.9607762694358826
uwyshkvtgr.mp4,0.11999356746673584
uwyvkyujhg.mp4,0.935340404510498
uwyyfstznc.mp4,0.9495390057563782
uwznchbfkq.mp4,0.9528804421424866
uwztugirjr.mp4,0.36186107993125916
uwzuaveowu.mp4,0.08166193962097168
uxaavcfujo.mp4,0.8541924953460693
uxaisqejol.mp4,0.4177597463130951
uxalgdwabq.mp4,0.9118072390556335
uxauuygolf.mp4,0.9347913265228271
uxbjqnphle.mp4,0.9609232544898987
uxbmpeeqak.mp4,0.9820607304573059
uxcgopzrod.mp4,0.09259091317653656
uxdilljouv.mp4,0.8892582654953003
uxdvzuwlsg.mp4,0.9482954144477844
uxgkqpiykp.mp4,0.13824573159217834
uxhldogxrr.mp4,0.9054864645004272
uxhqwlmtaa.mp4,0.9177024364471436
uxinzynpnn.mp4,0.9721606969833374
uxiwmpsbxe.mp4,0.8166545629501343
uxjdqivotq.mp4,0.6353347897529602
uxjrgfjgtx.mp4,0.9112802743911743
uxkojffbsr.mp4,0.7591656446456909
uxlrcicjge.mp4,0.9575703144073486
uxlwuuaqnc.mp4,0.8235276341438293
uxlzsdgwzt.mp4,0.22595332562923431
uxmjvpcggx.mp4,0.8930971622467041
uxmtuwptvu.mp4,0.7578962445259094
uxncexcmuz.mp4,0.8886423707008362
uxnxhvsyoi.mp4,0.9419556260108948
uxodfhnerf.mp4,0.8904436230659485
uxojdmarwk.mp4,0.9224342107772827
uxollclqvb.mp4,0.7531741261482239
uxouojxhlk.mp4,0.9238340854644775
uxpimdnggv.mp4,0.8818285465240479
uxpydukepe.mp4,0.8511203527450562
uxraycluin.mp4,0.06603547185659409
uxrfloqltk.mp4,0.31268593668937683
uxsornonck.mp4,0.25417742133140564
uxsxbgombk.mp4,0.9182161092758179
uxtxjtveey.mp4,0.8498695492744446
uxucjnlnby.mp4,0.4613422155380249
uxunebmxvx.mp4,0.055658310651779175
uxuroduqmh.mp4,0.944972813129425
uxvarukjxl.mp4,0.8579646348953247
uxvbykfxnc.mp4,0.9020118713378906
uxvfyphcoq.mp4,0.8736902475357056
uxvocmsqwu.mp4,0.9366323947906494
uxwzngvsyz.mp4,0.814986526966095
uxwzubexti.mp4,0.09919711202383041
uxxmmyruzq.mp4,0.9402798414230347
uxyahhivjk.mp4,0.9501360058784485
uxzguadsee.mp4,0.97135990858078
uxzkgvidhz.mp4,0.9312092065811157
uxzxaahtob.mp4,0.8674226403236389
uxzxbkxegt.mp4,0.9158113598823547
uxzxnkqqna.mp4,0.9324082136154175
uyaqvalgow.mp4,0.9712307453155518
uybatywocp.mp4,0.2583771049976349
uybsejchpc.mp4,0.8887656927108765
uycqpeidlg.mp4,0.4558256268501282
uycskzxyzw.mp4,0.8712801337242126
uydlsvuore.mp4,0.11883469671010971
uydniprivd.mp4,0.9518348574638367
uydzkjefzg.mp4,0.8982793688774109
uyefddtyth.mp4,0.9111320376396179
uyemjrkiub.mp4,0.09327414631843567
uyeolluenx.mp4,0.6775415539741516
uyfwyhaqrl.mp4,0.9403793811798096
uyhaeqbldf.mp4,0.734760582447052
uyhbbzgrkq.mp4,0.0714891329407692
uyhkwtjbwb.mp4,0.9128749370574951
uyhmogukwo.mp4,0.9166070818901062
uyhyskrotc.mp4,0.5779827237129211
uyicbkmyef.mp4,0.8696463704109192
uyiedzttyr.mp4,0.9154385328292847
uyizpqbaxn.mp4,0.8979106545448303
uyjbrbdeoq.mp4,0.19555237889289856
uyjcuvowxm.mp4,0.9794014096260071
uyjfsnpryr.mp4,0.7836646437644958
uykggjjozu.mp4,0.9822790622711182
uylajhuozd.mp4,0.9713619351387024
uylcifbyvw.mp4,0.24816708266735077
uymeandgmh.mp4,0.8817822933197021
uymriggagi.mp4,0.8586754202842712
uynhhjdjlk.mp4,0.6807726621627808
uyntcoigrn.mp4,0.5329739451408386
uynzprsvko.mp4,0.9413613677024841
uyoghxdsym.mp4,0.11952713131904602
uyopjtrmul.mp4,0.2066633552312851
uyoqozgdcy.mp4,0.9540860652923584
uyoznxqkbk.mp4,0.5120126008987427
uypatuhzra.mp4,0.9694330096244812
uypcizndsr.mp4,0.8953583240509033
uyphplhfmc.mp4,0.9100947976112366
uyplcsfgjg.mp4,0.8668227791786194
uypopceldq.mp4,0.9564724564552307
uyqdtftimc.mp4,0.8868387341499329
uyrvxhvljs.mp4,0.1025189682841301
uysrvriege.mp4,0.7543673515319824
uyszohikoe.mp4,0.9250953793525696
uytabnlzvw.mp4,0.9659902453422546
uytlxiwnqz.mp4,0.851289689540863
uytwclomcl.mp4,0.9125679731369019
uyuftqkzff.mp4,0.9033109545707703
uyuhvubudu.mp4,0.4233151972293854
uyujqzncws.mp4,0.7059848308563232
uyumolhfdh.mp4,0.9603686928749084
uywdjgfgqr.mp4,0.8858008980751038
uywjkfvrwn.mp4,0.9722440838813782
uyxbonjytu.mp4,0.8021067976951599
uyxhvcnczz.mp4,0.9136285185813904
uyxszqnrtv.mp4,0.7583964467048645
uyzfnhqppa.mp4,0.27492833137512207
uyzvpvxclu.mp4,0.07337269186973572
uzabmrkzvk.mp4,0.9374837279319763
uzacaxnoda.mp4,0.47113075852394104
uzawooqxrq.mp4,0.9874073266983032
uzcnpkyrjh.mp4,0.9192071557044983
uzcoipkltv.mp4,0.8797063827514648
uzddlnfdzh.mp4,0.9510658383369446
uzdmxmfcqe.mp4,0.9349673986434937
uzdzrjkjsd.mp4,0.8923172354698181
uzeidqykos.mp4,0.672745943069458
uzejpnkuap.mp4,0.9068028330802917
uzfhsugpal.mp4,0.791192889213562
uzgrffkifk.mp4,0.42122310400009155
uziqxnmrvm.mp4,0.9146007895469666
uzishruvmm.mp4,0.8990122079849243
uzkpplcmxg.mp4,0.4486258924007416
uzkrgmuqti.mp4,0.9324715733528137
uzkzdvavdx.mp4,0.31801483035087585
uzlatnjxop.mp4,0.9241600036621094
uzmqxbulvn.mp4,0.9890391230583191
uzmssdmeje.mp4,0.9367408156394958
uzmuovkewv.mp4,0.9302033185958862
uzngntvcto.mp4,0.9189447164535522
uznlkerdwl.mp4,0.5494800806045532
uzoixvnqjd.mp4,0.8765828013420105
uzoodbatvz.mp4,0.969701886177063
uzperzaawk.mp4,0.9320953488349915
uzpnbfhzmg.mp4,0.9333169460296631
uzqdjsfrix.mp4,0.8885015845298767
uzqerpapft.mp4,0.14706294238567352
uzqwcknfrc.mp4,0.892200767993927
uzrauzmgas.mp4,0.9588037133216858
uzrejiuxtl.mp4,0.9685643911361694
uzstcuseii.mp4,0.9900000691413879
uztiycslpc.mp4,0.6623796224594116
uztyuhpmrb.mp4,0.8979387283325195
uzulwctbpf.mp4,0.7950446605682373
uzusitvarg.mp4,0.09381026774644852
uzvjmjjqgz.mp4,0.9250431060791016
uzwhknkitr.mp4,0.9041559100151062
uzwoxtyzzh.mp4,0.6994520425796509
uzxixpvmcg.mp4,0.6885429620742798
uzxuezozjx.mp4,0.06201043725013733
uzxurqcdis.mp4,0.18983392417430878
uzybvjyhsk.mp4,0.9714404344558716
uzyfjvbstv.mp4,0.9143462181091309
uzyxwskhxx.mp4,0.9648197293281555
vaaqnxwsbs.mp4,0.9843486547470093
vaaxmeltki.mp4,0.9251089096069336
vaaxzughpn.mp4,0.5615906715393066
vabnxszwug.mp4,0.12232106178998947
vacfdybetb.mp4,0.7853421568870544
vacgglejhw.mp4,0.9671982526779175
vacpjvuxfa.mp4,0.8815037608146667
vadksrlcod.mp4,0.05921100452542305
vadnlydzua.mp4,0.6399566531181335
vafcspnrcg.mp4,0.8495742082595825
vafnyfogcz.mp4,0.8516683578491211
vafqiijgxh.mp4,0.9119738936424255
vahicbizml.mp4,0.10532435029745102
vaibbkpvps.mp4,0.8768428564071655
vaicfyqaje.mp4,0.06616755574941635
vaidoqeblk.mp4,0.9669767618179321
vaiedvrqrr.mp4,0.43563076853752136
vaikesmhcv.mp4,0.134040966629982
vaikntoixi.mp4,0.9272956252098083
vaimtkgxia.mp4,0.6603400707244873
vaketglffj.mp4,0.7491058707237244
vakyowiikg.mp4,0.9309892058372498
valgtwitdo.mp4,0.7256283760070801
valhijoqtd.mp4,0.9417935609817505
valoivtdaw.mp4,0.9134200215339661
valphjeyoj.mp4,0.9528527855873108
vamckfoaxg.mp4,0.876539945602417
vamickgkfv.mp4,0.718835711479187
vamnclfdhf.mp4,0.9252294898033142
vamxkrwasc.mp4,0.9223207831382751
vansmfbqdl.mp4,0.6559762358665466
vaoahwryzb.mp4,0.8576512336730957
vaobozpotd.mp4,0.21337565779685974
vaodijuuyp.mp4,0.9435736536979675
vapuddgzcr.mp4,0.8245137929916382
vapuelkdug.mp4,0.6379920840263367
vapxptvubq.mp4,0.6514788866043091
vaqrevufsk.mp4,0.783087968826294
varfagexso.mp4,0.04284007474780083
varfxelcfa.mp4,0.17778845131397247
varksutsvk.mp4,0.9364281296730042
varoylcnht.mp4,0.5613239407539368
vartdbvmir.mp4,0.8828517198562622
vatnapxxqy.mp4,0.9323107600212097
vatyutluaw.mp4,0.7270644903182983
vauhwngubd.mp4,0.21752296388149261
vaukfhcafc.mp4,0.8952663540840149
vauwkkjikv.mp4,0.09924668818712234
vavmtgexqo.mp4,0.04397396370768547
vawlbsbqxj.mp4,0.9419301748275757
vawotznxqn.mp4,0.472592830657959
vawzzxehog.mp4,0.9258913993835449
vaxswdxebr.mp4,0.8315016627311707
vaydtpnudn.mp4,0.9617491364479065
vaysrqhdzb.mp4,0.8951026201248169
vazoblhsmf.mp4,0.7506455779075623
vbacamczvk.mp4,0.9240817427635193
vbajpmxfrw.mp4,0.14544282853603363
vbatwpbewy.mp4,0.926162838935852
vbbxmmnlry.mp4,0.5721907019615173
vbcaefsitt.mp4,0.9398930072784424
vbcobttbuh.mp4,0.40405789017677307
vbcpcaigmu.mp4,0.6209824085235596
vbcqmyshxr.mp4,0.0708606019616127
vbddzrqlfg.mp4,0.9645777344703674
vbdeoxobdv.mp4,0.9696788191795349
vbdhzukhjs.mp4,0.12587031722068787
vbdzuwcfvh.mp4,0.9488336443901062
vbfjacamax.mp4,0.8959015607833862
vbfxqmhmrs.mp4,0.14859341084957123
vbgkguxrvy.mp4,0.3202688992023468
vbglsnijhh.mp4,0.7397741079330444
vbguoacpun.mp4,0.901448667049408
vbigmimfjp.mp4,0.07228921353816986
vbioetqfii.mp4,0.9221945405006409
vbisvunrwd.mp4,0.841056764125824
vblkpyrktq.mp4,0.8925926685333252
vblmiqnntb.mp4,0.5752073526382446
vblnxpxxqc.mp4,0.818088948726654
vbmezehlps.mp4,0.38599228858947754
vbmlhiuiof.mp4,0.4838518798351288
vbmunhsxhr.mp4,0.6492875218391418
vbmvaucztq.mp4,0.9365320801734924
vbmwwdmhzu.mp4,0.10019785910844803
vbocreoktm.mp4,0.80376136302948
vbodsguxxt.mp4,0.9597803950309753
vbolzlkcxa.mp4,0.915239155292511
vbpdwvkvxs.mp4,0.04154464602470398
vbpmwpmooy.mp4,0.980506956577301
vbputtjekp.mp4,0.23426900804042816
vbqpkjauhb.mp4,0.7699889540672302
vbrjnuoxmx.mp4,0.957364559173584
vbrplsozds.mp4,0.9739845991134644
vbrviucyqc.mp4,0.7785341739654541
vbrwjqueqz.mp4,0.9373427629470825
vbrzbcqrnw.mp4,0.9397459626197815
vbslxobktu.mp4,0.846623420715332
vbsqhusjhp.mp4,0.9249347448348999
vbtdoaemke.mp4,0.9305416941642761
vbtnqbjuux.mp4,0.8835605382919312
vbtvivcsaw.mp4,0.9047214388847351
vbujjjzgxs.mp4,0.5086323022842407
vbuklpogen.mp4,0.292464941740036
vbvoqmpjkk.mp4,0.9564902782440186
vbwgtabpcv.mp4,0.14544832706451416
vbwpcarauq.mp4,0.8102222084999084
vbwtdnstsq.mp4,0.3232363164424896
vbwtnyqttl.mp4,0.17063717544078827
vbwwhcmfwx.mp4,0.8693274259567261
vbxorsxlpg.mp4,0.9213749766349792
vbxztkvyhi.mp4,0.8016127347946167
vbyhlwimwy.mp4,0.6422135233879089
vbymgzprqg.mp4,0.9588091969490051
vbywxlwjka.mp4,0.14681684970855713
vbyzamqzkt.mp4,0.8579193353652954
vbzbfhzyku.mp4,0.9059478044509888
vbzdlbcxwf.mp4,0.11082440614700317
vbzxgqhbhn.mp4,0.9664851427078247
vbzzpkwnet.mp4,0.06105470657348633
vcaajjqosr.mp4,0.9727631211280823
vcatxbnsck.mp4,0.883334219455719
vcbfvmjtbp.mp4,0.9233140349388123
vcblbuxbpk.mp4,0.9252957105636597
vcbyffaxac.mp4,0.31769460439682007
vceahbarjg.mp4,0.9539728164672852
vcenwynstv.mp4,0.9392700791358948
vcfmwusghg.mp4,0.8502686023712158
vcfowchmxz.mp4,0.08942821621894836
vcgelshrli.mp4,0.0913926213979721
vcgupjrrmo.mp4,0.8023428916931152
vchdlpsjjn.mp4,0.9817107319831848
vchlzzsbyp.mp4,0.10434571653604507
vchpmjyero.mp4,0.9168546795845032
vcioownnuq.mp4,0.9160898923873901
vcklvvpait.mp4,0.8924306035041809
vckrtidobg.mp4,0.7286475300788879
vclisimdvl.mp4,0.8740817308425903
vcmdjpepdv.mp4,0.9813423752784729
vcmhigfrbk.mp4,0.9288231730461121
vcnekqcsgm.mp4,0.3859008848667145
vcnlzqulvk.mp4,0.9375938177108765
vcnqejrxhr.mp4,0.762462854385376
vcnwrcwqcs.mp4,0.9441555738449097
vcnwszucoi.mp4,0.8496404886245728
vcoxcsxkmq.mp4,0.12886866927146912
vcoxhbyfgw.mp4,0.9900000691413879
vcqcervdzi.mp4,0.9270651340484619
vcqdmzirff.mp4,0.27670571208000183
vcqgfemqgt.mp4,0.9161199927330017
vcqgihwpvz.mp4,0.8902167081832886
vcrjcvfmuf.mp4,0.862634003162384
vcrmlccwlo.mp4,0.10058684647083282
vcrpfwfyxw.mp4,0.8655315041542053
vcrsbaumvo.mp4,0.840742826461792
vcsnxzuwmz.mp4,0.04847247898578644
vctwucgixu.mp4,0.9751020669937134
vcumowlzxb.mp4,0.8974757790565491
vcupnuytpb.mp4,0.9664655327796936
vcuwljflau.mp4,0.9868105053901672
vcuyjclura.mp4,0.881091296672821
vcvnxynkfu.mp4,0.42970535159111023
vcvqfkaatg.mp4,0.7217482924461365
vcwhqingpg.mp4,0.10841251909732819
vcxjnsrgqh.mp4,0.9749271869659424
vcydvlacqr.mp4,0.8749136328697205
vcyiqndlpr.mp4,0.9387825131416321
vczmpcsqga.mp4,0.0645357146859169
vczqlbiqzt.mp4,0.931016206741333
vdaeabtran.mp4,0.5910626649856567
vdaiwsswzr.mp4,0.4019738733768463
vdajzsoqat.mp4,0.8349285125732422
vdarshgprl.mp4,0.9183417558670044
vdbgwbysyz.mp4,0.9383315443992615
vdblyisner.mp4,0.8173463344573975
vdbvsvobgq.mp4,0.9187660813331604
vdcxojkuvk.mp4,0.8290569186210632
vddddtoqhw.mp4,0.39004185795783997
vddmjkvitf.mp4,0.9295101165771484
vddzflpeat.mp4,0.8889606595039368
vdevvrpqdk.mp4,0.07980795204639435
vdgaewfami.mp4,0.9361910820007324
vdgefdsrda.mp4,0.31950488686561584
vdgibxqylz.mp4,0.9716457724571228
vdhmwmmdwc.mp4,0.939217746257782
vdinbayunq.mp4,0.8949048519134521
vdjjanykyc.mp4,0.9717987775802612
vdjkiusseu.mp4,0.8334521651268005
vdjyomnhjf.mp4,0.18657273054122925
vdkbgjzjah.mp4,0.2935003340244293
vdkfjetpaa.mp4,0.10985667258501053
vdlchuptjz.mp4,0.420693576335907
vdltwguhex.mp4,0.6740249991416931
vdmaeysfhq.mp4,0.20085906982421875
vdmbchexkc.mp4,0.07173983007669449
vdmlnjupqm.mp4,0.6391079425811768
vdmpnmnsmv.mp4,0.9510684609413147
vdmsfnbtse.mp4,0.9238797426223755
vdniupszfp.mp4,0.8770719170570374
vdotcxvngl.mp4,0.9322832822799683
vdpftwbuzb.mp4,0.7651453018188477
vdpjbtmwtm.mp4,0.8578686714172363
vdprdmbzez.mp4,0.7756041288375854
vdpzavvuam.mp4,0.9042303562164307
vdqdwpcpwd.mp4,0.9834461808204651
vdqlcevfys.mp4,0.07787222415208817
vdqritvjfl.mp4,0.07909627258777618
vdriwbzkqt.mp4,0.5944850444793701
vdsirrbcar.mp4,0.3099788427352905
vdsvkclzcl.mp4,0.8312823176383972
vdtmlbzhwi.mp4,0.13289643824100494
vdtvohankg.mp4,0.33007127046585083
vduqphtrei.mp4,0.21347163617610931
vdvffooule.mp4,0.2637682855129242
vdviepstwv.mp4,0.9536623358726501
vdviynltwo.mp4,0.5350486040115356
vdvqyocatg.mp4,0.9588767290115356
vdwhghrocr.mp4,0.21465395390987396
vdwzarbfro.mp4,0.9309142231941223
vdxrhsrtxi.mp4,0.858268678188324
vdycfwhcnw.mp4,0.9450057744979858
vdyhcesmes.mp4,0.9816865921020508
veasqdjezk.mp4,0.048224013298749924
vebmzzbjmw.mp4,0.1299676150083542
vebqnnskmx.mp4,0.9457008838653564
vecncurxxs.mp4,0.45011910796165466
vecpsduyek.mp4,0.9419037103652954
vedfvbgmlw.mp4,0.8170077800750732
vedptrbvwf.mp4,0.9879285097122192
veebbmwxcy.mp4,0.8861043453216553
veeshygosz.mp4,0.9075684547424316
vefsefzior.mp4,0.06472688913345337
veghrwyrei.mp4,0.9716042876243591
vegikoijyv.mp4,0.8688781261444092
vegxooikmg.mp4,0.9602169990539551
vehavdpudy.mp4,0.7653181552886963
vehfrbzqic.mp4,0.980948269367218
vehvnfriqh.mp4,0.042705170810222626
veivhympzw.mp4,0.762644350528717
veixrkjqvi.mp4,0.981658935546875
veizjojmka.mp4,0.6706040501594543
veizpmvwsd.mp4,0.7619038224220276
vejadazcyr.mp4,0.9144052863121033
vejalpxadv.mp4,0.7741291522979736
vekifszeqs.mp4,0.05503923073410988
vekowwvpdl.mp4,0.9527827501296997
vekvxnlifq.mp4,0.8936116099357605
veljdnicrj.mp4,0.587760329246521
velsbbrsxo.mp4,0.7735669016838074
vemkifcxcn.mp4,0.7623564600944519
vemnbnqoqk.mp4,0.6468039155006409
vemrgsglez.mp4,0.8913451433181763
venacxpweh.mp4,0.9508323669433594
vencojpgda.mp4,0.8675229549407959
venlqferdg.mp4,0.860235869884491
venocbjbce.mp4,0.9603570699691772
venolarbbi.mp4,0.8945105075836182
veochyfnmr.mp4,0.940172553062439
veonctwtvy.mp4,0.8624112606048584
veoqevbrix.mp4,0.8749420642852783
vepsrhoemi.mp4,0.5483708381652832
veptkrjscn.mp4,0.9071962237358093
vepwfvaowm.mp4,0.9233516454696655
veqmbjkpdd.mp4,0.9543313384056091
vequthjwqt.mp4,0.865243673324585
verjftplzg.mp4,0.9010131359100342
verpxkucoi.mp4,0.4372224509716034
veruihwrka.mp4,0.8960220217704773
vesrpvbeil.mp4,0.8321207165718079
vetgneddor.mp4,0.04759820178151131
vetjxiiqmo.mp4,0.05710458382964134
vetudzjkpl.mp4,0.07195939868688583
vevgmzjwyh.mp4,0.8750119209289551
vevndjwbxp.mp4,0.5279780030250549
vewpuspywj.mp4,0.7845421433448792
vexotpgdtv.mp4,0.9306616187095642
vexrpgxzpx.mp4,0.9819608330726624
vexsmecivv.mp4,0.14275199174880981
veyjifwweq.mp4,0.4521982669830322
veypfxnbmx.mp4,0.7403687834739685
vezmltphcx.mp4,0.7980591654777527
vezunsqqur.mp4,0.42224469780921936
vezvjuniqo.mp4,0.6612580418586731
vfaqxbheec.mp4,0.9245445728302002
vfaybygqdj.mp4,0.9361844658851624
vfbfbbcgtc.mp4,0.17693887650966644
vfbqapwssl.mp4,0.8629417419433594
vfbsnuopin.mp4,0.9262780547142029
vfbtsfenme.mp4,0.05994938686490059
vfeszwyzwx.mp4,0.7447083592414856
vffcezqrqs.mp4,0.9590755105018616
vffremtvap.mp4,0.8212324976921082
vffrnlprcl.mp4,0.5723839402198792
vfggfuqsou.mp4,0.3104807138442993
vfgsrjoovx.mp4,0.9685227274894714
vfgzsuybfi.mp4,0.7522727847099304
vfhcukrbjz.mp4,0.9564332365989685
vfhfduegkh.mp4,0.48467904329299927
vfiuieuoie.mp4,0.932735025882721
vfjearzksp.mp4,0.9245057702064514
vfjsxdipsb.mp4,0.8811768889427185
vfkgzfdjsl.mp4,0.7628474831581116
vfkoirexjw.mp4,0.37425705790519714
vflaeohpdd.mp4,0.8105772733688354
vfleyzslul.mp4,0.8967618942260742
vflhlzzokx.mp4,0.8931478261947632
vfmakpzrts.mp4,0.9432941675186157
vfmdtymljv.mp4,0.8810251951217651
vfmhvzgfcs.mp4,0.9257320165634155
vfmkuhkbcn.mp4,0.6541318297386169
vfmquywpnx.mp4,0.9880076050758362
vfnhzsxvsg.mp4,0.9289526343345642
vfnrczdlux.mp4,0.8810688257217407
vfntfbauih.mp4,0.8822885155677795
vfntqoubyh.mp4,0.3677181303501129
vfqgfbhkzs.mp4,0.2792636454105377
vfqnhruluc.mp4,0.9371201992034912
vfqvlxsefa.mp4,0.1413680613040924
vfrbcotnwe.mp4,0.8309517502784729
vfrdxvexlm.mp4,0.6112423539161682
vfrgsynvwy.mp4,0.9327367544174194
vfrlbhvpap.mp4,0.7550380229949951
vfsnvaimdh.mp4,0.9016303420066833
vfszaqentw.mp4,0.7748391032218933
vftavpyqby.mp4,0.7161922454833984
vftbepkuwz.mp4,0.8198403716087341
vftfacniuh.mp4,0.8560659885406494
vftkjmozdj.mp4,0.9485106468200684
vfuhpwyctw.mp4,0.8578212857246399
vfuixopjaf.mp4,0.9160550832748413
vfumdcywiu.mp4,0.8924347162246704
vfuvjltxjy.mp4,0.8827354907989502
vfuyhtbwqx.mp4,0.8411399126052856
vfvqptursj.mp4,0.9473687410354614
vfvrydyerz.mp4,0.8735474348068237
vfvuuhbgny.mp4,0.9069896340370178
vfxfouwbyj.mp4,0.9106853604316711
vfxkgrhzpj.mp4,0.2841474413871765
vfyctljbef.mp4,0.9552739858627319
vfyqgyaucy.mp4,0.7314243912696838
vfyqvklnwa.mp4,0.6544893383979797
vfzgfoovfl.mp4,0.9052882194519043
vfzuwbrzfw.mp4,0.9667822122573853
vgajigcsqw.mp4,0.9242236614227295
vgbflegefs.mp4,0.8871088027954102
vgbzhesioo.mp4,0.8519914746284485
vgcuubwckm.mp4,0.8649072647094727
vgdllmzjcw.mp4,0.4708292484283447
vgdlwfxlrq.mp4,0.9753778576850891
vgdvlvjhod.mp4,0.882942259311676
vgecwlcakv.mp4,0.8193141222000122
vgehtbkfpe.mp4,0.7199463248252869
vgeowvmdic.mp4,0.09780354052782059
vgepwukqsj.mp4,0.8795661926269531
vgezzdapxd.mp4,0.9269687533378601
vgfdryazlz.mp4,0.9719830751419067
vgfxjwupga.mp4,0.9260962009429932
vgglcdhnoe.mp4,0.9347801208496094
vghtllobjq.mp4,0.8733857274055481
vgiipejkbo.mp4,0.8602108359336853
vgimszrkun.mp4,0.8988558650016785
vgiwjhtzcw.mp4,0.8883245587348938
vgjjfhabto.mp4,0.8582957983016968
vglpsurlpe.mp4,0.9149376749992371
vglslxotoc.mp4,0.7296860218048096
vgmecbdpfr.mp4,0.08476818352937698
vgmvjwslby.mp4,0.8723618984222412
vgmvkrdwjn.mp4,0.909466028213501
vgmykxblbg.mp4,0.907731294631958
vgmzygrzbx.mp4,0.939576268196106
vgndywbmgf.mp4,0.07715604454278946
vgnybxowkd.mp4,0.9213408827781677
vgpflbusem.mp4,0.8599119782447815
vgpjbehlzv.mp4,0.7382210493087769
vgqeucbdzh.mp4,0.9430567026138306
vgqihhasxp.mp4,0.1016932874917984
vgqlrclkbd.mp4,0.9007043242454529
vgrbygvlvs.mp4,0.9252004027366638
vgrhobnbfo.mp4,0.8650959134101868
vgrrhhfdof.mp4,0.9093886017799377
vgrrktbveh.mp4,0.9507139325141907
vgrscvxomm.mp4,0.94693922996521
vgrvobnbyc.mp4,0.933344841003418
vgsnqqagqx.mp4,0.5488531589508057
vgsvlukfad.mp4,0.9385104179382324
vgtggjgbez.mp4,0.9334832429885864
vgtlvzefkj.mp4,0.8968803882598877
vgucxgaxth.mp4,0.9353666305541992
vgujrwpdkv.mp4,0.07022957503795624
vguyewjvsd.mp4,0.907090425491333
vgvzbxfqay.mp4,0.9560689926147461
vgwaolvigk.mp4,0.8965227603912354
vgwhrgaefk.mp4,0.9866602420806885
vgxeuvagxh.mp4,0.917167603969574
vgxvfzwdgb.mp4,0.979107677936554
vgybiuwawn.mp4,0.9201006293296814
vgycmueljc.mp4,0.9263006448745728
vgzvuhpcnc.mp4,0.7215171456336975
vhapgiijym.mp4,0.5257506370544434
vhazbwqznu.mp4,0.35207098722457886
vhbakkudnn.mp4,0.9361521601676941
vhbfhsqcwf.mp4,0.9430059790611267
vhcghhjkul.mp4,0.5236329436302185
vhcnckkcmb.mp4,0.8161979913711548
vhcnfrupqk.mp4,0.09557994455099106
vhcrrcszbc.mp4,0.058200716972351074
vhecaycdri.mp4,0.7061478495597839
vhelobkunu.mp4,0.9106847643852234
vhfnsnwmjg.mp4,0.7502187490463257
vhgemrfnpy.mp4,0.4527289569377899
vhheakzdyz.mp4,0.9870849251747131
vhhjovigpz.mp4,0.799624502658844
vhhrdwqayw.mp4,0.9347776174545288
vhidioegvr.mp4,0.8064194917678833
vhifhryrmv.mp4,0.9268977046012878
vhihjnunqv.mp4,0.9379732012748718
vhipamioud.mp4,0.06068950146436691
vhirvynhnq.mp4,0.968925416469574
vhjcnhzejg.mp4,0.9234891533851624
vhjpgqtmlk.mp4,0.9400014281272888
vhmrtrnhnk.mp4,0.9516319036483765
vhoiiowhsz.mp4,0.5298331379890442
vhorpvvjow.mp4,0.9603611826896667
vhpfejhytt.mp4,0.868772029876709
vhphdqsajw.mp4,0.06871119886636734
vhphtddasg.mp4,0.9189000725746155
vhpinxcqhj.mp4,0.09722144156694412
vhpmqlnxyu.mp4,0.9260661005973816
vhqaiwbumb.mp4,0.9434237480163574
vhqgeyngzg.mp4,0.7153599858283997
vhqsrhweef.mp4,0.07748507708311081
vhqzxlahov.mp4,0.2154598981142044
vhrsinaqlr.mp4,0.8815422654151917
vhrsrexhgu.mp4,0.7018005847930908
vhrxopyhtm.mp4,0.9192264080047607
vhssjeykri.mp4,0.9737099409103394
vhtefwolqi.mp4,0.919666051864624
vhuqgyiaeq.mp4,0.9120588898658752
vhvfewspbu.mp4,0.7868136167526245
vhwmivkxqp.mp4,0.9791151881217957
vhxilqsezm.mp4,0.9374850392341614
vhxrzboohi.mp4,0.7917838096618652
vhxzlpzvaz.mp4,0.3318692147731781
vhyagubmot.mp4,0.5957143902778625
vhykpqniml.mp4,0.928479015827179
vhynmylwkd.mp4,0.9040809273719788
vhyuqdbzog.mp4,0.9885869026184082
vhyvttctxs.mp4,0.8511837124824524
vhzjmxxnxa.mp4,0.844129741191864
vibhrvveql.mp4,0.5808734893798828
vicfqzlwfn.mp4,0.9057441353797913
vickoeuevr.mp4,0.956743597984314
vidbfpiyru.mp4,0.9598005414009094
vidyizdisg.mp4,0.714603066444397
vieltxisfw.mp4,0.6422465443611145
vififfintx.mp4,0.6504326462745667
vigbdgmudk.mp4,0.0572519451379776
vigevybpbi.mp4,0.7373221516609192
vigikyjcvp.mp4,0.7061585187911987
vignlknrfl.mp4,0.9106358289718628
vigpdarnvy.mp4,0.8856040835380554
vihekzssnq.mp4,0.9569131135940552
vihlzjrfel.mp4,0.42553600668907166
vihsdbpbww.mp4,0.6421146988868713
vihykadidr.mp4,0.9210839867591858
viidhkoxyv.mp4,0.07440122216939926
viidtrqxzf.mp4,0.08479266613721848
vijuirxebt.mp4,0.5504665970802307
vikbeujczb.mp4,0.9512692093849182
vilqffdwwb.mp4,0.8892122507095337
vionhvwqig.mp4,0.8333472013473511
vipuvvczrg.mp4,0.9350234866142273
viqdrqflap.mp4,0.4311167895793915
viqlegaftr.mp4,0.9391078948974609
virufnfelm.mp4,0.9188154339790344
visigorggj.mp4,0.7744341492652893
visjxbolmr.mp4,0.980813205242157
vispdxphpq.mp4,0.9276676774024963
vitervhitc.mp4,0.7285716533660889
vitjdpnfpi.mp4,0.6389601230621338
vityyuvmzw.mp4,0.844459593296051
viukymvgmb.mp4,0.7113208770751953
viwanuestq.mp4,0.6630854606628418
viwcjjwrar.mp4,0.6843897104263306
viwkdohrpx.mp4,0.8894776105880737
vixjxycvix.mp4,0.9568395614624023
vixugdoqwc.mp4,0.8253689408302307
viylujrvtf.mp4,0.057786278426647186
viyyebjalf.mp4,0.9431858062744141
viznmxrjqi.mp4,0.10462761670351028
vizobysqns.mp4,0.9754260182380676
vjayareydu.mp4,0.5872578024864197
vjbnrukjfu.mp4,0.42199987173080444
vjcxvlunio.mp4,0.776400089263916
vjdnanakdg.mp4,0.7670027017593384
vjegxiyvla.mp4,0.5829304456710815
vjeutxwxao.mp4,0.8945401906967163
vjeywrdbih.mp4,0.7254638671875
vjgopjjzmw.mp4,0.9841288924217224
vjgppgbdav.mp4,0.9878702759742737
vjhhaopwjk.mp4,0.1108747273683548
vjhxiwhqnl.mp4,0.8441622853279114
vjiiikrtva.mp4,0.7332322001457214
vjiuppkgns.mp4,0.8694610595703125
vjjicoufhl.mp4,0.92389976978302
vjjmfkdkla.mp4,0.07403263449668884
vjjqrnsosy.mp4,0.9379115700721741
vjjsvmpxul.mp4,0.61341792345047
vjjueyuaee.mp4,0.8046302199363708
vjjuhwczys.mp4,0.9118428230285645
vjkiyqaset.mp4,0.12342333048582077
vjlbticgds.mp4,0.813994288444519
vjlszitvfu.mp4,0.9444507956504822
vjltcrkyjk.mp4,0.9587004780769348
vjmafouyza.mp4,0.19382333755493164
vjmlyldnnf.mp4,0.8829371929168701
vjnbtebjhv.mp4,0.4463844895362854
vjnmnonubo.mp4,0.7013111710548401
vjoaifuasz.mp4,0.49996405839920044
vjojpjftab.mp4,0.8826436400413513
vjokpmmkhe.mp4,0.05820833519101143
vjowdfxqbq.mp4,0.9221242070198059
vjrkvicvlg.mp4,0.9125187993049622
vjsefhweyg.mp4,0.25154823064804077
vjsepnyvpv.mp4,0.10894528031349182
vjtgjgekwl.mp4,0.9848268032073975
vjtnjuhrkz.mp4,0.4543699324131012
vjuametrqy.mp4,0.5921419858932495
vjubqmmqtm.mp4,0.865783154964447
vjudsbuepu.mp4,0.08033624291419983
vjupencgns.mp4,0.9083477854728699
vjvzihjgrj.mp4,0.9303063154220581
vjwpuuwfyy.mp4,0.8712069988250732
vjwqqugabo.mp4,0.13542179763317108
vjwvgxgydu.mp4,0.13157716393470764
vjwwcunuhh.mp4,0.9429524540901184
vjxmismlde.mp4,0.8300148248672485
vjydkkczpi.mp4,0.21423031389713287
vjymlebfiy.mp4,0.9278374314308167
vjyvxalibt.mp4,0.9705206751823425
vjzdetdusx.mp4,0.8689218759536743
vjzuhhdvuo.mp4,0.47497886419296265
vjzxgtimer.mp4,0.887715756893158
vkavnvgbpa.mp4,0.5582095980644226
vkdjerviml.mp4,0.9378684163093567
vkedlslozl.mp4,0.939603865146637
vkewcogjuj.mp4,0.6603911519050598
vkeyhxykvm.mp4,0.9438067674636841
vkfcgyrnhu.mp4,0.5953727960586548
vkfyqjrtkq.mp4,0.8234455585479736
vkghjeygsg.mp4,0.051117364317178726
vkgzdtoyae.mp4,0.5877884030342102
vkhopttpck.mp4,0.9298397898674011
vkhpaibymp.mp4,0.9288238883018494
vkhuwcfjfn.mp4,0.8792348504066467
vkirqaiuoc.mp4,0.07317253947257996
vkjaxfweqr.mp4,0.9188031554222107
vkkmleainv.mp4,0.3105086386203766
vklggpdnqd.mp4,0.81467604637146
vkmvqinplq.mp4,0.7808390259742737
vkpdqpqpla.mp4,0.9386834502220154
vkpdzhuvjz.mp4,0.8871024250984192
vkpixamasg.mp4,0.9573847651481628
vkqcvtpefs.mp4,0.10542066395282745
vkqlekiyri.mp4,0.8985387682914734
vkqmzqfrok.mp4,0.9343807697296143
vkquzefowk.mp4,0.9425660371780396
vkqxrqpgdi.mp4,0.9244046211242676
vkrfiplcxu.mp4,0.9695921540260315
vkrlcimcda.mp4,0.9136635065078735
vkrwzbgeur.mp4,0.8754398822784424
vksxufnaly.mp4,0.8825473785400391
vktckxpsse.mp4,0.9141550064086914
vkunbdghkb.mp4,0.8047382831573486
vkuoqjhpjs.mp4,0.9020320773124695
vkuxvfwfqu.mp4,0.9646837115287781
vkuymbddlv.mp4,0.8512324094772339
vkvcvpseot.mp4,0.8430221676826477
vkvitobppp.mp4,0.9395430088043213
vkvjazreth.mp4,0.8979827761650085
vkvnatqfpn.mp4,0.23458987474441528
vkvzzoimxp.mp4,0.09942363947629929
vkwtbzhxxk.mp4,0.8437827229499817
vkxvyfpuhu.mp4,0.7073900103569031
vkyrtkgpnd.mp4,0.8719740509986877
vlaokifxkp.mp4,0.09631088376045227
vlauwpzgqf.mp4,0.9423484206199646
vlbairfcep.mp4,0.9644571542739868
vlbnnvlydp.mp4,0.9143242239952087
vlbomdvoja.mp4,0.09570769965648651
vlbpkrarqo.mp4,0.049202561378479004
vlcnvhanxr.mp4,0.5860903263092041
vldaezlifv.mp4,0.036133456975221634
vldixcvisy.mp4,0.28921589255332947
vlduixqrjx.mp4,0.9439852237701416
vleicnhecu.mp4,0.9878005981445312
vlgehmytoe.mp4,0.7808526158332825
vlgzgzglih.mp4,0.7322818040847778
vlhrgeyvqy.mp4,0.7889686822891235
vliksucltv.mp4,0.6498757600784302
vliqbnejte.mp4,0.9806923270225525
vljgyqklbz.mp4,0.3246690332889557
vljiptyngb.mp4,0.837749183177948
vljmsimmbq.mp4,0.7759056091308594
vljumscvtl.mp4,0.42115259170532227
vlkypafsor.mp4,0.8852980136871338
vllrgwplce.mp4,0.7799280881881714
vlmcahccjj.mp4,0.879467248916626
vlmdvzqjyx.mp4,0.8770584464073181
vlmhmxykgr.mp4,0.8527718782424927
vlmkudpvpw.mp4,0.37049785256385803
vlmkusmtnq.mp4,0.35772275924682617
vlmwdogdra.mp4,0.8027026057243347
vlneabhohi.mp4,0.9105736613273621
vloauagxet.mp4,0.8603030443191528
vlodycfrfy.mp4,0.9508026838302612
vlonumqomf.mp4,0.9566867351531982
vlpfcqtfpr.mp4,0.8142446279525757
vlpjjmibwr.mp4,0.6204264760017395
vlrozxsbcq.mp4,0.7196769118309021
vlsjqcoqgp.mp4,0.7280923128128052
vlsxutjhqz.mp4,0.9445682764053345
vltexnjcdp.mp4,0.9140121936798096
vltqktpvnx.mp4,0.7811957597732544
vltrakrzec.mp4,0.9339413046836853
vltyfdmvms.mp4,0.5684745907783508
vluhdcpmkh.mp4,0.7460092306137085
vlvqypypgw.mp4,0.9687266945838928
vlvsqekxro.mp4,0.5741360187530518
vlwfwkozzg.mp4,0.941923975944519
vlwgfksjha.mp4,0.7922409176826477
vlwpgauoij.mp4,0.9622882604598999
vlxcdtzgbp.mp4,0.8664556741714478
vlxfyuzygn.mp4,0.6086093783378601
vlxqflgqtr.mp4,0.8789677023887634
vlxzbbftdc.mp4,0.6702526807785034
vlypfdqlfy.mp4,0.9024251699447632
vlzwcejywm.mp4,0.12000738084316254
vmapxyjnmb.mp4,0.9652014374732971
vmasbhlvba.mp4,0.4525143504142761
vmcigumadi.mp4,0.8224701881408691
vmdenkmlhi.mp4,0.8866018056869507
vmdjplxgfj.mp4,0.2983327805995941
vmdkamjafs.mp4,0.33244144916534424
vmdkeczkkh.mp4,0.9089989066123962
vmdtkugivw.mp4,0.09430612623691559
vmfdbgiliv.mp4,0.7126261591911316
vmfuxypvar.mp4,0.8756725192070007
vmgqjmbhuj.mp4,0.38513240218162537
vmhscypxba.mp4,0.1766568422317505
vmiiyyefra.mp4,0.9397145509719849
vmirklkeyi.mp4,0.7066347599029541
vmisvhtgjh.mp4,0.7206101417541504
vmjqpwgvnq.mp4,0.8951622843742371
vmkqzqtkmu.mp4,0.8968182802200317
vmkracbvkj.mp4,0.2869024872779846
vmksyqbkpl.mp4,0.08020441234111786
vmkuxqxkrz.mp4,0.8681260347366333
vmlelhbuio.mp4,0.7254655361175537
vmluhrimpn.mp4,0.9175190329551697
vmlvpjjrrv.mp4,0.9480697512626648
vmmisgyagl.mp4,0.794308602809906
vmmqqnktlt.mp4,0.1508699208498001
vmnmsnhxpj.mp4,0.8975265026092529
vmnqltuzmx.mp4,0.8312044739723206
vmnxuccacc.mp4,0.8907146453857422
vmonvjunsz.mp4,0.9496766924858093
vmowjajdgw.mp4,0.5904126763343811
vmqaejhtoa.mp4,0.17746472358703613
vmrtbtwehe.mp4,0.9506661891937256
vmskipiiyt.mp4,0.55671626329422
vmtymtievb.mp4,0.9483150839805603
vmujlevghf.mp4,0.9207242131233215
vmvjfkbrxs.mp4,0.9242023825645447
vmvmsiktzg.mp4,0.9484973549842834
vmxjsdkuju.mp4,0.9481295347213745
vmxmafazny.mp4,0.8304800987243652
vmxurpilcs.mp4,0.9366724491119385
vmytxryfpl.mp4,0.8585240244865417
vmzrjytbge.mp4,0.8535951972007751
vnactmbahi.mp4,0.8698122501373291
vnatgarprj.mp4,0.4180043041706085
vnatggaafz.mp4,0.9843211770057678
vnawjonjkj.mp4,0.901482105255127
vndcqexgur.mp4,0.1804894208908081
vnddyrvqer.mp4,0.438709557056427
vnejvzmoam.mp4,0.09376971423625946
vnfljvkhqz.mp4,0.8593048453330994
vnfyclbwlb.mp4,0.679649293422699
vnfzyjlehx.mp4,0.9468675851821899
vngnujnpzo.mp4,0.6209157109260559
vnjndtraot.mp4,0.8708330988883972
vnjzgroonv.mp4,0.9186719059944153
vnkcpuiuxv.mp4,0.9689977765083313
vnkecdalpd.mp4,0.16639690101146698
vnklmlbjeg.mp4,0.8651987314224243
vnkojjbeek.mp4,0.6253418922424316
vnkszsbmnq.mp4,0.07823055237531662
vnkuonhrlo.mp4,0.9892611503601074
vnnewgevky.mp4,0.9198272824287415
vnnfxhegzw.mp4,0.8762627243995667
vnngbicgvx.mp4,0.18228782713413239
vnnzwvvhjc.mp4,0.9639548063278198
vnokttmtho.mp4,0.7644196152687073
vnolaloukn.mp4,0.902695894241333
vnotmfgttc.mp4,0.8924321532249451
vnowhxpcny.mp4,0.9838449954986572
vnoyyzlrhl.mp4,0.89215087890625
vnpdkeemzp.mp4,0.122357077896595
vnpkomujry.mp4,0.20405013859272003
vnqbgrywgs.mp4,0.923406183719635
vnqpzwmohz.mp4,0.23017103970050812
vnrmxwtsmf.mp4,0.027837777510285378
vnrybsmire.mp4,0.1285727620124817
vnskrqkpcg.mp4,0.5567500591278076
vnsvqrjpje.mp4,0.9476442337036133
vnsxdkjjtk.mp4,0.8655344843864441
vntgzyrwvq.mp4,0.2671668529510498
vnuccgfhub.mp4,0.5274924039840698
vnunhruyle.mp4,0.9359956979751587
vnupirkwau.mp4,0.06333121657371521
vnvxuhubts.mp4,0.7587927579879761
vnwbsatlha.mp4,0.8881881833076477
vnwouygwjh.mp4,0.8823705315589905
vnyicpbvgn.mp4,0.9451828002929688
vnzfkjxkhr.mp4,0.8260704874992371
vnzhtrgtuk.mp4,0.9418445229530334
vnzukydvqk.mp4,0.8923909068107605
voazwmmlgi.mp4,0.9135580062866211
vobdelgtug.mp4,0.828231692314148
voburxzcnz.mp4,0.910006582736969
vocejnowbm.mp4,0.9327909350395203
vocjacgxzv.mp4,0.07398106157779694
vodftzcdfa.mp4,0.8593664765357971
vodgksbhef.mp4,0.8334940075874329
vodvztthek.mp4,0.054821789264678955
voebotgkqf.mp4,0.6054012775421143
vofniuitsm.mp4,0.23366320133209229
vofqcpscue.mp4,0.0974370539188385
vofsdcsskk.mp4,0.06426037102937698
vogejocyvv.mp4,0.9900000095367432
voghvypasj.mp4,0.9189900755882263
vogrnkncog.mp4,0.8577837347984314
vogutjrcxk.mp4,0.4187874495983124
vohwauspnx.mp4,0.44948360323905945
vohxrvzaff.mp4,0.8941980004310608
voiulimrjw.mp4,0.9302347302436829
voizaxdjnz.mp4,0.9012169241905212
vojcfgoxgc.mp4,0.9741503000259399
vojsghpebv.mp4,0.04096047952771187
vokqctlugf.mp4,0.9238927364349365
vokvyztkur.mp4,0.9200129508972168
volckblrmm.mp4,0.41114547848701477
voldoxhfto.mp4,0.8641667366027832
volsvlttlm.mp4,0.9336487650871277
vomicublvr.mp4,0.7546128630638123
vomqkscben.mp4,0.1368473917245865
vomvolijuh.mp4,0.8170852661132812
vomyajnckm.mp4,0.7184377312660217
vomyfdpeoj.mp4,0.8330184817314148
vomypszoet.mp4,0.9529264569282532
vomzaykdzx.mp4,0.5429220199584961
vonmfxajan.mp4,0.5154576897621155
voogxlrser.mp4,0.9439051747322083
vooodvaacw.mp4,0.9619981646537781
voospsfncu.mp4,0.6993552446365356
vootmsovby.mp4,0.8014529943466187
vorsmesegs.mp4,0.9783709049224854
vosdfoltkt.mp4,0.7561798095703125
vosvixbeqf.mp4,0.7051835656166077
votatpsfzo.mp4,0.9021018743515015
voucpidonq.mp4,0.11824307590723038
vouhiqxlrk.mp4,0.0538904070854187
vouzdnonty.mp4,0.9037778973579407
vowhvpnqdx.mp4,0.8934465646743774
vowijkcdlb.mp4,0.7569838166236877
vownmzwfwv.mp4,0.12379372119903564
voxcbaldki.mp4,0.6162121891975403
voxdumsqok.mp4,0.8740776777267456
voxgfqwqxm.mp4,0.9373051524162292
voypmliwie.mp4,0.9571771025657654
voyvdizumd.mp4,0.16292819380760193
vozenudamz.mp4,0.9503687620162964
vozhxcagmw.mp4,0.9739883542060852
vpacqxwuzz.mp4,0.8607351183891296
vpamulkxzm.mp4,0.8901644349098206
vpbhuomkaa.mp4,0.7673311829566956
vpbllqdqlv.mp4,0.07135438174009323
vpbncllccw.mp4,0.8587369918823242
vpbsqpnolc.mp4,0.7343330383300781
vpcwwzaxmn.mp4,0.6295081377029419
vpdgtarkiv.mp4,0.7812243103981018
vpdkhufhhw.mp4,0.9887194633483887
vpdlqtdpgd.mp4,0.9119953513145447
vpecllokeh.mp4,0.9499373435974121
vpfryxbeqz.mp4,0.7928218245506287
vpgjaoyvir.mp4,0.9636515974998474
vphopflrsk.mp4,0.9384520649909973
vphpdpwgbl.mp4,0.725719153881073
vphynfhigk.mp4,0.9430038928985596
vpihjyjxun.mp4,0.9601914882659912
vpjixugvmm.mp4,0.941081702709198
vpjnpmexys.mp4,0.8988534212112427
vpjwhrkdkj.mp4,0.5014520287513733
vpkqjedfnn.mp4,0.9594030976295471
vpksvxfrdj.mp4,0.9160258769989014
vpleqkttbh.mp4,0.9570221304893494
vplhlaegkr.mp4,0.9400113224983215
vplriikihk.mp4,0.07597003132104874
vplyyujkof.mp4,0.6864356398582458
vpmwtrntrz.mp4,0.36116161942481995
vpncajagtf.mp4,0.9800078272819519
vpnzmryjsb.mp4,0.7488155364990234
vpobphqohi.mp4,0.8511664867401123
vpolvvzwsw.mp4,0.9383643269538879
vpovscxqza.mp4,0.9733269810676575
vppsyhhxes.mp4,0.900283932685852
vppucqymyx.mp4,0.33191943168640137
vpqsnrsjlw.mp4,0.19841845333576202
vprbbqfhie.mp4,0.8505327105522156
vprrnxtryn.mp4,0.49924707412719727
vpsdzetywv.mp4,0.9086002707481384
vpssuqupvi.mp4,0.9737892746925354
vpsyuggmff.mp4,0.5851342678070068
vptdxpdmyk.mp4,0.704292356967926
vptetjxjyn.mp4,0.9708165526390076
vptrrrmhyb.mp4,0.16285191476345062
vptukmzakw.mp4,0.8614354133605957
vpuemhkkyd.mp4,0.9112820625305176
vpuxflgqqm.mp4,0.9171476364135742
vpveeyyzhz.mp4,0.34055355191230774
vpvgroamfj.mp4,0.4748247563838959
vpvtkvxuyu.mp4,0.8803727030754089
vpvuklgjyc.mp4,0.4792349636554718
vpwebrkiqc.mp4,0.9205375909805298
vpweqxyrku.mp4,0.8712981939315796
vpwklvgpvz.mp4,0.9498987197875977
vpwscqjskp.mp4,0.9656310081481934
vpxkjisoqh.mp4,0.9213125705718994
vpynbnxvoy.mp4,0.9182029366493225
vpzzqcsfdx.mp4,0.9667099118232727
vqaesghnol.mp4,0.8260669112205505
vqahmgujzv.mp4,0.9255890250205994
vqanoaxrtl.mp4,0.9241941571235657
vqbfgydwoi.mp4,0.8444628715515137
vqbhcspbxr.mp4,0.9367623329162598
vqbrffjwbj.mp4,0.736838161945343
vqbyrifcoq.mp4,0.8404621481895447
vqdbxmolda.mp4,0.8876797556877136
vqdqktsyvi.mp4,0.9506561160087585
vqfjgcrddh.mp4,0.9803775548934937
vqfvfpvugs.mp4,0.9432827234268188
vqgkxozajf.mp4,0.8391479849815369
vqgrmlzard.mp4,0.9413160085678101
vqhbsxcpid.mp4,0.8297799825668335
vqhygrhtcw.mp4,0.8785966038703918
vqibhetnwa.mp4,0.25473105907440186
vqijtaxplt.mp4,0.12623807787895203
vqjibmcsdp.mp4,0.9608099460601807
vqjjrfszsx.mp4,0.6248503923416138
vqlyxnkprs.mp4,0.8988857865333557
vqnbjxudpp.mp4,0.9117907285690308
vqncfmywjb.mp4,0.8997825384140015
vqnfiywvps.mp4,0.8896653652191162
vqnkveciyx.mp4,0.7339548468589783
vqnopxghew.mp4,0.9311869144439697
vqocwkpftq.mp4,0.9379291534423828
vqojdgrvvr.mp4,0.9872528910636902
vqomcklsyn.mp4,0.7651485800743103
vqouplerye.mp4,0.11236146837472916
vqpaotdttq.mp4,0.27576228976249695
vqpruhegck.mp4,0.9035425782203674
vqqibukdgb.mp4,0.12411001324653625
vqrsnqwezt.mp4,0.17511290311813354
vqruoluamf.mp4,0.7461654543876648
vqseehupzh.mp4,0.7498577833175659
vqsehstdfy.mp4,0.19631116092205048
vqspsdkblb.mp4,0.09186923503875732
vqtbpwvcqj.mp4,0.1396670788526535
vqtjnmbjyk.mp4,0.10662961006164551
vqtspwkgwe.mp4,0.8126775026321411
vqtuvahlpw.mp4,0.6659121513366699
vqucjkjpes.mp4,0.8626871109008789
vqulyuhgdo.mp4,0.8847000002861023
vqurloftbq.mp4,0.9821047782897949
vquuylimyj.mp4,0.7938532829284668
vquxvdlcpb.mp4,0.8694679737091064
vqvamfsdla.mp4,0.9438334107398987
vqvdkpgunw.mp4,0.9848110675811768
vqvisduclj.mp4,0.2951261103153229
vqvpqosovt.mp4,0.07755192369222641
vqvxsedbiw.mp4,0.863674521446228
vqwavqlbxr.mp4,0.9310893416404724
vqxgubkkuu.mp4,0.5903854370117188
vqxmksylit.mp4,0.9136160612106323
vqxrjplroe.mp4,0.9485577940940857
vqyakldsay.mp4,0.9335960149765015
vqyvotfkix.mp4,0.9063185453414917
vqzibtrssb.mp4,0.896927535533905
vqzimdprvg.mp4,0.9627758860588074
vqzurmckor.mp4,0.9648946523666382
vqzwsgbqgt.mp4,0.9105836153030396
vramlofpey.mp4,0.48730602860450745
vrbpfalcjh.mp4,0.9258852601051331
vrbvrxdfmz.mp4,0.1136065274477005
vrctkqjbqu.mp4,0.6739550232887268
vreolbyxae.mp4,0.938640296459198
vrfdwhejrq.mp4,0.8401686549186707
vrfgknkmqz.mp4,0.7025636434555054
vrguefuwqk.mp4,0.8182180523872375
vrhqhhpwgz.mp4,0.9033108353614807
vricufjwgv.mp4,0.305513858795166
vrimykzxeg.mp4,0.1473449170589447
vrisbopsgt.mp4,0.940207302570343
vrjlwsfexm.mp4,0.960439920425415
vrjyzhzktp.mp4,0.9897930026054382
vrkajpyygi.mp4,0.39155349135398865
vrlrtwlwqy.mp4,0.06362119317054749
vrlumjhmbk.mp4,0.3025883138179779
vrlwkywnia.mp4,0.9326086044311523
vrmirrirnl.mp4,0.8460037708282471
vrmpyicsoa.mp4,0.6207128167152405
vrnovxueit.mp4,0.20485736429691315
vrnznvmwon.mp4,0.5278711318969727
vrobbpvhhz.mp4,0.9497241973876953
vrohklbhbk.mp4,0.6383398771286011
vrowrcgjvo.mp4,0.1586528867483139
vrpaukzvai.mp4,0.19693908095359802
vrpmfsdoot.mp4,0.9009935259819031
vrptbmncwx.mp4,0.6023834347724915
vrpusszzdz.mp4,0.9517560005187988
vrqfktvxjm.mp4,0.3333471715450287
vrqljnmysb.mp4,0.9622398614883423
vrqnseymxf.mp4,0.4867938160896301
vrqnyqqxfa.mp4,0.09324312210083008
vrqxebsspf.mp4,0.756723165512085
vrrdzohizm.mp4,0.9249595999717712
vrrvajfayp.mp4,0.8935215473175049
vrrzpasggs.mp4,0.35943156480789185
vrsdljflug.mp4,0.07064589112997055
vrsfvjfcsn.mp4,0.6682658195495605
vrtymxriej.mp4,0.6816554665565491
vruwrnwhah.mp4,0.9296948313713074
vrvbhsusyp.mp4,0.8374375700950623
vrvvplwuyg.mp4,0.9253796339035034
vrwfzgzruv.mp4,0.1583721935749054
vrwlzlvyxz.mp4,0.9752030968666077
vrxfhcwwds.mp4,0.03848334029316902
vrxntwvbvd.mp4,0.8227590322494507
vrxrtdkvjd.mp4,0.927248477935791
vrxvihwxea.mp4,0.29798850417137146
vrykylnafv.mp4,0.6044602990150452
vryqboviuu.mp4,0.8552019596099854
vryswxhujz.mp4,0.9866114854812622
vrywrqixcf.mp4,0.9780471324920654
vrzcdynbco.mp4,0.30804336071014404
vrzderrtfe.mp4,0.2865605652332306
vrzjuypurl.mp4,0.6730890870094299
vsafvjbumm.mp4,0.9542481303215027
vsaxywrwwh.mp4,0.8864295482635498
vsbifxfcjq.mp4,0.8024210333824158
vsbobpehed.mp4,0.039597783237695694
vsbocnyxgr.mp4,0.9267042279243469
vscwgglzcf.mp4,0.5747517943382263
vscxlcdyoz.mp4,0.5208420753479004
vsdmydwkoi.mp4,0.09959902614355087
vsdyuwgkrz.mp4,0.934852123260498
vsekvcewgw.mp4,0.5666261911392212
vsfctxhhkk.mp4,0.9585323333740234
vsfhbxmkzn.mp4,0.12239280343055725
vsfqsxcdgi.mp4,0.9038430452346802
vsgqeehgad.mp4,0.8555406928062439
vsgueeisof.mp4,0.928126335144043
vsgzuqdavx.mp4,0.9758210182189941
vshavmtpst.mp4,0.09156882762908936
vsihnsoqwv.mp4,0.9574894905090332
vsimocefjt.mp4,0.5267623066902161
vsinqiaizy.mp4,0.08781642466783524
vsiqfnwpqr.mp4,0.9175907969474792
vsjeostabc.mp4,0.7283560037612915
vsjhvwqkxq.mp4,0.3571540415287018
vslgyuzexf.mp4,0.8487787842750549
vslmohcgrs.mp4,0.867536187171936
vslnmavuek.mp4,0.18925747275352478
vslzefizav.mp4,0.95201176404953
vsmyqhtxcp.mp4,0.9021462202072144
vsnmkqynju.mp4,0.8559325337409973
vsnnqycyeh.mp4,0.5660298466682434
vsohijftmr.mp4,0.6885270476341248
vsoivwtzkm.mp4,0.9637010097503662
vsoptojyky.mp4,0.875177800655365
vspsvduzvv.mp4,0.8972035646438599
vsqafmmfbl.mp4,0.17095838487148285
vsqmqlbdgc.mp4,0.9775546193122864
vsqrgosrdt.mp4,0.8506956696510315
vsreebjsfs.mp4,0.05639280006289482
vsrmgtcogv.mp4,0.8506548404693604
vsrqgwgfft.mp4,0.9561371803283691
vsskmwwzxg.mp4,0.036152735352516174
vsslkksnic.mp4,0.7678043842315674
vsslsumbrp.mp4,0.9586970806121826
vsspxiiaxh.mp4,0.8890467286109924
vssykrqdbi.mp4,0.9570104479789734
vstpccsedy.mp4,0.9308579564094543
vsulopkjvr.mp4,0.10558512806892395
vsunyloqes.mp4,0.07480889558792114
vsvazkoszd.mp4,0.9265140295028687
vsvehebmtp.mp4,0.7999712228775024
vswceirobb.mp4,0.47898510098457336
vswguxmhup.mp4,0.9773387312889099
vswoxprwgl.mp4,0.6339413523674011
vswqwdkyri.mp4,0.08541794866323471
vsxbaaovqj.mp4,0.2711237967014313
vsxthyzjid.mp4,0.9159662127494812
vsxtsqvphy.mp4,0.9136448502540588
vsxzsogxsy.mp4,0.34133294224739075
vsyjjjeayt.mp4,0.8685061931610107
vszciigspa.mp4,0.9099252820014954
vszibbcfgn.mp4,0.06783101707696915
vszoyhcrdd.mp4,0.9641154408454895
vtavzbqvij.mp4,0.5189677476882935
vtaztagukf.mp4,0.24335525929927826
vtbaozyqyy.mp4,0.6091676950454712
vtbcptkdfl.mp4,0.8826929330825806
vtbrpehlme.mp4,0.8582584857940674
vtcixvcort.mp4,0.9096301794052124
vtdmwrifoi.mp4,0.4330712556838989
vtfcqxlmze.mp4,0.9380917549133301
vtgwrdpjhu.mp4,0.9447349905967712
vtgxjwotlk.mp4,0.07989249378442764
vtgzexvhgc.mp4,0.8532630205154419
vthwsdavvc.mp4,0.8933796286582947
vtiqlaagxx.mp4,0.9120181798934937
vtiumgfxtf.mp4,0.9370996356010437
vtiwviltlz.mp4,0.059182047843933105
vtjidnmwxh.mp4,0.7924414873123169
vtkbjpfaoo.mp4,0.8998450040817261
vtlbiwkann.mp4,0.06765527278184891
vtmcqtdsjs.mp4,0.8740741610527039
vtnuixsryw.mp4,0.9823037385940552
vtocctjaqr.mp4,0.860368549823761
vtogjcuzol.mp4,0.7164570689201355
vtoorsnjeo.mp4,0.5135803818702698
vtpccmtlmt.mp4,0.04243994131684303
vtpvmpboxj.mp4,0.8176344037055969
vtpyezclns.mp4,0.9759013652801514
vtqfqmnrly.mp4,0.9652853012084961
vtrsobbvze.mp4,0.7033208608627319
vtsqppwbag.mp4,0.9823049902915955
vttdokvnjo.mp4,0.9149599671363831
vttlyxprcg.mp4,0.9470812082290649
vtugswwthj.mp4,0.7112027406692505
vtumllvkkq.mp4,0.9739318490028381
vtvgwshklp.mp4,0.9477254152297974
vtwcgcpekm.mp4,0.8888154625892639
vtwmetnzax.mp4,0.0602029487490654
vtwobfpyxv.mp4,0.8285773992538452
vtwxyegbsh.mp4,0.9501699805259705
vtxdxmivyz.mp4,0.988751232624054
vtypbizkms.mp4,0.8359739780426025
vtyrercqgm.mp4,0.83334881067276
vtzlptckxt.mp4,0.9092206954956055
vtznvjlyck.mp4,0.0862237885594368
vuabbfjvgd.mp4,0.894070029258728
vubcopfzqw.mp4,0.9577187895774841
vubxbikjix.mp4,0.8890250325202942
vubxqxrllg.mp4,0.136917382478714
vuccfkcimf.mp4,0.06757867336273193
vuclirejpq.mp4,0.8368759751319885
vudqhjbnse.mp4,0.8829063177108765
vudrnaqdbv.mp4,0.5416288375854492
vuebtkngto.mp4,0.24169526994228363
vuegbjpvfj.mp4,0.9292495846748352
vueqdpnvln.mp4,0.942082941532135
vufrzfmdit.mp4,0.9514248371124268
vugeajjdpd.mp4,0.9213284850120544
vuhecbwnsr.mp4,0.5075530409812927
vuhkblgcll.mp4,0.9289661645889282
vuilyelkeg.mp4,0.8231553435325623
vuirbazsqr.mp4,0.7647057175636292
vuixqctwxz.mp4,0.09135457128286362
vujbyxtiio.mp4,0.9043776988983154
vujmaijlrs.mp4,0.14624392986297607
vujvqcnbol.mp4,0.09830810129642487
vukoronzan.mp4,0.9284080862998962
vulcrsidql.mp4,0.09412506222724915
vulfhomwor.mp4,0.835138201713562
vulirjzpza.mp4,0.6261166930198669
vulzmdcgtr.mp4,0.9111589789390564
vumghnalez.mp4,0.887764573097229
vunufofchc.mp4,0.9674320220947266
vunykhhwwo.mp4,0.9426025748252869
vunzthkkza.mp4,0.8649579882621765
vuofhivyfs.mp4,0.07012037187814713
vuofiadkqz.mp4,0.8167851567268372
vuoscfbycd.mp4,0.9707803726196289
vuouumoskm.mp4,0.8773744702339172
vupagtbqex.mp4,0.9772719144821167
vupmukvvxd.mp4,0.05668224021792412
vuppesuyal.mp4,0.9810591340065002
vuqbgydugv.mp4,0.9824787974357605
vusdgqwjfg.mp4,0.8747552037239075
vusfisygkz.mp4,0.9219748973846436
vusvzjmgli.mp4,0.04778911918401718
vutdcljddj.mp4,0.9094364643096924
vutwmldavx.mp4,0.9840331077575684
vuuevgbesz.mp4,0.944017231464386
vuuoqsaayq.mp4,0.0941133201122284
vuuszelxhn.mp4,0.047903407365083694
vuutkmjbdk.mp4,0.6008507609367371
vuuwqdriya.mp4,0.7820779085159302
vuuylvbmde.mp4,0.8193936944007874
vuvaydlmta.mp4,0.049424637109041214
vuwpbnsdzk.mp4,0.7883108258247375
vuwwjfnhge.mp4,0.9646658301353455
vuxargmijm.mp4,0.9321179389953613
vuxgouhsfn.mp4,0.9112998843193054
vuxtlecuwu.mp4,0.8726050853729248
vuypolrcfy.mp4,0.07450579851865768
vuzhapfdrt.mp4,0.8080168962478638
vuzvgxazcz.mp4,0.6825850605964661
vvaprewhzv.mp4,0.9442179203033447
vvbutldixv.mp4,0.6860142946243286
vvcvpgbpyw.mp4,0.9061844944953918
vvdjjapzsi.mp4,0.8694356083869934
vvdpzwyhnu.mp4,0.9153183698654175
vvdypdckev.mp4,0.8562402129173279
vvdypfmupb.mp4,0.8614513874053955
vveahuaufk.mp4,0.811671793460846
vveomkcwyw.mp4,0.6171987056732178
vvfmkgoyqd.mp4,0.15455465018749237
vvgvipiyeq.mp4,0.8832767605781555
vvhfvhrapc.mp4,0.9174609184265137
vvhlkhoolb.mp4,0.725462019443512
vvhmumccgq.mp4,0.8835644125938416
vvickrfcho.mp4,0.9313738942146301
vvijplbibj.mp4,0.6838945746421814
vvirdruilr.mp4,0.5952273011207581
vvispdjqxd.mp4,0.9401896595954895
vvjdojdzpq.mp4,0.8799141645431519
vvjmzgrzmc.mp4,0.9188165068626404
vvjnasvzju.mp4,0.7970151901245117
vvlbjptiel.mp4,0.57913738489151
vvmntqbqxb.mp4,0.16192415356636047
vvnesespxu.mp4,0.058982960879802704
vvnjxfommn.mp4,0.8889865279197693
vvnoeunikl.mp4,0.9072442054748535
vvoxycalkx.mp4,0.9064949750900269
vvpbuedczu.mp4,0.779738187789917
vvpekcopdc.mp4,0.6823993921279907
vvpqqpjlwn.mp4,0.7925649285316467
vvpwtduldi.mp4,0.8657537698745728
vvqtglzcep.mp4,0.10026484727859497
vvriuacduz.mp4,0.8313218355178833
vvsbchnyjv.mp4,0.39123478531837463
vvsicmdyzq.mp4,0.9412500262260437
vvsoymxnol.mp4,0.3074914216995239
vvtgxgykww.mp4,0.8777766823768616
vvtzkgipvb.mp4,0.05545971170067787
vvvlfwgxqd.mp4,0.9151869416236877
vvvuorcvfv.mp4,0.81404048204422
vvvzsluzws.mp4,0.9382734298706055
vvwiqcvllt.mp4,0.9840496778488159
vvxiemmuzq.mp4,0.9321112036705017
vvxnfaqbot.mp4,0.881521999835968
vvxpvxptlw.mp4,0.06966107338666916
vvygpvfiyd.mp4,0.07997036725282669
vvysgggofo.mp4,0.5849789381027222
vvyxwlcaax.mp4,0.5007324814796448
vvzefxbzqv.mp4,0.8568863868713379
vvzpczcwlc.mp4,0.719440221786499
vvzzgraotq.mp4,0.0601947158575058
vwabptueck.mp4,0.8440908193588257
vwavxcyykd.mp4,0.9054540991783142
vwbdlklsjn.mp4,0.17810823023319244
vwcacyqmpy.mp4,0.13620740175247192
vwdbfqebag.mp4,0.06360239535570145
vwdcowoxxj.mp4,0.9778331518173218
vwdupokjyb.mp4,0.6776019334793091
vweghoydea.mp4,0.9343531727790833
vwejghweuu.mp4,0.5195357799530029
vweptzevkl.mp4,0.72864830493927
vwetsvmkdj.mp4,0.9585249423980713
vwezeiczkt.mp4,0.9347184300422668
vwfccelneb.mp4,0.8520417809486389
vwfcckqewi.mp4,0.8900415897369385
vwgeflwkrz.mp4,0.9502898454666138
vwgjdpxisr.mp4,0.8711445331573486
vwglehgkey.mp4,0.9363387823104858
vwhbaibyfr.mp4,0.8005228638648987
vwhkslntta.mp4,0.8707947731018066
vwhmbabhdb.mp4,0.9081693887710571
vwhuhlhctt.mp4,0.13205686211585999
vwigrbqwbf.mp4,0.89854496717453
vwigtbeivy.mp4,0.06916245818138123
vwiidzlkdv.mp4,0.033069513738155365
vwjefjjqrr.mp4,0.40169963240623474
vwjegddiex.mp4,0.9553949236869812
vwldcakscn.mp4,0.37275296449661255
vwlelxjgey.mp4,0.7773135304450989
vwlkjebhvw.mp4,0.8545234799385071
vwluqyyhpi.mp4,0.9273138046264648
vwlwbovhxl.mp4,0.9207096099853516
vwmaaaldtm.mp4,0.24800463020801544
vwmiebtfmp.mp4,0.7350813150405884
vwmocnbdbm.mp4,0.9055081605911255
vwnbgvgzfc.mp4,0.4463033974170685
vwnhxugzsd.mp4,0.5215795040130615
vwnuhvbnsq.mp4,0.36074763536453247
vwoewnnobr.mp4,0.5693527460098267
vwovockaja.mp4,0.864655613899231
vwpeiuxppi.mp4,0.39643263816833496
vwpvsrphdd.mp4,0.9442570209503174
vwqlucuqto.mp4,0.0751107782125473
vwqmrisuzw.mp4,0.8725960850715637
vwqrtxbwye.mp4,0.796898603439331
vwrcgnwdzo.mp4,0.9624450206756592
vwrrieyzck.mp4,0.07387828081846237
vwrsgjzxcq.mp4,0.7086422443389893
vwtbrtvsxh.mp4,0.11220738291740417
vwtchwfzlw.mp4,0.9795970916748047
vwtoiqzwtt.mp4,0.9635621905326843
vwvaddvdhb.mp4,0.6501304507255554
vwvkjzwyuz.mp4,0.9601579308509827
vwvpfimnbv.mp4,0.4826801121234894
vwwazwjgqa.mp4,0.8955661654472351
vwwyakakss.mp4,0.5415458083152771
vwxoisiedz.mp4,0.9346513152122498
vwxsnitxwe.mp4,0.9178004264831543
vwyodmstpu.mp4,0.7803403735160828
vwyyxvqkmj.mp4,0.9159826636314392
vwzprtfgpt.mp4,0.9649935364723206
vwzrviqaqk.mp4,0.048045605421066284
vwzxrdbiui.mp4,0.8609174489974976
vxakkmhcan.mp4,0.1440725177526474
vxavwwanpp.mp4,0.7893022298812866
vxayjzhphh.mp4,0.10902491211891174
vxbijjelis.mp4,0.8451403379440308
vxbnaacnvz.mp4,0.14940325915813446
vxbngbdohv.mp4,0.9423679113388062
vxbvibfyws.mp4,0.9039373993873596
vxbxvwazua.mp4,0.9459362626075745
vxcfljdjbe.mp4,0.987931489944458
vxcjkgerao.mp4,0.6712098121643066
vxcwtlqnbv.mp4,0.6719419956207275
vxcxblgtcl.mp4,0.9481227397918701
vxdbtkmflb.mp4,0.9881302714347839
vxdeuyjhuq.mp4,0.7804455161094666
vxelxlqkjb.mp4,0.5388228893280029
vxfqivddfn.mp4,0.8815402388572693
vxfvavzscr.mp4,0.14827798306941986
vxgfvndtps.mp4,0.309083491563797
vxgzxvarvc.mp4,0.04826774075627327
vxhdfsvihq.mp4,0.8891105055809021
vxhdsgywlh.mp4,0.2126735895872116
vxhmskalqh.mp4,0.9201353788375854
vxiavuaply.mp4,0.96306312084198
vxivzbkhdk.mp4,0.06621677428483963
vxjfmhoehj.mp4,0.8957537412643433
vxjlkxxzxa.mp4,0.9617141485214233
vxkzaoklbk.mp4,0.930152177810669
vxlqzgewuz.mp4,0.026608742773532867
vxlvixxxtz.mp4,0.9078014492988586
vxmntgzczw.mp4,0.9283978939056396
vxmzjuxoeb.mp4,0.16709265112876892
vxnjzhzwcx.mp4,0.9291039109230042
vxoahgdkoj.mp4,0.9519745111465454
vxoddhovex.mp4,0.3586980700492859
vxojnluipv.mp4,0.893550455570221
vxpgkelrns.mp4,0.9353729486465454
vxptamrvpk.mp4,0.9104996919631958
vxqcfwelie.mp4,0.8946107029914856
vxqofldgze.mp4,0.8941028118133545
vxqtauhyvo.mp4,0.9294562339782715
vxrdidfgje.mp4,0.06349978595972061
vxrhpfangv.mp4,0.6671947240829468
vxtfcgjagn.mp4,0.1462797373533249
vxtlqowsxi.mp4,0.845718502998352
vxusutrmjr.mp4,0.045596662908792496
vxvfnilipx.mp4,0.9574264287948608
vxwaxehjux.mp4,0.9161863923072815
vxwkhsvjxx.mp4,0.9009798169136047
vxwsisekmb.mp4,0.15593968331813812
vxxajypjxx.mp4,0.17317922413349152
vxxbpbersr.mp4,0.8993521928787231
vxxlutjivk.mp4,0.028061876073479652
vxyddzxeco.mp4,0.9875808954238892
vxyiqbqyvw.mp4,0.36474356055259705
vxyzlvqvhb.mp4,0.919346272945404
vxzbzorpvx.mp4,0.9390064477920532
vxzevjxptf.mp4,0.8946259021759033
vyacjkyvnt.mp4,0.9226212501525879
vyashhbpgf.mp4,0.9192460775375366
vybarxinlq.mp4,0.9431418776512146
vybbrqndcv.mp4,0.09960798919200897
vybbullejj.mp4,0.9755756258964539
vybpefznnl.mp4,0.8391761183738708
vybvqhigzq.mp4,0.9044010043144226
vycubfqbsw.mp4,0.4087277948856354
vycvfenloc.mp4,0.940666913986206
vyddxgodef.mp4,0.07810865342617035
vydubobzur.mp4,0.8000056147575378
vyefvxoqmh.mp4,0.8898794651031494
vyetikapse.mp4,0.48436856269836426
vyeykiiasj.mp4,0.9168710708618164
vyfbdzoqbo.mp4,0.7917541861534119
vyfobcpbfq.mp4,0.5855119824409485
vyfxbvzhvx.mp4,0.8924260139465332
vygippnwij.mp4,0.896729588508606
vyhfemhath.mp4,0.9238106608390808
vyhhcubgrb.mp4,0.9089882969856262
vyigmewuus.mp4,0.056509293615818024
vyiikcnkyw.mp4,0.9586572647094727
vyjhpmgygg.mp4,0.8232609033584595
vykngnqhju.mp4,0.9006264209747314
vylqhhaece.mp4,0.9895669221878052
vylzsyazmx.mp4,0.09549674391746521
vymmhcllqs.mp4,0.9715175032615662
vyndaaclxx.mp4,0.8989092111587524
vynhywgssy.mp4,0.9050351977348328
vyoozsirec.mp4,0.9672458171844482
vypdtrxrqd.mp4,0.8875080943107605
vypfiufyvr.mp4,0.8618649840354919
vypwovaohd.mp4,0.8894484639167786
vyqqnwyrzi.mp4,0.9137962460517883
vyrkbvfpbd.mp4,0.23395338654518127
vysvnufvyc.mp4,0.9308667182922363
vytbixywfl.mp4,0.9287094473838806
vytjkvplzu.mp4,0.0529945008456707
vytnueykce.mp4,0.8833199143409729
vytvsnbdhx.mp4,0.9095579981803894
vyvakdelwu.mp4,0.1261233389377594
vyvcnwyxkk.mp4,0.9300428032875061
vyweaswaop.mp4,0.9061540961265564
vywvktvkbs.mp4,0.8870557546615601
vyzyckcmpt.mp4,0.8114763498306274
vzacrzgjtk.mp4,0.1358630657196045
vzaplbdhrh.mp4,0.9536091685295105
vzbdwilegq.mp4,0.11029370129108429
vzbfqsmggp.mp4,0.05605681240558624
vzblrxdmxw.mp4,0.9525822401046753
vzczmceyuc.mp4,0.8805756568908691
vzdbwerhpw.mp4,0.8385661244392395
vzdjpsxrma.mp4,0.9197778701782227
vzdmxnuhkz.mp4,0.6396271586418152
vzdubwzzed.mp4,0.9742009043693542
vzetjkdprf.mp4,0.8181664943695068
vzewnmgser.mp4,0.9518385529518127
vzfiayzifu.mp4,0.12551188468933105
vzftnuycbj.mp4,0.9604265689849854
vzgcbkfkga.mp4,0.9398751854896545
vzgrwuddfc.mp4,0.9220159649848938
vzhddunyik.mp4,0.8935916423797607
vzhekhuofe.mp4,0.9816601276397705
vzhnbxbmao.mp4,0.09310232102870941
vzidramzjr.mp4,0.9268530011177063
vziiorztkr.mp4,0.9483855366706848
vzinlbrvuw.mp4,0.8401683568954468
vzjiuuhlgz.mp4,0.9157628417015076
vzjwwecbrb.mp4,0.7053220868110657
vzkbkaytip.mp4,0.7519564032554626
vzkekmsnyk.mp4,0.9714572429656982
vzkjmyeyhk.mp4,0.9675751328468323
vzltstjkwm.mp4,0.6749717593193054
vzmywijmup.mp4,0.93630051612854
vznfvzkrgy.mp4,0.8152990937232971
vzngxvuasb.mp4,0.07142055779695511
vznzbpywab.mp4,0.908524215221405
vzodkhkpdv.mp4,0.900233805179596
vzoefemkme.mp4,0.9659234881401062
vzoejtikdm.mp4,0.5646629333496094
vzomknwbuv.mp4,0.7320156097412109
vzovudfimk.mp4,0.5567253828048706
vzquwvazbb.mp4,0.806432843208313
vzquzlnnbn.mp4,0.3031849265098572
vzrhekqyot.mp4,0.8934320211410522
vzrokelbyl.mp4,0.9313322901725769
vzsthtxqgc.mp4,0.9681418538093567
vztfzxzclg.mp4,0.9627048373222351
vzxgmtvvwa.mp4,0.8705009818077087
vzxlthrgth.mp4,0.8908937573432922
vzxluflrhn.mp4,0.11391917616128922
vzybqptymo.mp4,0.8463590145111084
vzyigmkacd.mp4,0.9224520921707153
wabjhmmqww.mp4,0.4412148594856262
wabjhvgygp.mp4,0.9113478064537048
wabniqhixs.mp4,0.8401522040367126
wabyiamgcs.mp4,0.9378898739814758
wacxaomorz.mp4,0.906880795955658
wadvbqwddb.mp4,0.09636769443750381
waehykhfxa.mp4,0.9119132161140442
waejvkchgy.mp4,0.9453153610229492
waekcvtplt.mp4,0.192841574549675
waelhbzekw.mp4,0.8249549269676208
waeskngtfq.mp4,0.15025843679904938
wafyksehao.mp4,0.6544966697692871
wagcavhhpc.mp4,0.9341772794723511
wahixajhpv.mp4,0.8779569268226624
wajekkipiy.mp4,0.9766523241996765
wakrfauvnf.mp4,0.8687355518341064
walwffkgtr.mp4,0.06240234524011612
walwxoranx.mp4,0.8742251396179199
wanjyppioc.mp4,0.8159231543540955
waoxgtosrb.mp4,0.9448984861373901
wappqztpnr.mp4,0.8594353199005127
wapytblnic.mp4,0.8883468508720398
waqkzzfbll.mp4,0.6861994862556458
waqocpjdjv.mp4,0.8624795079231262
waqohuqldv.mp4,0.9819501042366028
warsqvoirc.mp4,0.5512598156929016
watcnqibxj.mp4,0.8783572912216187
watiwlecjv.mp4,0.8726509809494019
watlphgtvj.mp4,0.96335369348526
watpnhaucp.mp4,0.7805547118186951
wauoeybril.mp4,0.0924866572022438
wavjwvvskq.mp4,0.09984125196933746
waxcdqdjpx.mp4,0.978171169757843
wayblxtvzm.mp4,0.7885310649871826
wazeinvyng.mp4,0.09956850111484528
wbauflvfzq.mp4,0.9495704770088196
wbbmxcrssy.mp4,0.886469304561615
wbcamhqfgx.mp4,0.7976177930831909
wbcnvdycxo.mp4,0.8995400667190552
wbdeybaazn.mp4,0.8641194105148315
wbechqnxqm.mp4,0.08280634880065918
wbegnddgks.mp4,0.7333331108093262
wbeloasrin.mp4,0.798619270324707
wbeplfzuvf.mp4,0.7242899537086487
wbezhimwhd.mp4,0.42992693185806274
wbezyiploa.mp4,0.5906171202659607
wbfezmodza.mp4,0.8344547748565674
wbfofluvxg.mp4,0.9686594009399414
wbgivbxtax.mp4,0.05402502790093422
wbhgiqmjwp.mp4,0.4832782745361328
wbhgwgqgna.mp4,0.49982747435569763
wbhrwyvmyb.mp4,0.8976519107818604
wbhusfdkwh.mp4,0.8351238965988159
wbjjqvilmb.mp4,0.9174540042877197
wbkseptvot.mp4,0.9197691082954407
wblbqllxwq.mp4,0.9252339601516724
wblcszxxbb.mp4,0.9022572636604309
wbllwuvlsk.mp4,0.8304650187492371
wblpwuihmo.mp4,0.9785881042480469
wbmdqqtnmr.mp4,0.4770771861076355
wbmgzfjkwu.mp4,0.5334734916687012
wbmtiennwo.mp4,0.056636106222867966
wbmvbetcdm.mp4,0.07208995521068573
wbmxzgevzq.mp4,0.9127430319786072
wbnepxefbp.mp4,0.9284214973449707
wbnjeuoytp.mp4,0.9278499484062195
wbnowcgdhl.mp4,0.8766706585884094
wbnylvpxkb.mp4,0.8984283208847046
wboxubjdlm.mp4,0.9149247407913208
wbpcorrcyl.mp4,0.9609957933425903
wbqdwrulkm.mp4,0.25470101833343506
wbqnqjfsgi.mp4,0.3818371295928955
wbsaewrzpq.mp4,0.19663171470165253
wbsajsyaej.mp4,0.17068248987197876
wbsjlgxstv.mp4,0.1589718759059906
wbtjpjlsjo.mp4,0.9727367162704468
wbtolhwpyo.mp4,0.9791048765182495
wbtytqdygg.mp4,0.3936605751514435
wbujtkivtn.mp4,0.9148337244987488
wbvlgevkmb.mp4,0.8964471220970154
wbvttgzgjr.mp4,0.8442630171775818
wbwsscmgxb.mp4,0.9638475775718689
wbxgbgzbrz.mp4,0.16919027268886566
wbxnjorrvo.mp4,0.981163740158081
wbxwesdpad.mp4,0.5
wbxwlxngda.mp4,0.08693399280309677
wbyfiwfrgf.mp4,0.5781875252723694
wbytduwkdj.mp4,0.9765180349349976
wbytxsolfy.mp4,0.9223772287368774
wbyzjuahgs.mp4,0.827478289604187
wbzjcngbor.mp4,0.8961217999458313
wbzssuclak.mp4,0.09340091794729233
wbzuboyumt.mp4,0.9121268391609192
wbzzvjhdwy.mp4,0.9567347764968872
wcbfcmfjon.mp4,0.6896556615829468
wcbhgpjimp.mp4,0.9154930710792542
wcbnkhtwvj.mp4,0.8850759267807007
wcbvzlyltb.mp4,0.4265036880970001
wcbzijzyaq.mp4,0.8682024478912354
wcckmuzcyh.mp4,0.1732385903596878
wcctmgtcvk.mp4,0.8576186299324036
wcdcivtpti.mp4,0.8170301914215088
wcdkdtysxu.mp4,0.8936061859130859
wcerkoyqnm.mp4,0.4077177047729492
wcgmsalwrw.mp4,0.9662266969680786
wcgseqbpbz.mp4,0.8233422040939331
wchbngegmq.mp4,0.7238627672195435
wchmfhotgt.mp4,0.8638937473297119
wchxvtaxjd.mp4,0.8818965554237366
wcicgnnamg.mp4,0.4637201726436615
wcimuqbkek.mp4,0.9524678587913513
wciqwqqgnr.mp4,0.8632268905639648
wcjhbdtezc.mp4,0.8979011178016663
wclmwjiotk.mp4,0.9025688171386719
wclwrdpcbh.mp4,0.8996281623840332
wcmcakviru.mp4,0.13587509095668793
wcmgrcbwxq.mp4,0.39022916555404663
wcmqpfjebd.mp4,0.8871331214904785
wcmqvldxtk.mp4,0.0568365678191185
wcnnrwfvgi.mp4,0.837114691734314
wcnttkqepg.mp4,0.9317695498466492
wcohnatfuu.mp4,0.7602308392524719
wcpsjgsmhk.mp4,0.8665602207183838
wcqtnstwij.mp4,0.05691724270582199
wcqudssayk.mp4,0.3096592426300049
wcqvuohxze.mp4,0.9455474615097046
wcqxmjrmom.mp4,0.36231449246406555
wcrehsadrr.mp4,0.9016396999359131
wcrirllire.mp4,0.9652667045593262
wctjlgxmus.mp4,0.9470751285552979
wctqfpaquy.mp4,0.7570993304252625
wctrppqdjo.mp4,0.7394281029701233
wcuavvyokv.mp4,0.6752187013626099
wcumrffolu.mp4,0.9594842791557312
wcursjyswg.mp4,0.9084823727607727
wcusakgafv.mp4,0.9290308952331543
wcvadvurat.mp4,0.9791086912155151
wcvuxlupna.mp4,0.756338894367218
wcvyiarpfo.mp4,0.7131868600845337
wcwovskufz.mp4,0.9283401370048523
wcwszagibq.mp4,0.9288572072982788
wcxombjhpz.mp4,0.6855881810188293
wcybpkdnmv.mp4,0.7503750324249268
wcyrtxkblp.mp4,0.9657889604568481
wczeysgrys.mp4,0.5424668192863464
wczmozxmdq.mp4,0.9891431331634521
wdafpwgevq.mp4,0.6852334141731262
wdalfxivcx.mp4,0.7896184921264648
wdamxsyytq.mp4,0.8022059202194214
wdarrvkhsj.mp4,0.9373891949653625
wdbhkeiksl.mp4,0.9511062502861023
wdblvqyxyx.mp4,0.3823869824409485
wdbojfpkpd.mp4,0.9006921648979187
wdcaxqeexp.mp4,0.923216700553894
wdcynnazsq.mp4,0.8338831067085266
wddhtmtnfk.mp4,0.9888275861740112
wddsnkeghb.mp4,0.9427828788757324
wdeomkqphx.mp4,0.9873620271682739
wdfgbyqdbn.mp4,0.9174593687057495
wdfonpthis.mp4,0.8696364164352417
wdglwreetr.mp4,0.9082098007202148
wdgonxedkz.mp4,0.9622961282730103
wdgsdwsisj.mp4,0.061520081013441086
wdhbbkpdmy.mp4,0.870503842830658
wdhfkfsraq.mp4,0.6685013175010681
wdhhwfarpq.mp4,0.9868590831756592
wdibrxgjni.mp4,0.9887800812721252
wdizvgasiw.mp4,0.9522293210029602
wdjakibrey.mp4,0.8753238320350647
wdjjqrpidu.mp4,0.9073150157928467
wdjjrlzxyb.mp4,0.9541102647781372
wdjwaikjsj.mp4,0.9022942185401917
wdkptmgkvp.mp4,0.24970395863056183
wdkttasjkq.mp4,0.924119770526886
wdlsseyqzz.mp4,0.9299631714820862
wdmddrpxca.mp4,0.5823940634727478
wdmiozfxer.mp4,0.12677843868732452
wdncfnhwto.mp4,0.03167903423309326
wdnvdcndwd.mp4,0.1325565129518509
wdpgeewsfu.mp4,0.913618803024292
wdpsjixfue.mp4,0.04943038895726204
wdpvogcmmo.mp4,0.9893459677696228
wdqbtyqfkp.mp4,0.07215370982885361
wdqjpnxdtj.mp4,0.7690160870552063
wdstmdrcil.mp4,0.6360138058662415
wdsxnkwhgu.mp4,0.9617981314659119
wdtdmkamkg.mp4,0.9193500280380249
wdtitxrfrh.mp4,0.0566260851919651
wdtjgdgnwq.mp4,0.7405288815498352
wdtoumzbzd.mp4,0.6731755137443542
wduchluqem.mp4,0.15547062456607819
wdudwghddu.mp4,0.40603041648864746
wduqmznmym.mp4,0.9135226011276245
wdwtxqosdc.mp4,0.8206389546394348
wdxvdhlinc.mp4,0.8817775845527649
wdymodypoo.mp4,0.9034793376922607
wdzhfbnqmo.mp4,0.8335687518119812
wdzldsjigx.mp4,0.07224341481924057
wdzobfuurv.mp4,0.770073652267456
wdztudnjav.mp4,0.931524395942688
wdzvmfiste.mp4,0.26192012429237366
wdzvtcyjuj.mp4,0.7004823088645935
weadnmzvzp.mp4,0.8751744627952576
weavaatvho.mp4,0.5076953768730164
weazwvacod.mp4,0.9880885481834412
webphdlozj.mp4,0.9192062020301819
webrimfvtt.mp4,0.2707173824310303
websfjgutg.mp4,0.0608464814722538
webyiqztha.mp4,0.23371577262878418
webznbrpcd.mp4,0.8798884153366089
wecmkjuisc.mp4,0.8949556946754456
wedyarmcvw.mp4,0.1441717892885208
weecilkiro.mp4,0.4068598747253418
weegoldkhf.mp4,0.078478142619133
weeivalxij.mp4,0.6216055154800415
weektplqak.mp4,0.35431209206581116
weexsxqrfz.mp4,0.9115203619003296
wefbhzmope.mp4,0.9547881484031677
wefgfotpqq.mp4,0.8955305814743042
wefpcyviem.mp4,0.8816478848457336
wegjhmzauw.mp4,0.8248972296714783
wegzajacex.mp4,0.2964317798614502
wehtngqjxl.mp4,0.0866277739405632
wejapyzpbg.mp4,0.9341681599617004
wejqgsbysi.mp4,0.9118764996528625
wekhxtinfx.mp4,0.8091611862182617
weltyzkxfi.mp4,0.9353653788566589
wemmxongrq.mp4,0.8107643723487854
wemzpkinhk.mp4,0.8863071203231812
wenaoepxqb.mp4,0.943268358707428
wenuooympy.mp4,0.9291477799415588
wenvrplbwm.mp4,0.9767439961433411
wepyuhvezr.mp4,0.9000783562660217
weqontqqhu.mp4,0.6610174775123596
wequwopjzq.mp4,0.8322800993919373
werlbvidvc.mp4,0.7783271074295044
weruepdgcd.mp4,0.9538701772689819
wervsihhmx.mp4,0.08949540555477142
weswgpmomf.mp4,0.08585602045059204
wetheuhcha.mp4,0.7109543681144714
wethlpqjfq.mp4,0.9670418500900269
wetjdexndk.mp4,0.9106468558311462
wetxiumbte.mp4,0.8734703063964844
wetxtmuqbk.mp4,0.04488275200128555
weukwfnxfv.mp4,0.06925424188375473
weumbyyafm.mp4,0.8215898275375366
weuofjclhu.mp4,0.9324254393577576
weuwmsvsab.mp4,0.8486654162406921
wevaxsbyxd.mp4,0.8396860957145691
wevfueqyzy.mp4,0.8368750810623169
wevhybrgah.mp4,0.6722198128700256
wevygelkrl.mp4,0.243491992354393
wewmaulmxp.mp4,0.17045606672763824
wewpryxgrr.mp4,0.9591901898384094
wewwfqwutz.mp4,0.7656205296516418
wewxquevzv.mp4,0.9322187304496765
wexrpfohgb.mp4,0.9641403555870056
weyakuslmc.mp4,0.2137121707201004
weyaufavnr.mp4,0.09834770113229752
weyytoiztb.mp4,0.14022724330425262
wezixwqvbf.mp4,0.7772876024246216
wfakuaafek.mp4,0.5246549248695374
wfamafxoyu.mp4,0.9416580200195312
wfbsgbgoxn.mp4,0.8429099321365356
wfchpcdbwv.mp4,0.8227848410606384
wfcufxqxms.mp4,0.7209522128105164
wfdhdbgvzm.mp4,0.8495519757270813
wfdhlzcncz.mp4,0.9021755456924438
wfdkvfpvbe.mp4,0.9835608601570129
wffrogdzbg.mp4,0.6469336748123169
wffykpcqun.mp4,0.9783742427825928
wfghfyvyfm.mp4,0.9167057275772095
wfgvemlxwq.mp4,0.9187880158424377
wfhyepctyv.mp4,0.838466227054596
wfidleglqk.mp4,0.8465154767036438
wfjmzuaxww.mp4,0.24584327638149261
wfkwapjhts.mp4,0.8127301335334778
wfkxfzpglp.mp4,0.9157907366752625
wflygwwijx.mp4,0.054346680641174316
wfmeffvvce.mp4,0.19141115248203278
wfmgruqquc.mp4,0.22828088700771332
wfnelvowvg.mp4,0.6478840708732605
wfokdoloyz.mp4,0.8570417761802673
wfoubyslvu.mp4,0.9287863969802856
wfpunjtoee.mp4,0.930899977684021
wfqcftvejn.mp4,0.9089492559432983
wfqcondnoq.mp4,0.8735193014144897
wfqctmmdkv.mp4,0.8551545143127441
wfqgizxkww.mp4,0.8440818190574646
wfqqeykavq.mp4,0.9895564317703247
wfqukrdqot.mp4,0.6602590680122375
wfqwlgdawn.mp4,0.8631640672683716
wfrdbsdyis.mp4,0.9626021981239319
wfrfrbuuga.mp4,0.3267240524291992
wfrsuhbxog.mp4,0.5420823097229004
wfsbpofrws.mp4,0.9440692663192749
wfsqddoonu.mp4,0.8462976217269897
wfsvuyhlvt.mp4,0.1818317025899887
wfsxvggzah.mp4,0.9333896636962891
wftjehygov.mp4,0.8141601085662842
wftoukwgtk.mp4,0.04157986864447594
wftzbnqebf.mp4,0.9497084021568298
wfudzmubsc.mp4,0.8886541724205017
wfuhwqrjgp.mp4,0.2576458156108856
wfurdxubir.mp4,0.8382387757301331
wfuwzwkqvm.mp4,0.9444191455841064
wfuyduebtv.mp4,0.86335289478302
wfvcdhgtbi.mp4,0.5330153107643127
wfvipujbic.mp4,0.07643517851829529
wfvjyelmsr.mp4,0.07002513110637665
wfvtbscder.mp4,0.9624362587928772
wfxsepsnxb.mp4,0.9259033203125
wfxyxrwdea.mp4,0.9576829075813293
wfyslosrax.mp4,0.8811513781547546
wfythnvztb.mp4,0.9447189569473267
wfyyfhrwcw.mp4,0.9727621674537659
wfzfpjtecf.mp4,0.9663885235786438
wfzfwlocbv.mp4,0.9010692834854126
wfzomvimem.mp4,0.9384763240814209
wfzxrfxohw.mp4,0.08604560047388077
wgafduokly.mp4,0.20733362436294556
wgaghjuwez.mp4,0.9256358742713928
wgaluxpmfe.mp4,0.28894785046577454
wgbbuxfsoe.mp4,0.5905011296272278
wgbmiiaomb.mp4,0.9443731307983398
wgcaothoxl.mp4,0.5474623441696167
wgcgqvntuy.mp4,0.29619020223617554
wgdmntidxn.mp4,0.6639552116394043
wgdqfuadec.mp4,0.9009751081466675
wgdttcpodm.mp4,0.867364764213562
wgekoqdgny.mp4,0.9367573261260986
wgfidwalea.mp4,0.9143690466880798
wgghzzunsp.mp4,0.08507587015628815
wggnvhltjo.mp4,0.7861192226409912
wghkyxsgmi.mp4,0.9190099239349365
wgicfdvmii.mp4,0.9373139142990112
wgiojoodyu.mp4,0.8984344005584717
wgipqutduk.mp4,0.7465921640396118
wgiubssxye.mp4,0.89634770154953
wgjeutkvqv.mp4,0.8603430986404419
wgkxorvmtq.mp4,0.9185661673545837
wgmhyuxpjl.mp4,0.5994494557380676
wgmlmeubsz.mp4,0.5369928479194641
wgmmtmlqxj.mp4,0.5858960747718811
wgmpnulkrh.mp4,0.9376974701881409
wgpiwtjulu.mp4,0.9305582046508789
wgpmpigjne.mp4,0.8151195049285889
wgqkfngwhk.mp4,0.5438581705093384
wgqptridcs.mp4,0.5303829908370972
wgqvvcrkci.mp4,0.9089716076850891
wgqxlqofbg.mp4,0.7553980350494385
wgrlttrxzo.mp4,0.7331808805465698
wgsfaaxkae.mp4,0.9066368341445923
wgsogwklkz.mp4,0.493655800819397
wgsvouwkpe.mp4,0.5451231598854065
wgswphznis.mp4,0.07498420029878616
wgtasbplcj.mp4,0.9053976535797119
wgtxdrxzzu.mp4,0.9615157842636108
wgusxqhklm.mp4,0.8237366080284119
wgvbltgmkl.mp4,0.12781862914562225
wgveczfyjy.mp4,0.05821385979652405
wgvgcrtcct.mp4,0.9601122736930847
wgvgzykgjh.mp4,0.9783956408500671
wgvpsthdan.mp4,0.8710874915122986
wgwknwkhcl.mp4,0.8428587317466736
wgwonzhpsm.mp4,0.8834237456321716
wgwtkaniub.mp4,0.12799738347530365
wgxdjocbni.mp4,0.9708026051521301
wgxzdmjxyu.mp4,0.9506611824035645
wgxzoorxfb.mp4,0.7393990755081177
wgycqahjww.mp4,0.1325465440750122
wgymxzipeu.mp4,0.7008888721466064
wgysdlsqsr.mp4,0.9371781945228577
wgyuvkyedx.mp4,0.8597262501716614
wgyvrvrlam.mp4,0.34883591532707214
wgyxtquovo.mp4,0.8969798684120178
wgziuzngqv.mp4,0.4373275935649872
wgzojtktxm.mp4,0.864235520362854
whavdpjeza.mp4,0.9041911959648132
whawkommbm.mp4,0.3163395822048187
whbknfcjtz.mp4,0.9897624850273132
whcvxebrcb.mp4,0.931708574295044
whcxqsyjrz.mp4,0.7407397031784058
whdlwqwxxw.mp4,0.946635901927948
whenoceqbc.mp4,0.5960773229598999
wherrrxgus.mp4,0.8275997638702393
whevvgxgis.mp4,0.5529600381851196
whexbmwmbf.mp4,0.04494825378060341
whfntjazhf.mp4,0.18942734599113464
whgdxkzrgc.mp4,0.9450737237930298
whghgfejtv.mp4,0.9714622497558594
whimpibyvx.mp4,0.9404798746109009
whinjhdnkz.mp4,0.9258151054382324
whjftzzjwt.mp4,0.8980481028556824
whjphkfaey.mp4,0.9152858257293701
whjruukdbv.mp4,0.3190677762031555
whjsoshoth.mp4,0.67816561460495
whkimvklkw.mp4,0.08934850245714188
whkmwkevrb.mp4,0.770063579082489
whkqmlphca.mp4,0.9418465495109558
whlfpcoiiy.mp4,0.950554370880127
whlwupiuyq.mp4,0.921562135219574
whmihriwfw.mp4,0.34613850712776184
whmuyzgdrh.mp4,0.9817641377449036
whmxhrwjus.mp4,0.8718552589416504
whnhzzpgqz.mp4,0.9565473198890686
whocnbawsb.mp4,0.5392211079597473
whoufcajgr.mp4,0.9232438206672668
whouwprivm.mp4,0.10835807770490646
whpdmcjjhv.mp4,0.9453023076057434
whqcgvgvcq.mp4,0.31871265172958374
whqjqnbivg.mp4,0.8454656600952148
whqjwuqcek.mp4,0.7573829889297485
whqovqzknc.mp4,0.8441391587257385
whqoyablqh.mp4,0.901996910572052
whsdrgnrew.mp4,0.49397698044776917
whsgglurhh.mp4,0.4422284662723541
whsikwfkzv.mp4,0.8683042526245117
whsqzlklam.mp4,0.9485617280006409
whtffdhnvo.mp4,0.9310646653175354
whtjixlito.mp4,0.8606463074684143
whtmiuwmij.mp4,0.932915449142456
whtrmmevij.mp4,0.5824060440063477
whtwlyhaez.mp4,0.09149862825870514
whuroxbmeb.mp4,0.7096161246299744
whusuiiqmt.mp4,0.727034330368042
whvgbpiqym.mp4,0.9647199511528015
whvxhwihnw.mp4,0.14003218710422516
whxdrwokyw.mp4,0.726860523223877
whxkvxzupx.mp4,0.3923993408679962
whxqigkgyk.mp4,0.9331812858581543
whxsttlmxb.mp4,0.6532418727874756
whygzcutmr.mp4,0.24623341858386993
whzfxmhtzp.mp4,0.9264802932739258
whzghihvpj.mp4,0.07994059473276138
wiastkfeee.mp4,0.10697094351053238
wibhouoypv.mp4,0.13706111907958984
wibvzcwsed.mp4,0.8971987366676331
wicszikqmg.mp4,0.987239420413971
widixpakle.mp4,0.9285718202590942
wiezacumeb.mp4,0.9860800504684448
wifadtngcb.mp4,0.8858734965324402
wigsgjriah.mp4,0.9894632697105408
wigvufxjlt.mp4,0.8880119919776917
wigzumhqeg.mp4,0.9664366245269775
wiibkhtofj.mp4,0.923499584197998
wiivttlycd.mp4,0.9223825335502625
wijsiskflp.mp4,0.9534989595413208
wikovzsmwg.mp4,0.871649444103241
wiksdqrdai.mp4,0.039591461420059204
wikteupetl.mp4,0.6541352272033691
wilfhfcdmj.mp4,0.9225273132324219
wilfnlcsws.mp4,0.8173178434371948
wilswzogxn.mp4,0.8210102915763855
wimdsuuvuo.mp4,0.9829614758491516
wimesowura.mp4,0.8634421229362488
wimiizmsaj.mp4,0.7946089506149292
winfraqcmb.mp4,0.8288472890853882
winjhwexch.mp4,0.7686145305633545
winlzqoque.mp4,0.6288541555404663
winzkykhjj.mp4,0.5548833608627319
wiourzkzhl.mp4,0.2332315444946289
wiouwlashq.mp4,0.8261672258377075
wiouxielyd.mp4,0.8157606720924377
wioxcubcnc.mp4,0.9452301263809204
wipbbotmtl.mp4,0.9016294479370117
wiqhrbsfoj.mp4,0.9471674561500549
wiqmlyydvl.mp4,0.31127846240997314
wiqpzuqjhl.mp4,0.9551591873168945
wiqtkqwfsw.mp4,0.07375436276197433
wirrqskncd.mp4,0.923725962638855
wirxxsutua.mp4,0.9750838875770569
wiryyniipz.mp4,0.9129158854484558
wiszpsosqq.mp4,0.1250239908695221
witduijexp.mp4,0.7415019273757935
wiucngpxdb.mp4,0.9139237999916077
wivtjlzfdc.mp4,0.9491544961929321
wivvhcghpj.mp4,0.8002025485038757
wiwusfrevm.mp4,0.9831914305686951
wiwwxihjla.mp4,0.8895726203918457
wixamhpjea.mp4,0.5023409724235535
wixklzfgtv.mp4,0.9183561205863953
wiyqaqkswu.mp4,0.9676284790039062
wiytrffzjp.mp4,0.44301265478134155
wizboztwwm.mp4,0.22589072585105896
wizxwkxtrn.mp4,0.5572425127029419
wjbpogkzwb.mp4,0.8883041739463806
wjelzkifwn.mp4,0.9737780094146729
wjfeoichnb.mp4,0.9017951488494873
wjfpgayhty.mp4,0.8962205648422241
wjhhnnhjbi.mp4,0.9207842946052551
wjhuumhiib.mp4,0.8779559135437012
wjifffemhm.mp4,0.8929028511047363
wjixbmipgn.mp4,0.9126661419868469
wjjmpddtap.mp4,0.8440049290657043
wjjoqollas.mp4,0.94786536693573
wjjqqdrxyr.mp4,0.12202145159244537
wjjyzijfxg.mp4,0.5529956817626953
wjlmvjsncs.mp4,0.8136281371116638
wjlozvhhot.mp4,0.7884687185287476
wjmrgmppdm.mp4,0.8660760521888733
wjofdmsref.mp4,0.8215168714523315
wjoftgbkdy.mp4,0.8636490106582642
wjorrptner.mp4,0.7725263237953186
wjovriuyvy.mp4,0.2729014456272125
wjoxvojixy.mp4,0.8605954647064209
wjoygwvvwf.mp4,0.9649701118469238
wjpeznrhww.mp4,0.8428622484207153
wjpzkwocal.mp4,0.8771563172340393
wjqdwzowcg.mp4,0.8030457496643066
wjrepvzlsv.mp4,0.1962353140115738
wjrqrtqend.mp4,0.9215670824050903
wjszamwliv.mp4,0.8454937934875488
wjtjpqbrts.mp4,0.7457005381584167
wjtmkzhnlf.mp4,0.8228647708892822
wjvjtjgvhb.mp4,0.9318029284477234
wjwpvfbxjy.mp4,0.9055252075195312
wjwuynimqt.mp4,0.9488615393638611
wjwwribfdr.mp4,0.8951836824417114
wjxibehpap.mp4,0.8877306580543518
wjxjolbxwz.mp4,0.8459654450416565
wjxrbgkxvv.mp4,0.8647406697273254
wjyegkytqf.mp4,0.9507547616958618
wjytmmnvfm.mp4,0.8956913948059082
wjytumbccu.mp4,0.936119794845581
wjzjsnjtra.mp4,0.6171903610229492
wjzrpcfvyv.mp4,0.8832076191902161
wjzypmjezi.mp4,0.49877968430519104
wkbjnxyxqo.mp4,0.928909182548523
wkbjpfcede.mp4,0.9318872094154358
wkbrdphorp.mp4,0.9681487679481506
wkbxruxqna.mp4,0.9212366938591003
wkcbjmxlfx.mp4,0.10895923525094986
wkcffjdluo.mp4,0.33882492780685425
wkcuijaddk.mp4,0.9503902196884155
wkenxmwkxc.mp4,0.5942205190658569
wkffhlmfsy.mp4,0.9158141016960144
wkfrdirbks.mp4,0.9184906482696533
wkgnxvohlt.mp4,0.906938910484314
wkgqovlfso.mp4,0.9900001287460327
wkgxzdoqha.mp4,0.4910096824169159
wkhasvjpkk.mp4,0.799851655960083
wkhpggobmq.mp4,0.3274374008178711
wkimcgyvdg.mp4,0.9196966290473938
wkiqbthroz.mp4,0.9188893437385559
wkjaebyftm.mp4,0.9864596724510193
wkjhpzukba.mp4,0.8443535566329956
wkjivvdjcp.mp4,0.9222618341445923
wklbhxvfqw.mp4,0.9814600348472595
wklhogehdl.mp4,0.7935262322425842
wklvpqcioc.mp4,0.081557996571064
wkmhklcwrk.mp4,0.8668524622917175
wkmjjnoihk.mp4,0.08707819879055023
wknaloiwwe.mp4,0.49727585911750793
wkndqfgsqv.mp4,0.7382359504699707
wknksoiaoq.mp4,0.8068879246711731
wknulsawjv.mp4,0.7756226062774658
wknuqdschs.mp4,0.9409472942352295
wkonowlddi.mp4,0.9608700275421143
wkoxurxilc.mp4,0.7137179374694824
wkpgwnttsn.mp4,0.09501135349273682
wkqhhozlmd.mp4,0.26408183574676514
wkqpymzotc.mp4,0.9581392407417297
wkrblrzfuo.mp4,0.8643360137939453
wkroizxhbt.mp4,0.13273638486862183
wksbmfzmdg.mp4,0.9113340973854065
wksmeabxsb.mp4,0.8635918498039246
wktddmocmf.mp4,0.9618207216262817
wktdezchfx.mp4,0.8540464043617249
wktxudokag.mp4,0.8714379668235779
wkvmnknwdj.mp4,0.8510895371437073
wkwacdgjad.mp4,0.8267708420753479
wkwmivfzzc.mp4,0.46233588457107544
wkxgniqnao.mp4,0.15137149393558502
wkygntyiaj.mp4,0.3580028712749481
wkyoaybzxb.mp4,0.05890123173594475
wkzwofikgx.mp4,0.8509894609451294
wlachmspos.mp4,0.5807923078536987
wlagevfvcr.mp4,0.9384660124778748
wlaupbidru.mp4,0.1561700403690338
wlbvvldedb.mp4,0.909552812576294
wlckkzwoem.mp4,0.8676977753639221
wlddhbnhsp.mp4,0.7975329756736755
wldrgkoeql.mp4,0.9643402695655823
wleodpjyks.mp4,0.888466477394104
wleppkzkjs.mp4,0.9329705834388733
wlfqeyrpur.mp4,0.9217092394828796
wlgybvqzim.mp4,0.9244824051856995
wlhpniistw.mp4,0.5775352120399475
wlhqkmbquc.mp4,0.8459097743034363
wlhufkkjut.mp4,0.8883013129234314
wlixzmuzyi.mp4,0.34795358777046204
wlizbrnsxd.mp4,0.06962689757347107
wlmkggypzc.mp4,0.9163539409637451
wlmmyrmper.mp4,0.8250753283500671
wlninybffn.mp4,0.9225707054138184
wlnsmumoey.mp4,0.9120739102363586
wlnymccicv.mp4,0.06472695618867874
wlookjipea.mp4,0.27733170986175537
wlpelkmyvc.mp4,0.15202899277210236
wlpncuxqzb.mp4,0.9846145510673523
wlpuzfthxx.mp4,0.8920019865036011
wlqbvywhpf.mp4,0.9112823605537415
wlqgesvfot.mp4,0.9749345183372498
wlqssorvfi.mp4,0.0713730901479721
wlrbdhxcaw.mp4,0.9537795186042786
wlrmdagdqa.mp4,0.9403655529022217
wlrzcxjmcp.mp4,0.8450376391410828
wlscoeejcj.mp4,0.7724616527557373
wlsoqzaqrs.mp4,0.8850963115692139
wlspvjsbuk.mp4,0.8170307278633118
wlszehxbys.mp4,0.8952869176864624
wlteyrlfpe.mp4,0.8497933149337769
wltgvpzlpf.mp4,0.12355732917785645
wltycinaot.mp4,0.9293994903564453
wlufzacrfq.mp4,0.08165955543518066
wluigkzjdl.mp4,0.9539794325828552
wluynuuikw.mp4,0.9750559329986572
wlvqpiunzg.mp4,0.9655344486236572
wlvybmryxl.mp4,0.9776183366775513
wlwdpfbdrg.mp4,0.06885374337434769
wlwjutvfzx.mp4,0.9699032306671143
wlwlsvsedn.mp4,0.8859022259712219
wlwwqbjgmj.mp4,0.8594121932983398
wlxczwkylv.mp4,0.9168885946273804
wlxepdqvns.mp4,0.9173893928527832
wlxnmrsihg.mp4,0.9144250154495239
wlxogqaoja.mp4,0.8671915531158447
wlyvvvjgnv.mp4,0.9764438271522522
wmajtfbteo.mp4,0.9825003147125244
wmaqobhmlu.mp4,0.20819313824176788
wmaqywpwup.mp4,0.9244124293327332
wmavhagafr.mp4,0.9061457514762878
wmawvfpblo.mp4,0.8396283388137817
wmbdydnowb.mp4,0.4562726616859436
wmdamjouqh.mp4,0.8802715539932251
wmdpqzeclg.mp4,0.9520207047462463
wmdrbqckkw.mp4,0.7173547744750977
wmdrewmuev.mp4,0.3941381871700287
wmegtnlbjq.mp4,0.8704743981361389
wmekgobjyy.mp4,0.8717084527015686
wmfhwlpsvc.mp4,0.3580454885959625
wmgmshwtws.mp4,0.8741884827613831
wmgqeqrxlk.mp4,0.9010012745857239
wmgxnhiuvt.mp4,0.9139531850814819
wmhpypmzur.mp4,0.8900628685951233
wmjahdrbyr.mp4,0.414233535528183
wmjdhtsvif.mp4,0.9188942313194275
wmkbornmzk.mp4,0.047318022698163986
wmkyfrarib.mp4,0.8714940547943115
wmljvqilkb.mp4,0.8519874215126038
wmmlekdufn.mp4,0.3686080574989319
wmmottlyys.mp4,0.10685200244188309
wmnaczogmu.mp4,0.8431568741798401
wmnajexzkj.mp4,0.8926874995231628
wmnqzmpxbw.mp4,0.9678382873535156
wmoosietdr.mp4,0.8572057485580444
wmqdrsddao.mp4,0.9311280846595764
wmqknuwrgq.mp4,0.6416622996330261
wmqpublxyh.mp4,0.8854556679725647
wmqsknaifd.mp4,0.8927936553955078
wmqsmgzaga.mp4,0.3376602232456207
wmqunpkyiw.mp4,0.8664023876190186
wmqxzxigdh.mp4,0.9398467540740967
wmrbceysak.mp4,0.7658119201660156
wmrzqowwlf.mp4,0.8934381604194641
wmsmrcfoow.mp4,0.9236971139907837
wmtfqxryvi.mp4,0.7653855085372925
wmtmtmmjgn.mp4,0.05512842535972595
wmtmwuemhc.mp4,0.11311322450637817
wmtvxafwxm.mp4,0.8118566274642944
wmtwvhgouy.mp4,0.8165320754051208
wmudgchwur.mp4,0.6526557207107544
wmuxwupsgx.mp4,0.893155038356781
wmvmxmwgzy.mp4,0.9466906189918518
wmvpbihyvs.mp4,0.9093986749649048
wmwfcfwjdv.mp4,0.3671151399612427
wmwjijcndn.mp4,0.660203218460083
wmwkkiykdl.mp4,0.9700344204902649
wmxsqorxif.mp4,0.9779578447341919
wmxuepgtvy.mp4,0.2380753755569458
wmybdclyvw.mp4,0.1550762802362442
wmybrfjcbq.mp4,0.7020902633666992
wmyhpgwqkq.mp4,0.9133655428886414
wmyuurxrjw.mp4,0.5816635489463806
wnapijnlwm.mp4,0.9572609066963196
wnbjmruoef.mp4,0.9565288424491882
wnbuoyuevf.mp4,0.6767058968544006
wncajfjeph.mp4,0.8348428606987
wncdvjwyaf.mp4,0.9468033313751221
wncjibpyzk.mp4,0.9178678393363953
wncuhzhgjv.mp4,0.9408006072044373
wndeoxjyhk.mp4,0.9316105246543884
wndgspaigj.mp4,0.681448221206665
wndhbqtzpu.mp4,0.8906309604644775
wndqracjyj.mp4,0.9171955585479736
wnebaulkle.mp4,0.8403626680374146
wnemyzodsu.mp4,0.7152145504951477
wnfbrwwkuu.mp4,0.8820452094078064
wnfqtbneoe.mp4,0.5859332084655762
wnfrzyehdm.mp4,0.9016188979148865
wngqadhqol.mp4,0.9784524440765381
wnigphxcwf.mp4,0.98316890001297
wnimmovztf.mp4,0.9769018888473511
wnivyrmprq.mp4,0.5888194441795349
wnjqiwyiol.mp4,0.7964149713516235
wnkkffwxev.mp4,0.8313532471656799
wnkqpydjck.mp4,0.9494343400001526
wnkyqhrmng.mp4,0.9433593153953552
wnlamfqjaj.mp4,0.10393622517585754
wnlnuotcpw.mp4,0.04878368601202965
wnmgclgiis.mp4,0.9424378275871277
wnmgokszin.mp4,0.9233933091163635
wnodgaugvl.mp4,0.9157204031944275
wnoitecfmf.mp4,0.09489128738641739
wnokxrzpml.mp4,0.9363999366760254
wnphjvijem.mp4,0.9408242702484131
wnpypxywap.mp4,0.07808589190244675
wnpzdccthh.mp4,0.3543407618999481
wnqrnnplrh.mp4,0.8862866163253784
wnqzpaunbs.mp4,0.9459786415100098
wnroczyrtd.mp4,0.962106466293335
wnrryjdghq.mp4,0.8830768465995789
wnrzvzpjpq.mp4,0.9090365171432495
wnshgqztai.mp4,0.8717227578163147
wnsvzfcwpo.mp4,0.9309943318367004
wnsywgmtyj.mp4,0.771636426448822
wntenovjrb.mp4,0.4941975474357605
wntvspdocl.mp4,0.657980740070343
wntyomawif.mp4,0.8019606471061707
wnweefhmza.mp4,0.10532246530056
wnwtowryzg.mp4,0.9411414861679077
wnwuzorwye.mp4,0.9780218601226807
wnyuvhjqjn.mp4,0.8397601842880249
wnzpvwrhyv.mp4,0.9524520635604858
wnzvupybzp.mp4,0.4381357431411743
woaarlwrni.mp4,0.9024561047554016
woadtvrptz.mp4,0.9526572227478027
wocazrxtsk.mp4,0.8728070855140686
woceenpyrh.mp4,0.7456523180007935
wocgulikze.mp4,0.9156543016433716
wocxamvtsw.mp4,0.9548014402389526
wodjczsbdn.mp4,0.9105724096298218
wodlwjcmkn.mp4,0.8722115159034729
wodyvmsrro.mp4,0.8842806816101074
wofbcrvzdm.mp4,0.5937101244926453
wofklhrnfm.mp4,0.7845615148544312
wofnyginsw.mp4,0.9721381664276123
wofzfwxyvf.mp4,0.054506007581949234
wohatpqcpf.mp4,0.9551838040351868
wohhrvytaw.mp4,0.2697504460811615
woixvsbnab.mp4,0.312965452671051
wojhrcbcjj.mp4,0.9211450815200806
wojnfpytps.mp4,0.31294694542884827
wolgusoonv.mp4,0.04615955427289009
woljhikhox.mp4,0.19359038770198822
wolpgixfay.mp4,0.6183667778968811
womdngjejh.mp4,0.659924328327179
wommxomlwr.mp4,0.9818049669265747
womwjwyqzs.mp4,0.339664489030838
wonrzkirwi.mp4,0.23829641938209534
wontxpoify.mp4,0.9048011302947998
woommqzvfr.mp4,0.05044795572757721
wooranbphj.mp4,0.11887793987989426
woozbsrgad.mp4,0.9339625835418701
woppgjuqnn.mp4,0.8454828858375549
woqlxgsmct.mp4,0.7247607707977295
woqvoujhyj.mp4,0.05010714381933212
wotwhdptzm.mp4,0.8233329653739929
woufaypmos.mp4,0.8930834531784058
wourqhbgos.mp4,0.8907570242881775
woutmtulyc.mp4,0.9525594115257263
wovraiwadu.mp4,0.8483083248138428
wovufzgzkx.mp4,0.40238112211227417
wovwwjblus.mp4,0.9707702994346619
wowlzfxslk.mp4,0.9613064527511597
woxkvqtxjz.mp4,0.11269264668226242
woxlbmkeys.mp4,0.1258128136396408
woygkaqapj.mp4,0.5080251693725586
woypixzllw.mp4,0.9197567105293274
wozdhhgnxr.mp4,0.9473211169242859
wozfrointj.mp4,0.9598253965377808
wozjbukebj.mp4,0.903340756893158
woztvjhzuo.mp4,0.614686906337738
wpbdojffio.mp4,0.9732463955879211
wpbyhspoiy.mp4,0.9033276438713074
wpcmawhytz.mp4,0.9076289534568787
wpczkcwiwm.mp4,0.8499013185501099
wpeizdptiu.mp4,0.3039800822734833
wpeniiryyz.mp4,0.9408098459243774
wperksoyjd.mp4,0.7886088490486145
wpevsqyjca.mp4,0.9823418259620667
wpewycmqfk.mp4,0.910727322101593
wpfervugdg.mp4,0.7301989197731018
wpfitjhqed.mp4,0.08481314033269882
wpgjfpxovx.mp4,0.18189039826393127
wpgxphvhvo.mp4,0.7117589116096497
wphcgtgnyw.mp4,0.5797272324562073
wphztpbiqb.mp4,0.8786007761955261
wpjaljwawc.mp4,0.8682295680046082
wpjfnfxpbn.mp4,0.9232057332992554
wpjnujngcw.mp4,0.46227964758872986
wplpoezbrt.mp4,0.9507045149803162
wpmznuuzlv.mp4,0.7173171639442444
wpnwxmiptv.mp4,0.7843276858329773
wpoomdzjmh.mp4,0.9133561849594116
wpoxpcievv.mp4,0.04795894771814346
wpptpjmjlh.mp4,0.10048498958349228
wpqibjddzb.mp4,0.9256697297096252
wpqknyiwvz.mp4,0.8589301705360413
wprcmypsxh.mp4,0.3860253095626831
wprkutbbor.mp4,0.7205796241760254
wpsvhlbcio.mp4,0.9079551100730896
wptohalkre.mp4,0.8291352391242981
wpuxgilupb.mp4,0.9122617840766907
wpuyyofpri.mp4,0.8782961964607239
wpvgkzjtbi.mp4,0.9349027872085571
wpvhlligrh.mp4,0.8942570686340332
wpvitqvmia.mp4,0.9770535826683044
wpvonwowfm.mp4,0.7077694535255432
wpwaolpsvy.mp4,0.07234758883714676
wpwiygngwy.mp4,0.32381951808929443
wpwmfuhgta.mp4,0.7518485188484192
wpwsmgtrak.mp4,0.10099737346172333
wpwvlwlsov.mp4,0.5048860907554626
wpxicijtgk.mp4,0.9065051078796387
wpxivqyoww.mp4,0.6038608551025391
wpxqsgmmgz.mp4,0.7715738415718079
wpyqvfwwzz.mp4,0.952364981174469
wpyrhtlloq.mp4,0.9040981531143188
wpzerceyjq.mp4,0.0450100414454937
wpzkwvqkjs.mp4,0.584335446357727
wqbeswzbtz.mp4,0.06373324245214462
wqbrqneydj.mp4,0.980974555015564
wqbvktypda.mp4,0.35740146040916443
wqddtxnbcx.mp4,0.7911136746406555
wqebygojbt.mp4,0.8380895256996155
wqepicgirh.mp4,0.8966687917709351
wqeudsihbm.mp4,0.9861685633659363
wqfjzcjbbz.mp4,0.978351354598999
wqfycjbbsh.mp4,0.41352370381355286
wqgcygybmw.mp4,0.9093273878097534
wqghgjctpy.mp4,0.5375556349754333
wqhcsehrqp.mp4,0.9004862904548645
wqidhonezq.mp4,0.9793245792388916
wqivvcqrud.mp4,0.3553544282913208
wqkaroiouf.mp4,0.9405370354652405
wqkgrkbkvo.mp4,0.07417759299278259
wqlfjdmwbc.mp4,0.9422720074653625
wqlsjubilg.mp4,0.9800769090652466
wqmfmlthsg.mp4,0.8791962265968323
wqmndrkclc.mp4,0.6126903295516968
wqmukgrnds.mp4,0.9668537974357605
wqnouugrqv.mp4,0.8748926520347595
wqnrlbuzcj.mp4,0.9048870205879211
wqnuraegce.mp4,0.9762120246887207
wqoqmvdepr.mp4,0.9135726094245911
wqowmddqri.mp4,0.9070069193840027
wqphfoxpor.mp4,0.3116065561771393
wqqrghknon.mp4,0.12125009298324585
wqrxribxgk.mp4,0.8582175970077515
wqtkesdpqt.mp4,0.9170712828636169
wqtraebanl.mp4,0.8096619248390198
wqtyfdhyps.mp4,0.2871134579181671
wqunkpcesq.mp4,0.7295025587081909
wqviirqrtj.mp4,0.7505878210067749
wqvtglpxri.mp4,0.9700285792350769
wqwgzqjkxf.mp4,0.7858894467353821
wqxbrmkexf.mp4,0.9433474540710449
wqyjlgsbqe.mp4,0.9123626351356506
wqylqadaso.mp4,0.8764628171920776
wqyqajatpf.mp4,0.7706611156463623
wqzfjwkbdn.mp4,0.9383965134620667
wqznuzdyth.mp4,0.965830385684967
wrawkurmjc.mp4,0.921751081943512
wrbtvsforp.mp4,0.4522462785243988
wrbtvubjhe.mp4,0.9554811716079712
wrbuiboyat.mp4,0.06842035055160522
wrbutvjkjr.mp4,0.9861584305763245
wrcelewmpa.mp4,0.14610937237739563
wrcjeiljen.mp4,0.9056649208068848
wrcqvnrgsk.mp4,0.9067831635475159
wrcuqngerf.mp4,0.11048726737499237
wrcynehbqx.mp4,0.7584872245788574
wrcyprdisa.mp4,0.962963879108429
wrdezjcnwl.mp4,0.864834725856781
wrdjjrakfj.mp4,0.902644693851471
wrdmlvxuno.mp4,0.8478737473487854
wrersztmaj.mp4,0.06667156517505646
wrfppbaily.mp4,0.14877483248710632
wrgmzrsugv.mp4,0.592168390750885
wrhilosgmx.mp4,0.8319348096847534
wrhmlwrtlz.mp4,0.9397177696228027
wrhnjjdjgr.mp4,0.8987964987754822
wrielnqukj.mp4,0.9233747124671936
wrigemxqaf.mp4,0.3144998550415039
wriieeailu.mp4,0.9219940900802612
wriimkdjbu.mp4,0.9032930731773376
wrjqdhunyu.mp4,0.5776017904281616
wrkeyvpsiv.mp4,0.8640634417533875
wrkmvhoccc.mp4,0.8357805609703064
wrkmwyezbg.mp4,0.3236975073814392
wrkqqhkvje.mp4,0.735253095626831
wrkromyjsy.mp4,0.9085206389427185
wrlkyeoaid.mp4,0.9770656228065491
wrllqvmdid.mp4,0.9467615485191345
wrlmfnzirc.mp4,0.1993696689605713
wrmuazxvgr.mp4,0.8720189929008484
wrnakxgmim.mp4,0.9585409164428711
wrnfrclvdo.mp4,0.08134408295154572
wrnhyqquxj.mp4,0.9728138446807861
wrnjnqkjcj.mp4,0.9466179609298706
wrocbrsdfn.mp4,0.9083951711654663
wrojvklnkk.mp4,0.906952440738678
wrolznduyn.mp4,0.809633195400238
wrorpbopoi.mp4,0.7929561138153076
wrpcuparss.mp4,0.9028273820877075
wrpzppoguy.mp4,0.8660959601402283
wrqobchgxa.mp4,0.8958161473274231
wrqvfxdyzu.mp4,0.9333406686782837
wrriipmitg.mp4,0.7805894017219543
wrrwsbvwcq.mp4,0.6439082026481628
wrsbabzvgz.mp4,0.23613716661930084
wrtgxnxosr.mp4,0.8569833040237427
wrthbfvfbk.mp4,0.4681352376937866
wrtifcouxn.mp4,0.8791626691818237
wrtyglejwz.mp4,0.9442607164382935
wruhcnrjue.mp4,0.15789063274860382
wrvbcscloj.mp4,0.5563474893569946
wrvhqcejsg.mp4,0.2982219159603119
wrvwgnchqv.mp4,0.20028258860111237
wrvzdcemwj.mp4,0.9273324608802795
wrwukrncnw.mp4,0.10157833248376846
wrxhqawyaj.mp4,0.9830382466316223
wrxqxkkxyi.mp4,0.6460726857185364
wrxusrghky.mp4,0.9300759434700012
wrykrkydga.mp4,0.8333610892295837
wrythobgze.mp4,0.962665319442749
wsacvnltbj.mp4,0.9039256572723389
wsanbrfwmg.mp4,0.9748124480247498
wsbalvzdju.mp4,0.032295458018779755
wsbpdqresx.mp4,0.5384685397148132
wsbtkqapev.mp4,0.6293119788169861
wsbvyvmdmv.mp4,0.8085646629333496
wscclwhfsr.mp4,0.13896599411964417
wscfgbfhjz.mp4,0.17805834114551544
wscmnkzpaz.mp4,0.9117879867553711
wsdaezrogo.mp4,0.2844952344894409
wsddebiizr.mp4,0.9559301733970642
wsddribrjr.mp4,0.7021118402481079
wsdkrqmetv.mp4,0.8984520435333252
wsebjdlmpu.mp4,0.5879189372062683
wsfmbnekdk.mp4,0.6244018077850342
wsfyunglos.mp4,0.9475365281105042
wsgojpccig.mp4,0.8744737505912781
wsguuejitn.mp4,0.18803608417510986
wsgwuvbdas.mp4,0.919041097164154
wsgzlhyxqm.mp4,0.9221861958503723
wshaxklwmm.mp4,0.9491657018661499
wsizcajhei.mp4,0.12415941059589386
wskpccptcp.mp4,0.9652430415153503
wskvdyyjwy.mp4,0.9510486721992493
wsllqyqzgp.mp4,0.9608362317085266
wsmvrhsxpd.mp4,0.9168365597724915
wsmyrehokt.mp4,0.9197266697883606
wsmzreduuh.mp4,0.969275176525116
wsoiimkmvh.mp4,0.9457488059997559
wsoorusvod.mp4,0.9512616991996765
wsphuogufg.mp4,0.03647191449999809
wspmyefsiv.mp4,0.14623919129371643
wsqagfmhoq.mp4,0.08108757436275482
wsqqgzqorx.mp4,0.0821833536028862
wsqtdstyyd.mp4,0.9427316188812256
wsrclsksle.mp4,0.9588962197303772
wsrdmoqfkb.mp4,0.7637510895729065
wsrpozorjv.mp4,0.948310911655426
wsrukvyqjp.mp4,0.7671992778778076
wssiqeuwfl.mp4,0.06386012583971024
wsslnvzhdq.mp4,0.9423884749412537
wstdnoremg.mp4,0.870895266532898
wstjfparsn.mp4,0.38557058572769165
wsufhnbbyq.mp4,0.0528421625494957
wsuhxkwpgq.mp4,0.5527811050415039
wswbrzugsn.mp4,0.5784322619438171
wswylwaylm.mp4,0.9729328751564026
wsxfskskbe.mp4,0.9090176820755005
wsxyuwcrfx.mp4,0.05841551348567009
wsybiqfawv.mp4,0.6637405753135681
wsyptfbnbl.mp4,0.9831169843673706
wsyrpvtfne.mp4,0.8117100596427917
wsyxuihxcp.mp4,0.6598479747772217
wszebkrprd.mp4,0.9071859121322632
wszezcapgi.mp4,0.2154906541109085
wszlwjntoi.mp4,0.9638746380805969
wtaatddekg.mp4,0.9069836735725403
wtariodlhw.mp4,0.6534019112586975
wtarywxums.mp4,0.14644798636436462
wtaxqylhyk.mp4,0.9022426605224609
wtbbjzmqft.mp4,0.7720689177513123
wtbbypnsir.mp4,0.6797487139701843
wtbipkvlbb.mp4,0.8214383721351624
wtbptkjzdm.mp4,0.5537679195404053
wtbqzappqs.mp4,0.5003373622894287
wtbxfjxvpd.mp4,0.918536901473999
wtbxixcqwr.mp4,0.092741459608078
wtecgxnwvw.mp4,0.9732515215873718
wteoyjpszy.mp4,0.9843007326126099
wteuilkjci.mp4,0.9094945788383484
wtfdqqohhr.mp4,0.8438243865966797
wtfgfzqlgb.mp4,0.7654238939285278
wtgdnkeogm.mp4,0.7695302963256836
wtgnhvqocu.mp4,0.9191688895225525
wtgnniucez.mp4,0.8943474292755127
wtgnzwybsi.mp4,0.961455762386322
wtgoueyuyq.mp4,0.9729693531990051
wthgwbqtlf.mp4,0.24549701809883118
wthrnfhwww.mp4,0.09152314811944962
wtiscahftt.mp4,0.6635944843292236
wtiydmauea.mp4,0.9071944952011108
wtjkptrfqi.mp4,0.9306648969650269
wtjpiqfsxi.mp4,0.9027617573738098
wtksmqsqjo.mp4,0.9699123501777649
wtlquahwwu.mp4,0.8964318633079529
wtmggpeiom.mp4,0.6559954881668091
wtnloygygs.mp4,0.0441436804831028
wtnorqpfed.mp4,0.5052134990692139
wtobkqodrn.mp4,0.9531409740447998
wtoqmdcdiu.mp4,0.6735488772392273
wtoymlcfxo.mp4,0.9845771789550781
wtptdggoni.mp4,0.8915364742279053
wtqfhcucsp.mp4,0.8857517242431641
wtrooinibf.mp4,0.28898483514785767
wtstryomgh.mp4,0.5852344036102295
wtsyahfooi.mp4,0.6510171890258789
wttefcxxlk.mp4,0.9837188720703125
wtuhwrpnio.mp4,0.9653379917144775
wtvghvmphb.mp4,0.5408042669296265
wtvponpppa.mp4,0.40724995732307434
wtvritaikp.mp4,0.07244815677404404
wtyggqowze.mp4,0.3717893064022064
wtykrjdsvo.mp4,0.38705503940582275
wtzihgrqei.mp4,0.7794248461723328
wtzjtumkbz.mp4,0.3538270890712738
wuafwwsopo.mp4,0.8080649971961975
wuazsmjusz.mp4,0.5958767533302307
wubfserltl.mp4,0.897445797920227
wublpnmyzy.mp4,0.8337053060531616
wudncdmcli.mp4,0.8900557160377502
wueltsmvon.mp4,0.6707492470741272
wuepoflvkx.mp4,0.7398619055747986
wuesrzmujo.mp4,0.17874367535114288
wufrggusgu.mp4,0.05628157779574394
wughgongbo.mp4,0.46494460105895996
wugkgprala.mp4,0.05724984034895897
wugzepvpix.mp4,0.888454794883728
wuhdzjhwmb.mp4,0.885238528251648
wuhxphfeul.mp4,0.6500176191329956
wujzgtmhve.mp4,0.8945716023445129
wukxigivxf.mp4,0.9437183141708374
wulqkgrpgs.mp4,0.821956217288971
wumjuyiegg.mp4,0.21500904858112335
wunigwmyit.mp4,0.05096873268485069
wunlbtnyow.mp4,0.9172730445861816
wupekdigtq.mp4,0.8856991529464722
wupiyutxjw.mp4,0.8607865571975708
wupmdvkstt.mp4,0.8257394433021545
wupoiiknff.mp4,0.07276584208011627
wupqwhzzuz.mp4,0.8713706731796265
wuprhbkgjh.mp4,0.5460432767868042
wupxckqsiv.mp4,0.9850835204124451
wuqojhhghj.mp4,0.9348117709159851
wuqugthrbo.mp4,0.8913580775260925
wurouzavgm.mp4,0.9493983387947083
wusdugjahp.mp4,0.9793753027915955
wusmmlbiey.mp4,0.9105227589607239
wusopfvmiz.mp4,0.9245129823684692
wuspozzszs.mp4,0.8955579400062561
wuuekucgjv.mp4,0.930545449256897
wuukgazskn.mp4,0.42821693420410156
wuusthsvhm.mp4,0.6431024074554443
wuvfhsljni.mp4,0.8136863708496094
wuvfqqwknv.mp4,0.7849845886230469
wuvjksedfn.mp4,0.918446958065033
wuvpewldnx.mp4,0.041537925601005554
wuwjbgoggt.mp4,0.7954233288764954
wuwpxwvmxd.mp4,0.9532406330108643
wuxhlgdtca.mp4,0.9706915616989136
wuyxgrolqy.mp4,0.9639191031455994
wuyxrdccff.mp4,0.9724557995796204
wuzcwsdvdf.mp4,0.9199677109718323
wuzdxyybdd.mp4,0.9188745617866516
wuziejscwj.mp4,0.10406184196472168
wuzxcgxvqr.mp4,0.9338809847831726
wvarmvipep.mp4,0.9227644205093384
wvatstfqdp.mp4,0.7890558838844299
wvbrjkbcds.mp4,0.9063966870307922
wvbrqpkykd.mp4,0.8691008687019348
wvbvcbghrx.mp4,0.12179578840732574
wvcddgkyqc.mp4,0.8404314517974854
wvduthysvb.mp4,0.9468528032302856
wvdysjxxxh.mp4,0.8651018738746643
wveczdwupd.mp4,0.6889643669128418
wvekjsptyp.mp4,0.7953155040740967
wvexmnjsmw.mp4,0.6815829873085022
wvfdsinawu.mp4,0.922071635723114
wvfirpiqam.mp4,0.13398277759552002
wvfkdzqwxk.mp4,0.8039085865020752
wvhdplgccl.mp4,0.9571534991264343
wvhgkjrbre.mp4,0.46699219942092896
wvhqimwfqm.mp4,0.8880841135978699
wvhsizqfqc.mp4,0.3963528573513031
wvidwatgqo.mp4,0.9399681687355042
wvjbkmpfre.mp4,0.07332349568605423
wvjdbxaxdq.mp4,0.9443953037261963
wvjmrkhhnl.mp4,0.846218466758728
wvkaurrdqg.mp4,0.9505417346954346
wvkixatwdp.mp4,0.13971540331840515
wvkkeeqiax.mp4,0.8016843795776367
wvkkqapkjv.mp4,0.5187668204307556
wvkvcmxrhq.mp4,0.9490059018135071
wvkxybusdb.mp4,0.9866264462471008
wvljksdyzt.mp4,0.8809500336647034
wvlmhsbhhh.mp4,0.9066708087921143
wvlnveemuy.mp4,0.08719243854284286
wvlrwangku.mp4,0.05864546447992325
wvlspxyxlb.mp4,0.8806355595588684
wvlzalvbft.mp4,0.9824880361557007
wvmdvshdif.mp4,0.94961017370224
wvmrsucbsq.mp4,0.9222975969314575
wvmswjdtjo.mp4,0.050609853118658066
wvnaqfxyvw.mp4,0.9451000690460205
wvnjcwevzo.mp4,0.12749013304710388
wvnvcgworu.mp4,0.8502695560455322
wvofdgzfij.mp4,0.3776681125164032
wvogcdupho.mp4,0.5569485425949097
wvolharzyg.mp4,0.9088909029960632
wvpnravyge.mp4,0.569204568862915
wvpwszxxpx.mp4,0.05500805005431175
wvquphksdy.mp4,0.06280916184186935
wvqxswnlza.mp4,0.9104534983634949
wvrjrdaead.mp4,0.8141641616821289
wvrukkxukm.mp4,0.13656561076641083
wvtkikkvdk.mp4,0.9366852641105652
wvtymfvbwq.mp4,0.860132098197937
wvuckdwpfv.mp4,0.902543842792511
wvuevznshn.mp4,0.935071587562561
wvufcbiifb.mp4,0.5106076002120972
wvvruudgho.mp4,0.8509246110916138
wvvzfioonp.mp4,0.793379008769989
wvvzhovtff.mp4,0.7713778614997864
wvwhlywznt.mp4,0.9553930759429932
wvxlbegcgn.mp4,0.37849271297454834
wvzccmymsy.mp4,0.9756006002426147
wvzfvppvmp.mp4,0.9369065761566162
wvzfyhqymz.mp4,0.9070499539375305
wvzwzyttty.mp4,0.8990381956100464
wwanpbqkcu.mp4,0.9320530295372009
wwaworzfbr.mp4,0.9385440945625305
wwbqrjjmwg.mp4,0.1997520923614502
wwbvcyialw.mp4,0.11249715834856033
wwcckunhbu.mp4,0.601784348487854
wwcsevedoc.mp4,0.8912854194641113
wwcvjdlrdf.mp4,0.7685282230377197
wweglcwrov.mp4,0.054387785494327545
wweongzngy.mp4,0.8192988634109497
wweptsajlq.mp4,0.9469269514083862
wwfwludyqk.mp4,0.9011309146881104
wwglepzxyi.mp4,0.6890749335289001
wwgmzeavbd.mp4,0.18730728328227997
wwhywvbglv.mp4,0.9245285987854004
wwibanagfz.mp4,0.8657130002975464
wwibennpjf.mp4,0.910631000995636
wwiixjiuld.mp4,0.08492149412631989
wwinewszce.mp4,0.9142622947692871
wwjqfmivqm.mp4,0.9679972529411316
wwnggpmpqb.mp4,0.4290876090526581
wwnrsxxqjb.mp4,0.5971888303756714
wwosyigcii.mp4,0.9455965757369995
wwoukeyjtf.mp4,0.9316794872283936
wwozzfwflr.mp4,0.851607620716095
wwpmcbctbo.mp4,0.9665926098823547
wwqnrsjgdn.mp4,0.9404835104942322
wwqqutfxxe.mp4,0.8672493100166321
wwrrzvhpqg.mp4,0.9230658411979675
wwvdpqjrih.mp4,0.8000356554985046
wwvhxbpjuj.mp4,0.9772063493728638
wwwgkzucth.mp4,0.8737874627113342
wwwhrimalk.mp4,0.0852930098772049
wwxepftxbv.mp4,0.882754385471344
wwxgzqjcba.mp4,0.775979220867157
wwxrjeillm.mp4,0.9025543332099915
wwzfxsvubn.mp4,0.08970414847135544
wwzjffjmfo.mp4,0.9174578189849854
wwzkmddgcf.mp4,0.918887734413147
wxacbnohsk.mp4,0.9328237771987915
wxajoyaxnm.mp4,0.9066953659057617
wxaowhmopb.mp4,0.9429391622543335
wxavwmybea.mp4,0.07465694099664688
wxaxyyatph.mp4,0.8254090547561646
wxbhdoyjec.mp4,0.2772058844566345
wxbjxyrrpb.mp4,0.6506801247596741
wxbnwdcxwl.mp4,0.9293134212493896
wxccemraeb.mp4,0.9621584415435791
wxceoaedfx.mp4,0.7371436357498169
wxcvmzqpsy.mp4,0.5100634694099426
wxdbxfgtgt.mp4,0.9888747334480286
wxdhxyoory.mp4,0.8923487663269043
wxdhzqpzem.mp4,0.7351601123809814
wxehyzqfqc.mp4,0.7365645170211792
wxenkxwymo.mp4,0.6044077277183533
wxfbrkllqs.mp4,0.9400355219841003
wxfdxuovei.mp4,0.8813051581382751
wxfivpobfa.mp4,0.9654259085655212
wxfsaflnst.mp4,0.9701228737831116
wxhoviaupm.mp4,0.8819273114204407
wxhrtnsxkw.mp4,0.7126643657684326
wxhswsgaud.mp4,0.9535842537879944
wxistscclb.mp4,0.9316638708114624
wxivowlezc.mp4,0.06537090986967087
wxjlppbixm.mp4,0.327167272567749
wxlcnxwkzt.mp4,0.6325648427009583
wxlleekyan.mp4,0.9634175896644592
wxmglytpbf.mp4,0.8527681231498718
wxmhpunzqe.mp4,0.8944786787033081
wxnbsjlriz.mp4,0.9553472399711609
wxndbtenax.mp4,0.9579401016235352
wxnddisaey.mp4,0.5846933126449585
wxnszxspji.mp4,0.4774533212184906
wxnurvshjq.mp4,0.13126111030578613
wxnwlupidk.mp4,0.9201953411102295
wxoivivyhd.mp4,0.9439918994903564
wxoolmmuvg.mp4,0.9833265542984009
wxotxrfdef.mp4,0.9510979652404785
wxowshmgun.mp4,0.9789222478866577
wxqcerzwfw.mp4,0.8740909099578857
wxqmnnmpbh.mp4,0.9139875769615173
wxqsbaujah.mp4,0.9114172458648682
wxqzqirmuz.mp4,0.8022717833518982
wxrdzofyrx.mp4,0.12832747399806976
wxrejedlzu.mp4,0.9398527145385742
wxrfuemtxj.mp4,0.4567493200302124
wxrggtmjqv.mp4,0.9771000146865845
wxrrhqmynp.mp4,0.891127347946167
wxsbkjsglo.mp4,0.9482685923576355
wxsdjusfjg.mp4,0.9013325572013855
wxsvabjvnn.mp4,0.7741979360580444
wxttwnnjqe.mp4,0.7435144782066345
wxvdvouvld.mp4,0.2081284075975418
wxwdzuibwp.mp4,0.9087915420532227
wxweicvtou.mp4,0.9683647155761719
wxwfbbmzxb.mp4,0.7075424790382385
wxwqwnbjqv.mp4,0.9074819087982178
wxxhkicxgb.mp4,0.6634339094161987
wxxoldznwe.mp4,0.6302866339683533
wxxpnijdvo.mp4,0.911699652671814
wxxrufgzzf.mp4,0.9752227663993835
wxyjtncrax.mp4,0.239533931016922
wxynvujoge.mp4,0.6382023096084595
wxzeidnrpx.mp4,0.8648196458816528
wxzmsudejm.mp4,0.33310696482658386
wyapapeifa.mp4,0.9337997436523438
wyarhmssco.mp4,0.8790857195854187
wyaxczmuxr.mp4,0.97031170129776
wyaxtkuvmf.mp4,0.06543022394180298
wybdnikfyx.mp4,0.2776215970516205
wybkxfewcc.mp4,0.9492566585540771
wyboojblcx.mp4,0.9404630661010742
wyccmpbtzi.mp4,0.9717974662780762
wycddsspdu.mp4,0.9589614272117615
wychizeojz.mp4,0.057446517050266266
wycimrxgss.mp4,0.4932946562767029
wydsxlcdqx.mp4,0.4862920045852661
wyenzhsikh.mp4,0.8247136473655701
wyeobdlqoe.mp4,0.9756303429603577
wyeobynmkl.mp4,0.051406409591436386
wyepphmogz.mp4,0.8105449080467224
wyeqtqhfhg.mp4,0.1277843713760376
wyezqofzcq.mp4,0.508811891078949
wyfbrbliyj.mp4,0.040116485208272934
wyflzszarj.mp4,0.8551205396652222
wygcyvwezm.mp4,0.9110487699508667
wygtzqjpdc.mp4,0.8569213151931763
wyhcxlywxf.mp4,0.13403116166591644
wyhikairnl.mp4,0.9310139417648315
wyhtcmefqt.mp4,0.08336294442415237
wyiajvmitt.mp4,0.05774284154176712
wyijplzouh.mp4,0.9439864754676819
wyisggziyv.mp4,0.9040643572807312
wyjjefwjzr.mp4,0.9012224078178406
wykijtbhaj.mp4,0.06932663172483444
wyksxkzxan.mp4,0.8450347185134888
wykvjlhrrf.mp4,0.9294801354408264
wylcqttiam.mp4,0.9249559640884399
wylhbbcgtd.mp4,0.8690404295921326
wyltffozkq.mp4,0.6375178098678589
wymgrmkwuy.mp4,0.18859811127185822
wymlvlyomw.mp4,0.8782638311386108
wymmbwifmh.mp4,0.8258376717567444
wymqtvswfl.mp4,0.44649046659469604
wymxeiqssm.mp4,0.8445460796356201
wymzsngpfg.mp4,0.8881002068519592
wyncesxcil.mp4,0.8794525265693665
wyndqysgnt.mp4,0.9314177632331848
wynhbckewc.mp4,0.941719651222229
wynitszgex.mp4,0.9375808238983154
wynyofminq.mp4,0.7814667820930481
wyofsbgrvd.mp4,0.597038745880127
wyovsagvmi.mp4,0.9774254560470581
wypdykzzma.mp4,0.9039375185966492
wypkjyjhmk.mp4,0.8879044651985168
wyqhadmmcy.mp4,0.9055660963058472
wyqnjdttaz.mp4,0.48264268040657043
wyqseodqaj.mp4,0.10847607254981995
wyqshcnytp.mp4,0.3336937129497528
wyqspxhjrc.mp4,0.04984607174992561
wyrknmgres.mp4,0.930668294429779
wytaipjjua.mp4,0.7885101437568665
wythfkwvco.mp4,0.7710614204406738
wytpaehszj.mp4,0.8259329795837402
wytvwwvest.mp4,0.9585958123207092
wyubcvqewq.mp4,0.18087048828601837
wyucbpaatu.mp4,0.9379492402076721
wyudvbhffu.mp4,0.9351842999458313
wyuorpudue.mp4,0.9347236156463623
wyuwklxctg.mp4,0.8225540518760681
wyuxqpmiff.mp4,0.9075332880020142
wyvkshssbq.mp4,0.9232953786849976
wyvpgchwjh.mp4,0.8507204651832581
wyvvgikzpv.mp4,0.6581411361694336
wyvwjfvdvg.mp4,0.9202607870101929
wyvxptgiky.mp4,0.9206398129463196
wywgwazovz.mp4,0.9054767489433289
wyxgpiibua.mp4,0.1342381238937378
wyxjhtssjb.mp4,0.1680869311094284
wyxxltcvlb.mp4,0.881720244884491
wyyjwgwjnb.mp4,0.8765671849250793
wyywuthzsk.mp4,0.10770188271999359
wyzhmkgxgb.mp4,0.12115245312452316
wyzqsjyxqu.mp4,0.6447551250457764
wzapcbcyky.mp4,0.6269588470458984
wzaqjwxlkl.mp4,0.19347885251045227
wzassqqhbd.mp4,0.8746913075447083
wzawzwmngy.mp4,0.8763312101364136
wzbbvbqhqq.mp4,0.670443058013916
wzbgpicmao.mp4,0.9423084259033203
wzbhlvojxv.mp4,0.9592537879943848
wzbhnryjxb.mp4,0.19461531937122345
wzblnuhdql.mp4,0.9123326539993286
wzctjlievz.mp4,0.780252993106842
wzcwudcind.mp4,0.7158768177032471
wzdpdxajtq.mp4,0.1940741389989853
wzdxvddvrw.mp4,0.4502043128013611
wzeslnsvuj.mp4,0.9587165713310242
wzetgjsqvn.mp4,0.05572959780693054
wzfikllecs.mp4,0.08640199154615402
wzfkboqnot.mp4,0.910474956035614
wzgjpnrxty.mp4,0.9270975589752197
wzgtvjhpky.mp4,0.9241229295730591
wzhmelnczt.mp4,0.5300418138504028
wzhrjsmtwr.mp4,0.9704189896583557
wzihfsuhni.mp4,0.20672358572483063
wzjreqcakk.mp4,0.3424408435821533
wzjvtaqskv.mp4,0.7761141061782837
wzklyczodl.mp4,0.08302042633295059
wzkovvmdkq.mp4,0.4743390679359436
wzmgvgfemg.mp4,0.7885184288024902
wzmhcfajcj.mp4,0.9477143287658691
wzmmetktpl.mp4,0.8833504915237427
wznmwfwhvq.mp4,0.4977356791496277
wznogjrvvr.mp4,0.20549099147319794
wznrdhbfdk.mp4,0.1059935912489891
wzogajzmev.mp4,0.1524166613817215
wzohsxyfei.mp4,0.8973349332809448
wzokfwjjit.mp4,0.4716091454029083
wzozahtpjc.mp4,0.5987607836723328
wzpcumzosr.mp4,0.6306912302970886
wzpjwbdgjv.mp4,0.7517233490943909
wzqosvxzwr.mp4,0.9186112284660339
wzrtluuunu.mp4,0.8964673280715942
wzrybcopcd.mp4,0.11756790429353714
wzrzjdwssl.mp4,0.07643579691648483
wzsgtfzriy.mp4,0.9641750454902649
wzstwebsxd.mp4,0.05073545128107071
wzswiqbwoo.mp4,0.9465389251708984
wztjdgqklu.mp4,0.4865133762359619
wztrudcmqm.mp4,0.9374524354934692
wzuyckjsts.mp4,0.8492842316627502
wzwahocred.mp4,0.959379255771637
wzwlqcjuoc.mp4,0.9409537315368652
wzwodsfiyo.mp4,0.8052664995193481
wzwwkzjujv.mp4,0.7909314632415771
wzxzqvxtvp.mp4,0.7314965724945068
wzzqfqgzwp.mp4,0.9712399840354919
wzzxaxaqbb.mp4,0.9362812042236328
wzzzcabynx.mp4,0.3874341547489166
xaajbefufw.mp4,0.9744694828987122
xabmgqurmw.mp4,0.9313099980354309
xabvtpjlgn.mp4,0.9582191109657288
xacpmkqfec.mp4,0.08908543735742569
xadbkzpnfq.mp4,0.9552184343338013
xadwuicyaf.mp4,0.5246276259422302
xaeaxgsdye.mp4,0.030461102724075317
xaehhjcihv.mp4,0.9624724984169006
xafwvanapa.mp4,0.9775462746620178
xafytkibti.mp4,0.9081882238388062
xagtrahpoe.mp4,0.28945544362068176
xahroukdra.mp4,0.8609017133712769
xajqriyqxl.mp4,0.8886203765869141
xakvgtrydq.mp4,0.9647420048713684
xalmvegccm.mp4,0.1378944367170334
xamqepuitd.mp4,0.9624621868133545
xanyqzjdsw.mp4,0.8949859142303467
xaouodwsjt.mp4,0.54585862159729
xapaukwymw.mp4,0.7450069785118103
xaprxjoaom.mp4,0.7883491516113281
xaqjebxshq.mp4,0.9639434814453125
xaqjxnfmwk.mp4,0.8841095566749573
xarblfkrlw.mp4,0.879731297492981
xasfkipwvl.mp4,0.4456939101219177
xasiruuazi.mp4,0.04928639158606529
xatcoyelxr.mp4,0.9064669609069824
xatgjaschu.mp4,0.9413090944290161
xatibakipz.mp4,0.04553314298391342
xaugdeigiy.mp4,0.9691764712333679
xauxajvqjq.mp4,0.9627636671066284
xavhhcmjml.mp4,0.9626925587654114
xavvwgwpgq.mp4,0.5270208120346069
xawnomckho.mp4,0.8884742856025696
xaxfqvsoll.mp4,0.9070343971252441
xaxhcaevif.mp4,0.8592450618743896
xaxvurgsuj.mp4,0.4315052330493927
xaydfymrkf.mp4,0.9284874200820923
xazdhdnwhh.mp4,0.9039941430091858
xazeuzzarq.mp4,0.9259626865386963
xazpthdbaq.mp4,0.9503113031387329
xbagebegub.mp4,0.6883696913719177
xbbdlfmccu.mp4,0.8859403729438782
xbbmlygnof.mp4,0.09919951111078262
xbcvipelyp.mp4,0.9647054076194763
xbdnqfbxcv.mp4,0.08560264855623245
xbeagkwpft.mp4,0.7710062861442566
xbehymppwn.mp4,0.5229848623275757
xbentgemej.mp4,0.1324787735939026
xbetnelpui.mp4,0.6293933391571045
xbfpoccnhz.mp4,0.8575895428657532
xbftijjbpz.mp4,0.889894425868988
xbfvykfcmx.mp4,0.9119492769241333
xbgkwwtfwx.mp4,0.7649984955787659
xbhpnwimyh.mp4,0.7219390273094177
xbhqzkqztt.mp4,0.9473493099212646
xbhvvknxcl.mp4,0.1184459924697876
xbiaduwszb.mp4,0.9267194271087646
xbicqkmbtp.mp4,0.8831075429916382
xbiyhyjsji.mp4,0.05477474629878998
xbkfgcdccp.mp4,0.9535791277885437
xbkgjfnlss.mp4,0.11200113594532013
xbkrdfuffq.mp4,0.974280834197998
xbkvmkozpc.mp4,0.8555474281311035
xbldjghchx.mp4,0.757938802242279
xblhipfkpf.mp4,0.8644166588783264
xbmxoquauv.mp4,0.8998742699623108
xbnitlqjop.mp4,0.33644694089889526
xbprgmgrvm.mp4,0.8702752590179443
xbqjfhlrhm.mp4,0.9102351069450378
xbqkmrabwh.mp4,0.9084254503250122
xbqmeyvujc.mp4,0.1181250587105751
xbqteepfny.mp4,0.960709810256958
xbrbfxcggm.mp4,0.8467857241630554
xbrqzdiuxp.mp4,0.06678414344787598
xbrsmnqrux.mp4,0.8629863858222961
xbswruvggb.mp4,0.6270635724067688
xbtclnggmt.mp4,0.43341296911239624
xbtjskjjdy.mp4,0.9192918539047241
xbttmgjsop.mp4,0.813687264919281
xbttoybwsf.mp4,0.6872555017471313
xbtultprza.mp4,0.9472654461860657
xbtxdcrsce.mp4,0.8845282793045044
xbuloxmtda.mp4,0.9418512582778931
xbunipxnoy.mp4,0.2835880219936371
xburrtmrts.mp4,0.13124658167362213
xbvlbpgdtb.mp4,0.5307709574699402
xbvtfpaflj.mp4,0.7807323336601257
xbwdfapbek.mp4,0.7593677043914795
xbwrpfwbry.mp4,0.16599829494953156
xbxhsjhjxv.mp4,0.8294265270233154
xbxqmpiihn.mp4,0.7043758630752563
xbxyljtjkv.mp4,0.9337508678436279
xbyacqjsqv.mp4,0.932248055934906
xbymqvlhti.mp4,0.9160750508308411
xbypqcerzq.mp4,0.9224817752838135
xbyrobwpqh.mp4,0.875868022441864
xbyzxslant.mp4,0.885031521320343
xbzswkjvyx.mp4,0.8331401348114014
xbztzundti.mp4,0.8034407496452332
xcadpmhzvk.mp4,0.8766388297080994
xcafnzsopy.mp4,0.9776756763458252
xccejqijqg.mp4,0.9403223395347595
xcdcxybjic.mp4,0.8882344365119934
xcdkppxfby.mp4,0.487962931394577
xcdxpbkgah.mp4,0.08698860555887222
xceobxispq.mp4,0.848412811756134
xcfaqasoiz.mp4,0.916638195514679
xcfgqlhrir.mp4,0.9390652775764465
xchktpdfys.mp4,0.1834709644317627
xcihypsuad.mp4,0.9279454946517944
xcikofjdka.mp4,0.8610594272613525
xcikxizrej.mp4,0.7220807075500488
xcjmianatk.mp4,0.873115599155426
xcklfrhwyh.mp4,0.4884759485721588
xclkyavepa.mp4,0.9576655030250549
xclqflwygx.mp4,0.19344483315944672
xcmkbpzfzw.mp4,0.7232416868209839
xcngenqgvs.mp4,0.974348783493042
xcnrztcgpq.mp4,0.8259556889533997
xcnxdhjznx.mp4,0.8455203175544739
xcnzqrekdo.mp4,0.8961614966392517
xcphjhsbja.mp4,0.9568962454795837
xcpngwulrb.mp4,0.8831672072410583
xcpxmrrrtx.mp4,0.874151349067688
xcqoktxrmf.mp4,0.796332597732544
xcquyhcvjx.mp4,0.8377124667167664
xcrbnrkuwc.mp4,0.9080286026000977
xcrpoppwhm.mp4,0.8933823108673096
xcrxxutuxo.mp4,0.7953437566757202
xcsakwixuq.mp4,0.8748231530189514
xcscqlhifh.mp4,0.6206135153770447
xctpdujlok.mp4,0.8888620138168335
xcttnmvgwn.mp4,0.935921847820282
xcuaojonlf.mp4,0.7523890137672424
xcucvaoznq.mp4,0.8956584930419922
xcunmkyxrv.mp4,0.7638989090919495
xcvmyhgfxw.mp4,0.5696287155151367
xcvuccuvuz.mp4,0.9360905885696411
xcxaaagdzr.mp4,0.6926802396774292
xcxluqcnyf.mp4,0.9580004811286926
xcxyhwwelx.mp4,0.7751328945159912
xcyknzowor.mp4,0.8569286465644836
xcynwjlevf.mp4,0.8710622787475586
xcyumxqgvf.mp4,0.935806393623352
xczoxdxaoe.mp4,0.911327600479126
xdatcpktxs.mp4,0.6597485542297363
xdatolfrod.mp4,0.6833294034004211
xdbtmuxuii.mp4,0.09553157538175583
xdchsmxebo.mp4,0.9894898533821106
xddeobvthp.mp4,0.9707179665565491
xddnphkgor.mp4,0.6789907217025757
xdfsnztavk.mp4,0.936332643032074
xdgrmiiieq.mp4,0.8931019306182861
xdgxbajocr.mp4,0.8736919164657593
xdiydkorqv.mp4,0.4710688889026642
xdjkzuefju.mp4,0.8737872242927551
xdjoajcvgw.mp4,0.8244115114212036
xdjvaijptu.mp4,0.8607065081596375
xdldryztjq.mp4,0.9294902086257935
xdlmfvngvp.mp4,0.7532969117164612
xdlqbsyypt.mp4,0.5203153491020203
xdlrerpndc.mp4,0.6550641655921936
xdmppwexrj.mp4,0.9454249739646912
xdmyqjlted.mp4,0.3637564182281494
xdnlhrkcqb.mp4,0.8994140028953552
xdnmquqeae.mp4,0.9482053518295288
xdnzzzlkrv.mp4,0.9047896265983582
xdodtqirhx.mp4,0.07934679836034775
xdpwlsbqjd.mp4,0.9557080864906311
xdpxdjlxff.mp4,0.5158168077468872
xdqgjcmsxe.mp4,0.9814503788948059
xdqrswutyx.mp4,0.25870510935783386
xdrbdgskha.mp4,0.893963098526001
xdrlnzupcu.mp4,0.9114452004432678
xdrrpikucq.mp4,0.9340659379959106
xdrztmfqqg.mp4,0.3433161675930023
xdsantjnmg.mp4,0.9289290308952332
xdsdelhobq.mp4,0.10802779346704483
xdsqumvcuu.mp4,0.7910403609275818
xdszhnbujn.mp4,0.9413275718688965
xdtdazjmtu.mp4,0.8132614493370056
xdtyihrmet.mp4,0.9131762981414795
xdurgwgifz.mp4,0.6786568760871887
xdvaksalzr.mp4,0.9474062323570251
xdvdsjsllo.mp4,0.8242295384407043
xdvgifjtdp.mp4,0.9896597862243652
xdvqcwtppr.mp4,0.9144752621650696
xdwtjacggh.mp4,0.8646966218948364
xdxhajjcno.mp4,0.8713890910148621
xdxkbcyfgi.mp4,0.823904812335968
xdxoqjntjp.mp4,0.05691015347838402
xdxpdhcqdf.mp4,0.12328483909368515
xdyazwnapn.mp4,0.950043261051178
xdymokazer.mp4,0.030100999400019646
xdyuhnnzte.mp4,0.44745948910713196
xdyuvgvhvv.mp4,0.8848655819892883
xeaqpgxxva.mp4,0.5342831611633301
xeaunyoiyb.mp4,0.9681005477905273
xeawrxpvco.mp4,0.7112279534339905
xecavumlcb.mp4,0.9315698742866516
xecpeqdrfu.mp4,0.9087242484092712
xeeveuktlc.mp4,0.7828150391578674
xefjpozsjr.mp4,0.9005312919616699
xefmlzrhsj.mp4,0.955778956413269
xefrllrkmo.mp4,0.8132110834121704
xefuyapovj.mp4,0.9118350148200989
xegiykwnbr.mp4,0.9125872254371643
xeicvsvxnl.mp4,0.7872993350028992
xeigatcnfa.mp4,0.29195594787597656
xeiliievla.mp4,0.9217632412910461
xeizsdveat.mp4,0.9578312039375305
xejfttxqkz.mp4,0.9626497030258179
xejqfnhojp.mp4,0.9142309427261353
xekqqlpvyi.mp4,0.9201974272727966
xelqhqstlq.mp4,0.895318865776062
xeluxionnd.mp4,0.1299719661474228
xemebqzfsf.mp4,0.9593618512153625
xenimbkkgk.mp4,0.9608185291290283
xeoeweglgk.mp4,0.9721493124961853
xeojjlwthn.mp4,0.7446478009223938
xeojkompvk.mp4,0.8958373069763184
xeojzlrney.mp4,0.45958375930786133
xeomhisdsp.mp4,0.9177542924880981
xeprfjhqna.mp4,0.4807220995426178
xeqjwwyolt.mp4,0.9172474145889282
xerazsvzuy.mp4,0.4366859495639801
xergqhjcaj.mp4,0.07239457964897156
xesaatyxhq.mp4,0.9404441118240356
xeszevnech.mp4,0.9726505875587463
xeszqdbvwi.mp4,0.041439663618803024
xetjsqbkxa.mp4,0.9411276578903198
xetmvtombb.mp4,0.7968226671218872
xetxwmauwl.mp4,0.9626508951187134
xeublweqrm.mp4,0.8903340101242065
xeuhrskjdz.mp4,0.050580184906721115
xeuzubpylq.mp4,0.2938767373561859
xevaysjyse.mp4,0.929162859916687
xewnqsxbju.mp4,0.35018202662467957
xewuuxsodg.mp4,0.9595848917961121
xexhoyqxvg.mp4,0.9533042907714844
xeylgaufog.mp4,0.9696692824363708
xeyzelhshg.mp4,0.3257572054862976
xeyzkwymwu.mp4,0.11921600252389908
xfblwfgdfp.mp4,0.9399987459182739
xfbtpfflvd.mp4,0.8780853152275085
xfchpjbfby.mp4,0.8865782022476196
xfemcankau.mp4,0.7880767583847046
xfemsgumbe.mp4,0.060296680778265
xffekigayj.mp4,0.7815698981285095
xffjesgeey.mp4,0.7806467413902283
xffnioucxh.mp4,0.9667313098907471
xfgmnpvmcb.mp4,0.9539718627929688
xfibazxdlm.mp4,0.9277901649475098
xfihhsgkqx.mp4,0.16364960372447968
xfkyyrrlpx.mp4,0.8675153851509094
xflgnpinue.mp4,0.04296807944774628
xflptzlkqc.mp4,0.6767182946205139
xflthpbkeq.mp4,0.9049118161201477
xflwncxyis.mp4,0.8942830562591553
xfmbwdszed.mp4,0.9318670034408569
xfmifnussv.mp4,0.9451438188552856
xfmkgmehlh.mp4,0.9070905447006226
xfmssdwize.mp4,0.05319014936685562
xfncslssic.mp4,0.8695502877235413
xfnniyiiwd.mp4,0.7588191032409668
xfnxwbfpod.mp4,0.8458476662635803
xfornwuyxa.mp4,0.9161000847816467
xfpdtqitsc.mp4,0.7415770888328552
xfpqztjygo.mp4,0.8830435872077942
xfrqthtmmv.mp4,0.9464389085769653
xfrteolbdy.mp4,0.7744145393371582
xfsigfozqe.mp4,0.9845609068870544
xfsnptwqof.mp4,0.9117070436477661
xfssjmahyp.mp4,0.9300993084907532
xfuggktaqu.mp4,0.9471974968910217
xfuvtugwrp.mp4,0.9406350255012512
xfuxnmctzx.mp4,0.828470766544342
xfvecntdgh.mp4,0.7192445397377014
xfvvkbvkvg.mp4,0.5751100778579712
xfxsfmwrtw.mp4,0.26113107800483704
xfyoksjdbf.mp4,0.04048594459891319
xfzctfcitq.mp4,0.27264806628227234
xgajieufoz.mp4,0.8805294036865234
xgaoirxplo.mp4,0.8642863035202026
xgaotwngok.mp4,0.9589633941650391
xgbwxcddmy.mp4,0.8687692284584045
xgcabxqkwt.mp4,0.9024860262870789
xggcinunip.mp4,0.39059320092201233
xggqgfgtix.mp4,0.7422856688499451
xggxilbftx.mp4,0.8737684488296509
xghbdwbolr.mp4,0.9684091806411743
xghpoxtbwu.mp4,0.9732242822647095
xghtwvcmtg.mp4,0.6096956729888916
xgiaoncoeh.mp4,0.9489258527755737
xgibozgdmm.mp4,0.9581905007362366
xgjglpmggs.mp4,0.8772904872894287
xgjkxemsmk.mp4,0.9478115439414978
xgjohteemg.mp4,0.4696415960788727
xgkkhbebap.mp4,0.602748453617096
xgktqwvknw.mp4,0.09044991433620453
xgmiupkrvx.mp4,0.8947040438652039
xgmlqoscet.mp4,0.8488644361495972
xgmzxkwmtd.mp4,0.8156372308731079
xgouxdewum.mp4,0.5038613677024841
xgowhhcpjh.mp4,0.06113024801015854
xgpctqnhyv.mp4,0.9239877462387085
xgpqvqoxgd.mp4,0.8881031274795532
xgprdemfir.mp4,0.8617243766784668
xgqerzezcm.mp4,0.17043228447437286
xgqfinxjgw.mp4,0.9090610146522522
xgqqsfmosk.mp4,0.8992109894752502
xgrixqwsjy.mp4,0.4889393448829651
xgryydkazq.mp4,0.8544598817825317
xgtpequfam.mp4,0.8504487872123718
xgtqkqitmt.mp4,0.9275742173194885
xgunntlaqm.mp4,0.8532841205596924
xgurqibwmy.mp4,0.963128387928009
xgwelqejmi.mp4,0.101872019469738
xgxjqxxjsf.mp4,0.769981324672699
xgygzngqvi.mp4,0.87417072057724
xgzaoasouj.mp4,0.1496863067150116
xhahqjrexr.mp4,0.9134445190429688
xhbioadozv.mp4,0.8846875429153442
xhblgefrgw.mp4,0.8244511485099792
xhclspisbv.mp4,0.6569899320602417
xhcoywjdba.mp4,0.9350252747535706
xhcwnnvweo.mp4,0.6007705330848694
xhdjyqpdgk.mp4,0.8827886581420898
xhfqsughap.mp4,0.8855057954788208
xhggldftgt.mp4,0.8974397778511047
xhgsjkwadd.mp4,0.08479160815477371
xhhptoanjf.mp4,0.9599781632423401
xhhqryotsu.mp4,0.6165305376052856
xhizcimlzp.mp4,0.9327675700187683
xhjihkhtsr.mp4,0.9706637263298035
xhkmamdxke.mp4,0.6026994585990906
xhknawsegg.mp4,0.83768230676651
xhmcnywgaz.mp4,0.94521564245224
xhmdydztcc.mp4,0.9254342317581177
xhmgxwutmf.mp4,0.9271971583366394
xhmiapbwsj.mp4,0.8761553764343262
xhmiwsuwln.mp4,0.08711973577737808
xhmukdonsg.mp4,0.8926205039024353
xhmwzezquo.mp4,0.9397996664047241
xhonoegyad.mp4,0.31841060519218445
xhopnbhoiq.mp4,0.06907736510038376
xhotkjyjqd.mp4,0.26598843932151794
xhpdblckfs.mp4,0.883145272731781
xhpgqwlyff.mp4,0.1380537897348404
xhpmpyzlfp.mp4,0.9536131620407104
xhqnqpepiy.mp4,0.920986533164978
xhrlyqifqe.mp4,0.9516530632972717
xhrpdybqxq.mp4,0.8974775671958923
xhscyrzbhh.mp4,0.9524457454681396
xhsnyxymjs.mp4,0.9083642959594727
xhswhlxuue.mp4,0.8073951601982117
xhtchlrkfg.mp4,0.9302549958229065
xhtgwtnbvt.mp4,0.4835146963596344
xhtmrlavkq.mp4,0.3857060670852661
xhtnxeqjhp.mp4,0.9135962128639221
xhuoilsome.mp4,0.8409030437469482
xhuuyaeaxu.mp4,0.9014424085617065
xhuwarazzq.mp4,0.9092912077903748
xhwesgeatq.mp4,0.9731627106666565
xhwjtmumsr.mp4,0.9587670564651489
xhwqubpwru.mp4,0.642477810382843
xhwzideahc.mp4,0.8809503316879272
xhxtlczxxh.mp4,0.594011664390564
xhxybwvujo.mp4,0.917149007320404
xhyjcncbcl.mp4,0.9028218388557434
xhyuntdhcr.mp4,0.9802815318107605
xhyxbgagkv.mp4,0.827690601348877
xhzekazqrg.mp4,0.8146312236785889
xialcjbiop.mp4,0.9295541644096375
xiayholmqs.mp4,0.8892972469329834
xibtcvhmsf.mp4,0.9605116844177246
xicbbzpvzw.mp4,0.6408951878547668
xidzhympqu.mp4,0.46442273259162903
xiecdelptx.mp4,0.062377531081438065
xierbqybwt.mp4,0.18874491751194
xiesaacmcb.mp4,0.8342698812484741
xifbbnqcmq.mp4,0.9062482714653015
xifkdtawnh.mp4,0.937431275844574
xifuovpydw.mp4,0.5040537118911743
xifydpcakx.mp4,0.3040332496166229
xigedrtcuf.mp4,0.5538084506988525
xihbicgsqe.mp4,0.9117671847343445
xihcuecetu.mp4,0.7925978899002075
xiheppoelj.mp4,0.8914161920547485
xihuurrqxl.mp4,0.8164719343185425
xihyxxpvpw.mp4,0.9157477021217346
xiiioplxik.mp4,0.6224787831306458
xiircvqmne.mp4,0.133887380361557
xijdwagfke.mp4,0.8809637427330017
xijvitkqlt.mp4,0.6448079347610474
xiknwpuwed.mp4,0.8641549348831177
xilquenqtd.mp4,0.9232456684112549
xilsqhsrcr.mp4,0.9641076326370239
xiocdasaeg.mp4,0.5722463130950928
xioolrhtlf.mp4,0.9641672968864441
xiozdebbcd.mp4,0.5608695149421692
xipffqcudf.mp4,0.9391876459121704
xipflwsfdx.mp4,0.9899999499320984
xiprlcbxxd.mp4,0.09921262413263321
xiqecarvpb.mp4,0.08786732703447342
xiqjwvqeit.mp4,0.9120766520500183
xiqrzmtuet.mp4,0.8732565641403198
xiraodtgnt.mp4,0.9384800791740417
xirkoqnzjk.mp4,0.6793497204780579
xirrbpmlja.mp4,0.1260116547346115
xisljdekrc.mp4,0.760632336139679
xispwaswzq.mp4,0.255376935005188
xitiqqbxvw.mp4,0.6184852123260498
xituyrljzd.mp4,0.08418037742376328
xiufgdrwge.mp4,0.8940418362617493
xiupkiowwb.mp4,0.11873935163021088
xiuycgppds.mp4,0.8558875918388367
xivhwzxipt.mp4,0.8116449117660522
xivkqjpgdz.mp4,0.4906851351261139
xivkudauuu.mp4,0.9830935001373291
xivvoqjawo.mp4,0.6719151139259338
xiwintetuy.mp4,0.9052155017852783
xiwpvcxuhr.mp4,0.8750386238098145
xiwsirfgob.mp4,0.8964927196502686
xiwtezqoyb.mp4,0.9603091478347778
xiwycfcnhi.mp4,0.9015466570854187
xiybrafzqm.mp4,0.08026491850614548
xiyqyqevde.mp4,0.28537026047706604
xiyukypioq.mp4,0.9900000095367432
xizkunzksi.mp4,0.9540824890136719
xizwimsgux.mp4,0.9443162679672241
xjaramnzru.mp4,0.08959349244832993
xjbgqsdmvu.mp4,0.887183427810669
xjdpwdzbmz.mp4,0.6675638556480408
xjefxshzbg.mp4,0.061026547104120255
xjepolduuh.mp4,0.06938004493713379
xjfabwzxpi.mp4,0.7804305553436279
xjfourpghd.mp4,0.0642012283205986
xjfuijedai.mp4,0.8740679621696472
xjfxakvynp.mp4,0.19885823130607605
xjgvtqcldv.mp4,0.9877144694328308
xjhepcifmz.mp4,0.5553156733512878
xjhewcnmsr.mp4,0.9484432339668274
xjhkylpywh.mp4,0.14573423564434052
xjhlsnmhuy.mp4,0.8720473051071167
xjhsxnjjad.mp4,0.9668886661529541
xjhvkkdnfd.mp4,0.8516644239425659
xjinzawywt.mp4,0.10168549418449402
xjjavnfjje.mp4,0.42739415168762207
xjjezowxnw.mp4,0.9588883519172668
xjjppmcvgn.mp4,0.05306047946214676
xjknccfmwp.mp4,0.686188280582428
xjkwfwnrwy.mp4,0.839769184589386
xjmjnvcwze.mp4,0.9781012535095215
xjndyrsvfr.mp4,0.12493650615215302
xjnflcfxhn.mp4,0.9875547885894775
xjnisbsatw.mp4,0.9139083027839661
xjnptropld.mp4,0.8083182573318481
xjnygeuqux.mp4,0.9591155052185059
xjnzdvfhpp.mp4,0.9641078114509583
xjolijoawd.mp4,0.9360707402229309
xjpuqaqamf.mp4,0.9087203145027161
xjpwvgwrmo.mp4,0.639982283115387
xjqehvqxza.mp4,0.8219225406646729
xjqihtqqec.mp4,0.9011290073394775
xjrcwrcssj.mp4,0.14600899815559387
xjrpjxxfam.mp4,0.8252438902854919
xjrrkbsqyk.mp4,0.0704260841012001
xjsbsgisgv.mp4,0.8678029775619507
xjsscmzsrk.mp4,0.9240245819091797
xjtckaejyi.mp4,0.8750676512718201
xjttpezwcg.mp4,0.9244605302810669
xjugytcndb.mp4,0.13942627608776093
xjuprdnynp.mp4,0.9249153733253479
xjuvfolpbg.mp4,0.9337288737297058
xjvxnklaus.mp4,0.80177903175354
xjwyksuopn.mp4,0.43206262588500977
xjxhlsfhnd.mp4,0.9138520956039429
xjxkzgkdnz.mp4,0.9797866940498352
xjxrqnyvsg.mp4,0.8842746019363403
xjzfsgeizn.mp4,0.9744121432304382
xkblcaopmw.mp4,0.236555278301239
xkbnezabmd.mp4,0.9361119270324707
xkckjxpknj.mp4,0.9408745169639587
xkdfchnwha.mp4,0.6038023233413696
xkdpunpbqy.mp4,0.5078019499778748
xkdpwxzlxw.mp4,0.9523125290870667
xkeiiwdbrh.mp4,0.10400895774364471
xkfjmbqpbp.mp4,0.9289566874504089
xkgfsbglko.mp4,0.13741876184940338
xkgrahebgp.mp4,0.9220134615898132
xkgxfucltb.mp4,0.8430097103118896
xkhcmoiymh.mp4,0.34953930974006653
xkhqswzqde.mp4,0.8846926093101501
xkiacmotuy.mp4,0.9250586032867432
xkifczipma.mp4,0.8617082238197327
xkisxybwna.mp4,0.8588992953300476
xkjkliotjs.mp4,0.915893018245697
xkjxqiwrow.mp4,0.635440468788147
xkksfulade.mp4,0.9004521369934082
xkkwrvphtp.mp4,0.9420926570892334
xkldhegteg.mp4,0.9063166975975037
xklmdgemio.mp4,0.0560443289577961
xklmnjsqva.mp4,0.7416129112243652
xklnwrmaxq.mp4,0.9459514021873474
xkmkgakdqm.mp4,0.296701580286026
xkmvwzyaqv.mp4,0.9895809888839722
xkpsjzvoss.mp4,0.9574082493782043
xkpssaixjg.mp4,0.8651346564292908
xkpthizeuj.mp4,0.9437146186828613
xkqzvwznhl.mp4,0.059496670961380005
xkrhzvriqg.mp4,0.28289470076560974
xkrktrhuxv.mp4,0.9458348155021667
xksakcfxuk.mp4,0.8924543261528015
xkspwcmsid.mp4,0.2560669481754303
xkssscurqs.mp4,0.9495076537132263
xksyafiemp.mp4,0.8401854634284973
xktmelfems.mp4,0.886712372303009
xkttbfurhh.mp4,0.905343234539032
xktwgzpomg.mp4,0.5514698624610901
xktxmoeexp.mp4,0.904824435710907
xkublwkqhi.mp4,0.9047472476959229
xkukyjokbg.mp4,0.902797520160675
xkurqxmdnq.mp4,0.7255011796951294
xkvdncadav.mp4,0.9148485660552979
xkvnhplmdy.mp4,0.9807348847389221
xkxhviuxjp.mp4,0.9312505125999451
xkxibofjux.mp4,0.8995609879493713
xkxryjpmwk.mp4,0.28739920258522034
xkymybesey.mp4,0.8065341114997864
xkzavewqnh.mp4,0.059084925800561905
xlahpjsdxq.mp4,0.9577136635780334
xlaioofnws.mp4,0.8309767842292786
xlbqvbhjyu.mp4,0.9500446915626526
xlcbtcyrzh.mp4,0.6471192240715027
xlcjydbhsh.mp4,0.9331981539726257
xldnvpbneb.mp4,0.8893409371376038
xlduqztuoi.mp4,0.693499743938446
xleuufeoti.mp4,0.06152680888772011
xlfbhfwlte.mp4,0.07999245822429657
xlfbpvsfqm.mp4,0.892951488494873
xlgevjtsog.mp4,0.9700073003768921
xlghufwrke.mp4,0.6382570266723633
xlgwtpqtyj.mp4,0.9766545295715332
xlidewmffb.mp4,0.9247458577156067
xljfdhhgfi.mp4,0.9336198568344116
xljxbwqztb.mp4,0.8314231634140015
xljydsvlur.mp4,0.9522565007209778
xlkdujikry.mp4,0.6546721458435059
xlkmcijvsg.mp4,0.947137176990509
xlkqkmatgp.mp4,0.9095870852470398
xlkzrninyj.mp4,0.7311545014381409
xllkiqsfnc.mp4,0.8210766911506653
xllzvdxwiv.mp4,0.6245880126953125
xlmqpciqvw.mp4,0.9675580859184265
xlnaamlirk.mp4,0.7181966304779053
xlnaxrwvcx.mp4,0.8863964676856995
xlncoajjum.mp4,0.6877684593200684
xlnjrddfgd.mp4,0.4972414970397949
xlnovvjfhv.mp4,0.7781665325164795
xlpliewehj.mp4,0.08581969887018204
xlqvwogzww.mp4,0.9105488657951355
xlrjgmpfqe.mp4,0.5771557092666626
xlrlwolzfs.mp4,0.8729387521743774
xlrslctwat.mp4,0.7331305742263794
xlsdmekqyf.mp4,0.5802996754646301
xlsgcwoopy.mp4,0.9476655721664429
xltllxrdfg.mp4,0.6546340584754944
xltosanmhi.mp4,0.8808507919311523
xlubltdxza.mp4,0.13161519169807434
xlurhxaqcu.mp4,0.8828110098838806
xlvvoocsdb.mp4,0.7768141627311707
xlwkfjoxmm.mp4,0.7946887612342834
xlxffrtqhm.mp4,0.8978838920593262
xlxnrqzcrk.mp4,0.9365420937538147
xlxwcbdfps.mp4,0.975646436214447
xlycadmnzu.mp4,0.14966656267642975
xlyvwofsdz.mp4,0.9286591410636902
xlyxstdumn.mp4,0.8086821436882019
xlzopuigul.mp4,0.9020243287086487
xlzraxvakv.mp4,0.384745717048645
xlztcepaup.mp4,0.12369033694267273
xlzvqpfcde.mp4,0.39605820178985596
xmaltooilz.mp4,0.0796412006020546
xmbhmhwnhb.mp4,0.8233389854431152
xmbneugzsp.mp4,0.9105706810951233
xmchzktvty.mp4,0.6390132904052734
xmdfnldfyc.mp4,0.9125431180000305
xmdhsaalct.mp4,0.9627227783203125
xmdqvblbfh.mp4,0.9543978571891785
xmdviljuzz.mp4,0.8868321776390076
xmenaksqst.mp4,0.6451542377471924
xmephobexu.mp4,0.947568416595459
xmewblvhmq.mp4,0.06236951798200607
xmfaswgsqs.mp4,0.9361071586608887
xmftxmapnq.mp4,0.7143462300300598
xmhyaumawt.mp4,0.7359583973884583
xmidsivtbc.mp4,0.7493337988853455
xmigklprdt.mp4,0.891936719417572
xmiuokxjlx.mp4,0.8438308835029602
xmivfmjngt.mp4,0.953557550907135
xmivrtwlos.mp4,0.9537032246589661
xmjsnwltkc.mp4,0.8522518873214722
xmkqoawrev.mp4,0.8418991565704346
xmlfnnncxr.mp4,0.9064071774482727
xmlgvhkivr.mp4,0.691125750541687
xmlzbotcny.mp4,0.8695588707923889
xmmpljozqy.mp4,0.7062045931816101
xmnafyhinq.mp4,0.9063326120376587
xmnohpdmqa.mp4,0.7449305057525635
xmognwolwu.mp4,0.7983673810958862
xmpdvguwps.mp4,0.9325802326202393
xmpgdhqbqe.mp4,0.8692331910133362
xmphbtlrck.mp4,0.8728485107421875
xmpjhfried.mp4,0.07245548069477081
xmqbevczno.mp4,0.8492597937583923
xmqlfsjtgs.mp4,0.9466052651405334
xmrgsxxiek.mp4,0.7326900362968445
xmsfoxihuk.mp4,0.08746448159217834
xmsulpvcag.mp4,0.6614726185798645
xmsvfzvzln.mp4,0.9823538064956665
xmthxlnxfn.mp4,0.790740966796875
xmtpyqiklt.mp4,0.9493421912193298
xmtsjwlucl.mp4,0.6877678036689758
xmtsonmwbw.mp4,0.8955274820327759
xmugaqgobo.mp4,0.9422698020935059
xmulqkwpyk.mp4,0.9380518794059753
xmumdfcmad.mp4,0.2375786304473877
xmvdklxqym.mp4,0.5602771043777466
xmvtrebupa.mp4,0.9340119361877441
xmvytrqcpl.mp4,0.7881942391395569
xmwdivqczl.mp4,0.8798050880432129
xmweproioc.mp4,0.7467548847198486
xmwsagdeis.mp4,0.9467657804489136
xmxswrmfba.mp4,0.9224857091903687
xmydcntkxj.mp4,0.9448670148849487
xmzfmamfqy.mp4,0.20418860018253326
xnanaqvsbx.mp4,0.7122594118118286
xnanjpradc.mp4,0.292970210313797
xnazdhvdbw.mp4,0.9807616472244263
xncaumlnaf.mp4,0.9423988461494446
xnchgengsw.mp4,0.9374433159828186
xnclpblgip.mp4,0.9248555898666382
xncsoryrnz.mp4,0.568644642829895
xndaoxtmjk.mp4,0.8643448948860168
xndmjtayyd.mp4,0.8917683959007263
xneptoabue.mp4,0.8274741172790527
xngumtjmyj.mp4,0.9658873677253723
xnhhubddln.mp4,0.877790629863739
xnhkxwrxtj.mp4,0.9482229948043823
xnhndnkbhj.mp4,0.6822817325592041
xnhnyfffeu.mp4,0.17666107416152954
xniceiyqyb.mp4,0.95144122838974
xniszkvyiv.mp4,0.1131187155842781
xnjytizzgl.mp4,0.16303673386573792
xnkbfgrrvz.mp4,0.5307943820953369
xnkfiyuzga.mp4,0.04533418267965317
xnkumjgdfw.mp4,0.982538640499115
xnkzddgvmt.mp4,0.9639047384262085
xnljlvxxes.mp4,0.10522874444723129
xnlmsfumww.mp4,0.14809808135032654
xnmfdcmmwl.mp4,0.9388903975486755
xnmqcdyokn.mp4,0.7800142168998718
xnnpkexkmv.mp4,0.9899484515190125
xnnplucykw.mp4,0.6101431250572205
xnooobvepy.mp4,0.960608184337616
xnoskmqurr.mp4,0.7870969772338867
xnouupfpkw.mp4,0.938107430934906
xnpeljyqeu.mp4,0.8816041946411133
xnphxztlqt.mp4,0.8981642127037048
xnppyfbmlm.mp4,0.9358358383178711
xnqdgqaraj.mp4,0.9306545257568359
xnquvlotxa.mp4,0.8325716257095337
xnruhaarln.mp4,0.9099666476249695
xnrvqxocjg.mp4,0.822982132434845
xnrwmpxhrk.mp4,0.1815965175628662
xnslswafht.mp4,0.9326832890510559
xnsohfzwqy.mp4,0.880242109298706
xntovhysij.mp4,0.8201611638069153
xnubotvgff.mp4,0.8956506252288818
xnuqoyfhfm.mp4,0.7312891483306885
xnvvoscjjc.mp4,0.145961731672287
xnxuzpmktw.mp4,0.9719477891921997
xnydjwnzlz.mp4,0.900444507598877
xnydmgdhum.mp4,0.2393900603055954
xnyesmzssg.mp4,0.5414351224899292
xnytgehbnh.mp4,0.9785791039466858
xnyytgnoqn.mp4,0.9483350515365601
xnzbhulqim.mp4,0.2889357805252075
xnzdpxwrce.mp4,0.9443737864494324
xnzmsntcew.mp4,0.3937673270702362
xnzqffqczk.mp4,0.931395411491394
xoapkwkuia.mp4,0.7307453751564026
xobbzqqtqx.mp4,0.9659144878387451
xobskjwrsk.mp4,0.7292847037315369
xobukhdegf.mp4,0.2761509418487549
xodoqfbfag.mp4,0.23881247639656067
xodwvnneol.mp4,0.9788878560066223
xoelxhwhkm.mp4,0.04641018062829971
xofswkdrvb.mp4,0.1577092707157135
xoftlhonih.mp4,0.9415577054023743
xogslakysm.mp4,0.9548666477203369
xogusjcata.mp4,0.08254410326480865
xogwctpikv.mp4,0.4383719861507416
xohmwakhdb.mp4,0.5830845832824707
xoiwuzyxbd.mp4,0.861162006855011
xojauzdavy.mp4,0.6178520917892456
xojavkscdx.mp4,0.07894420623779297
xojgmgasuq.mp4,0.9406833648681641
xojuannegi.mp4,0.04178609326481819
xokshtsqbf.mp4,0.9386672377586365
xolffgtedl.mp4,0.9402133822441101
xoljqdmcpk.mp4,0.6501866579055786
xolmiheqtm.mp4,0.31467562913894653
xolonyryhe.mp4,0.8936267495155334
xolvnfinjt.mp4,0.7972573637962341
xomgjjjhhr.mp4,0.783139169216156
xonqtbsdti.mp4,0.8099146485328674
xootorsmyh.mp4,0.8723729848861694
xopxepmoav.mp4,0.9634227156639099
xopyhcaofq.mp4,0.7885301113128662
xorcelpbzl.mp4,0.8974264860153198
xorjeykqsr.mp4,0.9043166637420654
xorveoemph.mp4,0.2831602096557617
xorzknialr.mp4,0.23471976816654205
xotjbxkxyf.mp4,0.06882892549037933
xoumvznkrv.mp4,0.7702073454856873
xouyaqivfy.mp4,0.7390002012252808
xovvyvzqee.mp4,0.22605885565280914
xovzqpxhht.mp4,0.8243852853775024
xowepsvqqi.mp4,0.9425658583641052
xowpdtxjbl.mp4,0.7607635259628296
xoxtmvggfg.mp4,0.7273346185684204
xoxzdogmfx.mp4,0.06291507184505463
xoyijfhpgo.mp4,0.7749298214912415
xoywgwfidk.mp4,0.8274769186973572
xoyyfdrdts.mp4,0.9510617852210999
xoyynavepm.mp4,0.0951298326253891
xozfnqukes.mp4,0.8616220951080322
xozzwaekjl.mp4,0.8351351618766785
xpbbnilrkn.mp4,0.711415708065033
xpbgrrnxsy.mp4,0.9529909491539001
xpbigmirpz.mp4,0.5667689442634583
xpbrjbstgn.mp4,0.5863015055656433
xpckfehuoi.mp4,0.9773792624473572
xpcwhmqqtw.mp4,0.8754497170448303
xpdahpktpy.mp4,0.7621291279792786
xpdcurwcqa.mp4,0.9573297500610352
xpdktunzqf.mp4,0.692634105682373
xpdlabyztx.mp4,0.4036526679992676
xpdmujbsch.mp4,0.8687232732772827
xpdtudeepr.mp4,0.8084365129470825
xpduqgrskn.mp4,0.9888338446617126
xpdwisawdx.mp4,0.8888630867004395
xpdwqvnafq.mp4,0.6187919974327087
xpemvlvcqw.mp4,0.20507313311100006
xpeolpzxzb.mp4,0.8594766855239868
xpexotnioo.mp4,0.18444670736789703
xpeyuvgcqb.mp4,0.8584854602813721
xpfhawmzbe.mp4,0.7805023789405823
xpfqsouqpo.mp4,0.23018641769886017
xpfwswzdgw.mp4,0.8790858387947083
xphgsrhcev.mp4,0.874730110168457
xpifxynebo.mp4,0.9411975741386414
xpiujdvahv.mp4,0.9522040486335754
xpjoktrsdi.mp4,0.9274467825889587
xpjznusfxk.mp4,0.6786627173423767
xplegyuyte.mp4,0.6039175987243652
xpllnmqqbv.mp4,0.9216357469558716
xplqloyqlu.mp4,0.1466902792453766
xpltavotbe.mp4,0.9128255248069763
xpmuqugevj.mp4,0.8318482637405396
xpndzhodlh.mp4,0.9148602485656738
xpnmdbjxly.mp4,0.9416890740394592
xpnnkdnmno.mp4,0.9111628532409668
xpnqviexvo.mp4,0.9734582901000977
xpntwjlmjt.mp4,0.10594914108514786
xpopeovmlp.mp4,0.3513079285621643
xppimveozp.mp4,0.7219321131706238
xpptxuppxc.mp4,0.966227650642395
xpqgjhxikr.mp4,0.43879327178001404
xpqgzpwins.mp4,0.7132071256637573
xpqjfxfcrz.mp4,0.8389090299606323
xpqnexkjqw.mp4,0.5585379004478455
xprbrzabza.mp4,0.8695569634437561
xpriokkmhr.mp4,0.5474141836166382
xprzbzwwbi.mp4,0.8665220141410828
xpsiypjkio.mp4,0.9291818141937256
xpskuqhuam.mp4,0.8255610466003418
xpspcxmqqi.mp4,0.08507509529590607
xptgnpgfkn.mp4,0.5961889028549194
xptrdoszrj.mp4,0.9085890054702759
xpuntxtdbs.mp4,0.8495285511016846
xpvszipktd.mp4,0.957265317440033
xpvwmnsbfd.mp4,0.8047477006912231
xpwnhqnbin.mp4,0.900057315826416
xpwxosxopu.mp4,0.9325618147850037
xpxssnqedu.mp4,0.13531452417373657
xpywazpppp.mp4,0.9243918657302856
xqaojmjgxt.mp4,0.6122790575027466
xqavrcmpfc.mp4,0.07848391681909561
xqbctqmdog.mp4,0.961893618106842
xqbjizvmfu.mp4,0.8688646554946899
xqbxplkddj.mp4,0.8561914563179016
xqbyzltydd.mp4,0.130323588848114
xqckqkmsao.mp4,0.9584108591079712
xqdwstullw.mp4,0.9101252555847168
xqeinjfzco.mp4,0.974685788154602
xqeuvgclvw.mp4,0.9406002163887024
xqfljmfjui.mp4,0.48087331652641296
xqgieeldyp.mp4,0.8860780000686646
xqhfrphvuf.mp4,0.327923059463501
